resources/Input/dataET_raster/kriging_interpolated_20080722_1500.asc
NCOLS 189
NROWS 177
XLLCORNER 690600.0
YLLCORNER 5139200.0
CELLSIZE 100.0
NODATA_VALUE -9999
[rows 60 to 79 of 177, columns 132 to 175 of 189]
77.00111478203556 76.82732009234094 76.75430495243987 76.81274530494899 77.6208760624896 75.98947436561306 73.67093449636138 73.00457780757664 73.77440971306704 74.58490890494014 74.11586936234237 71.37103738386539 70.64337645927569 70.25335199754734 69.83868779848737 68.70776687525112 68.60504904760676 68.64616993713433 68.33667143916976 68.14977019715768 67.54149029806824 68.08727092260695 68.14977019715768 68.0664158161799 68.08727092260695 68.19138124961069 68.48141711045507 68.44011695165646 68.25371494627805 68.66671351172072 68.62561511274028 67.85726174739021 66.66613217375497 65.35395180857434 64.59468332279275 65.28740411937773 66.40660734282204 67.54149029806824 68.78973820681249 69.97748951335961 69.37858158449973 69.03456386405325 69.1360900851318 69.1360900851318
74.01399160922163 74.13280217302714 74.20039945808254 74.20039945808254 74.97850289792851 75.61698788558209 74.8318230233401 74.40190237921858 74.78268461063301 76.06606765513669 74.86451393279529 71.98845172150185 71.14316322942689 70.60459076177528 70.21408581769244 69.3987142183635 69.3987142183635 69.33828161847129 69.0142243243385 68.74877513100093 67.45687456636202 67.30838483708153 68.95313727360193 69.03456386405325 69.09551392754571 69.03456386405325 69.51926658849781 69.49920355007033 69.03456386405325 69.43894474448453 68.2121702087261 67.47804459761966 66.88126486588311 65.57514306426967 64.52716275097401 64.86391925000818 66.10196751163649 67.24458646281705 67.52035247310727 68.10811502780624 66.64456180245156 67.52035247310727 67.43569381895784 67.60483920641605
73.72273175311852 73.67093449636138 73.67093449636138 73.67093449636138 73.67093449636138 73.9458059995058 74.35170821871569 75.88165883017304 75.04333921866414 74.28459425248111 74.73342385790178 72.61018641929863 72.42885514341177 71.93288772154163 70.64337645927569 69.83868779848737 69.31811430366258 69.41883527457507 68.48141711045507 67.13804358727414 66.10196751163649 66.36320949360405 67.92012282385511 69.47912889085389 69.97748951335961 70.21408581769244 70.3317410206759 70.21408581769244 70.3513083671844 69.17662038598905 67.94105467638417 66.94560131418557 66.36320949360405 65.28740411937773 64.41444182793029 64.57218582267184 65.48678405615982 65.75138808641861 65.46466978240998 64.36928838946474 65.08723821435356 65.88315535606088 66.14560920661428 66.57978867539215
74.8318230233401 74.35170821871569 73.67093449636138 73.67093449636138 73.67093449636138 73.67093449636138 73.47999311751485 73.23467264405816 72.95116633487595 73.02235562680517 74.21726526271613 73.16410918232675 73.12874904767197 72.53780790835549 71.52196289041932 69.97748951335961 68.9123556356452 68.17058124265394 67.68915340420214 66.27629134288297 65.2207690999229 65.42041188233337 67.116703262358 68.52267256142025 68.74877513100093 69.07520867450171 69.93789087477916 70.15509714636764 70.31216170233223 69.15636097205045 68.3573828038262 67.39330021435761 66.18921046466073 64.72947114147041 63.98399703081259 63.68758971392895 64.09759273213366 63.55027571428742 62.7197743307148 62.997852359835434 63.067179236721515 64.21096014566908 64.30148878704807 65.10951744363963
75.30049420661702 75.30049420661702 75.18842074885282 74.31817813490379 74.40190237921858 74.21726526271613 73.60168618579661 73.47999311751485 73.07561098094814 72.70037006157555 73.25228080514196 73.72273175311852 73.67093449636138 73.0401204329813 72.13606606582783 70.932722069761 69.29793544591351 67.13804358727414 66.83832162439789 65.773374167489 64.52716275097401 64.07489181090077 66.36320949360405 67.15937334197471 67.41450236506655 67.83628624709925 68.97351102023494 70.19443483926614 69.93789087477916 68.70776687525112 67.56261736834463 66.70924184966535 65.6413090357585 65.10951744363963 64.61717145131773 63.96125061709339 62.789408802551684 62.15998383525603 62.089675335975954 62.11311966633752 61.90182832066598 62.556998367200684 63.27469265997341 64.14296716902794
75.71085866828162 75.69524815617235 75.63266762040094 75.26854187335704 75.44359883536379 74.94600280848107 74.08196359194866 73.05787221979472 73.0401204329813 72.57402286595321 71.72818348787855 74.04800432618214 73.87740712051644 73.19941706431956 72.33770917977053 71.29527697252597 69.99727110098767 68.0664158161799 65.773374167489 65.86121904847874 63.8473827882532 63.50443333799949 65.35395180857434 66.0145631388311 66.42829092540103 68.33667143916976 69.21710475980115 70.37086373374967 70.03679877132662 68.9938733734416 67.87822634991629 67.09535237703363 66.64456180245156 66.16741489537016 65.48678405615982 63.80177250840571 62.27700084915722 60.88346708595302 60.69243610768692 60.64460356850644 61.002616435710074 61.26407325391546 62.81260332208391 62.997852359835434
76.14231222289033 75.75760704563797 75.52261915522372 74.96225967664836 75.17235536766323 74.91344815069657 74.31817813490379 73.19941706431956 72.57402286595321 71.76551550840367 70.97109435828402 72.64629851536455 74.55175658816698 73.75719699125644 72.73635328380426 71.59712703683611 70.29257042027321 68.66671351172072 67.22329908685647 63.938495137958135 63.45855558911585 62.417149188294495 64.39186974561535 65.04265094286725 68.17058124265394 69.11580773402815 69.71925594442396 70.40993849467736 69.81881185367305 69.11580773402815 68.33667143916976 67.32962967816819 66.92416629982301 66.83832162439789 65.44254572096405 63.87017441853595 62.300379575257175 60.88346708595302 59.07441079831064 59.07441079831064 59.31789063863107 60.42899063971877 61.854785777763844 61.59547997366067
76.36894888801991 75.74203811715111 75.25254510123065 74.58490890494014 74.73342385790178 74.94600280848107 74.11586936234237 73.37517095597985 72.1176586074963 71.21931876028225 70.66275116177847 70.7980346117398 74.16662761799547 74.03100464633155 72.91549373742384 71.78416270254385 70.46846058447275 68.97351102023494 67.54149029806824 65.55306804624708 62.11311966633752 61.64269807573187 63.044078892060114 64.61717145131773 67.26586321967218 69.27774505393008 69.99727110098767 70.01704085641235 68.85109795072772 67.96197559338101 67.37208737651038 66.36320949360405 65.13178705442408 64.84153492162099 65.66334463055746 65.02034292198299 62.347112258513306 60.42899063971877 58.732424730327146 57.50091618387495 59.07441079831064 59.463654336327394 60.020110103895256 59.85114602106135
76.78355336295317 76.09660735564539 75.53838181769254 74.51855018010386 74.38518446145798 74.61800708947658 74.21726526271613 73.72273175311852 72.48338920549014 71.55956989666016 70.56575672720739 70.11571186014686 71.72818348787855 74.13280217302714 73.00457780757664 71.6533691200842 70.54632160341501 69.25754313642948 67.92012282385511 66.60139004323807 62.11311966633752 61.1453443985593 63.29770620248315 64.41444182793029 65.81731651739236 68.85109795072772 69.45904261945326 69.23732970213999 68.37808304660487 67.05261896443794 66.16741489537016 65.30959639990226 63.96125061709339 63.20559969174888 64.41444182793029 63.80177250840571 62.65006372855715 60.66852355999422 58.56095345468347 55.9787797349259 56.58007679614005 56.75487629906598 57.87197804065725 57.89666756838442
76.81274530494899 76.68093704434597 76.293753301495 74.9297322982261 74.11586936234237 73.89452681456692 74.03100464633155 73.91163319617937 72.98678698161912 71.6533691200842 70.25335199754734 69.67935151867606 70.8558309430153 70.932722069761 71.72818348787855 69.17662038598905 67.64701791056646 66.0145631388311 66.34149524723375 66.18921046466073 61.76060439611835 60.236836363744175 61.87831107124064 63.41264255717031 64.54967896178597 65.08723821435356 68.41945012971117 68.64616993713433 67.731245610891 66.66613217375497 65.66334463055746 64.45955812748755 63.228639393345375 61.453636344579714 62.76620578988034 62.463798943866635 61.73703905701624 60.42899063971877 59.07441079831064 55.9787797349259 54.99547533974449 55.14722885344138 56.17954740184946 56.30485840032034
76.94340957307509 76.91447204920777 77.21548953558457 76.11185627299649 74.51855018010386 73.75719699125644 73.75719699125644 73.63633679326557 72.51968116958939 71.29527697252597 70.17477194609053 69.37858158449973 69.29793544591351 69.17662038598905 68.17058124265394 66.75231003663708 65.72939208178674 64.54967896178597 63.43560347792558 62.997852359835434 59.17188320308196 59.899456836842994 61.1453443985593 62.463798943866635 63.182551292989935 63.366694331808375 65.15404703606954 68.08727092260695 67.89918004522025 66.96702584694746 65.59720824216762 62.789408802551684 61.80771110519974 60.020110103895256 62.06622285711262 61.972331688374325 60.42899063971877 59.366505749281146 57.30247442299118 55.85313357798807 54.79287906633882 54.05608941456881 54.53922766126123 55.19777593177707
76.97229049204515 76.53314455061408 76.82732009234094 77.42666794984297 76.32387357599393 74.36845307286578 74.20039945808254 73.37517095597985 72.15446083617829 71.55956989666016 70.60459076177528 70.21408581769244 69.77902470170707 69.3987142183635 68.17058124265394 66.92416629982301 65.35395180857434 63.71044418210421 62.487111327893054 58.48736963136183 58.044677022149905 58.87914761826275 59.947739409938215 61.1453443985593 61.76060439611835 61.972331688374325 63.32071100278693 65.42041188233337 67.05261896443794 66.94560131418557 64.79673780494915 62.51041536743855 60.45297708920845 59.05002604429073 61.477296602241694 60.788011622635075 60.47695620218998 58.60997739428307 57.128535018509375 55.85313357798807 54.64074166582237 53.21343692460067 53.520351623885176 53.95418195811608
76.62198899638253 75.77316210466685 75.97411390350433 76.97229049204515 77.17286999245204 75.47524834745586 75.63266762040094 73.96287240996092 71.93288772154163 71.98845172150185 71.63463425234207 70.42945787288272 69.43894474448453 68.74877513100093 67.64701791056646 66.05828546167737 65.02034292198299 63.20559969174888 61.21660484853693 57.995364945848195 57.30247442299118 57.723714282699646 59.14752511791933 60.11650461481969 60.76412896904661 61.16910557842148 62.487111327893054 63.87017441853595 65.30959639990226 64.90865939320818 63.938495137958135 62.81260332208391 61.38260861591309 58.29086734323944 57.970699736126214 58.732424730327146 59.24491722421065 58.340030707240956 57.27764313177507 56.30485840032034 54.74218454687012 53.111011076631954 52.18661251581952 53.264627420070724
75.83524356436048 75.22051036868748 75.55413066957637 76.69563882812245 77.25798122292612 76.66622116599876 76.44379390412526 75.52261915522372 72.44704597060813 72.48338920549014 74.250956614122 73.07561098094814 69.95769610184671 68.83065603070162 67.35086386121417 65.99268690076894 64.4821023229664 62.44047822683861 59.5364439648447 57.67424510055337 56.58007679614005 57.103663720864176 58.65897566556047 59.43937742415821 59.99599364404208 60.04421944291662 61.002616435710074 61.87831107124064 63.50443333799949 63.55027571428742 62.51041536743855 62.37046619263091 61.35891709359705 58.266276268449786 56.154469534086616 57.07878675755278 57.723714282699646 57.62475211812543 56.67999493022601 55.626653759567695 54.46304596378716 53.264627420070724 51.903290794020236 52.49524183525599
75.04333921866414 75.12407699435101 75.49105241577688 76.68093704434597 77.07292759916602 76.17271230119756 75.569865706581 75.0595141339926 73.32258244748877 73.12874904767197 75.52261915522372 75.10795680878581 73.87740712051644 70.40993849467736 70.77874483125818 69.51926658849781 67.7943025911028 62.11311966633752 59.269248445958034 57.87197804065725 56.53008524885647 56.32990484483254 57.62475211812543 57.723714282699646 58.976832010215674 58.069323864120776 59.92360165974703 60.88346708595302 61.854785777763844 61.99581664536372 61.07401482134426 60.69243610768692 59.8028070589647 57.47613135670545 55.65183807799534 55.374541374356724 56.405012444057945 56.55508371883044 55.677017451974486 54.69147204673332 53.31580283027115 52.18661251581952 51.38720701418707 51.41303924398418
74.46863923694403 74.7005154555228 75.25254510123065 76.00482089816875 76.12709123000698 76.59243047091654 75.20447241739258 75.0595141339926 73.42764123363273 73.89452681456692 75.4277534003319 75.02715063265526 74.60146476628864 72.98678698161912 70.9902621567422 70.07627904645416 69.07520867450171 62.27700084915722 59.34220158527669 57.92135103508201 56.58007679614005 55.77768525404019 55.878272947570295 56.154469534086616 56.405012444057945 56.405012444057945 58.732424730327146 60.28491854529287 59.899456836842994 62.15998383525603 60.40499686566493 58.87914761826275 57.4017418169646 55.92853650436265 54.944853741833995 54.25970394258012 54.64074166582237 54.84355550524772 54.36140941608669 53.520351623885176 52.263814543818754 51.82595517644696 51.180447066914816 49.62453844947771
73.84312781776606 74.43529778121781 74.9297322982261 75.14018348578315 75.34831961132805 75.91253283794988 76.050776879621 74.8318230233401 74.56833951052904 74.31817813490379 73.63633679326557 73.9458059995058 72.02543123998235 70.7980346117398 70.09600139011155 69.23732970213999 68.48141711045507 62.51041536743855 59.65762225948194 58.02002404529135 56.70496085784568 56.45505760723732 55.22304239735749 54.43764333235973 54.79287906633882 55.121948265649166 56.05410625107884 57.4017418169646 57.47613135670545 58.51190394466721 57.79787321449838 56.75487629906598 56.45505760723732 55.752525782535926 54.71683053814192 53.8267052987132 52.46954111779622 53.264627420070724 53.00852608376641 52.49524183525599 51.82595517644696 51.59378359061393 51.15458949496494 49.67653453149084
73.82596822043185 73.63633679326557 73.82596822043185 73.58434105758673 74.04800432618214 74.35170821871569 75.9433512062825 76.66622116599876 74.3013929158567 73.51482851914287 72.96898315526906 72.33770917977053 70.9902621567422 69.47912889085389 68.72827664611252 67.85726174739021 66.36320949360405 63.067179236721515 59.58493600612582 57.79787321449838 57.4017418169646 57.103663720864176 55.92853650436265 54.36140941608669 53.92869479252652 54.005143952488496 54.53922766126123 55.24830413057169 55.60146450916134 56.405012444057945 55.80283971875988 55.14722885344138 55.677017451974486 55.45022613357632 54.53922766126123 53.545902822050294 51.49051861893514 51.41303924398418 51.67120124057258 51.33553397146569 50.81819491810172 49.96236337306372 49.20828540195797 48.609110111845176
73.84312781776606 72.64629851536455 72.5921110714765 72.61018641929863 72.98678698161912 73.70547924834344 75.44359883536379 77.21548953558457 74.66755277929914 72.82608529501479 71.8772102246181 71.38994652409005 70.23372487317906 69.11580773402815 67.89918004522025 66.75231003663708 65.10951744363963 62.533711051030046 59.97187007538052 58.41372860525304 58.24167894816719 56.904490416750875 55.70219186903626 54.36140941608669 53.57145011174905 53.21343692460067 53.264627420070724 53.39253744256304 53.62253291585532 54.18338008561182 54.43764333235973 54.08155591479179 55.02077921490719 54.76753406043129 54.58999350403283 53.92869479252652 51.85173680751848 50.04027138788353 50.11815936396654 50.17007338589813 49.49451290400902 48.556966800682034 48.087411987947775 48.087411987947775
74.11586936234237 72.53780790835549 72.31944166894375 72.33770917977053 72.68235910133028 73.60168618579661 74.73342385790178 76.92894788523985 75.67962379115185 72.33770917977053 71.52196289041932 70.81731222907239 70.29257042027321 68.9123556356452 67.32962967816819 66.44996426646289 65.04265094286725 61.78416174939861 59.754440046990254 59.31789063863107 59.07441079831064 57.92135103508201 56.22968750664457 54.56461278652623 53.77568622765894 52.90598274313768 52.263814543818754 52.18661251581952 52.03212107424312 52.03212107424312 53.111011076631954 53.77568622765894 54.08155591479179 53.95418195811608 53.648068405314895 53.41810799599294 52.31526615247453 50.0662362893826 49.26034377619877 48.86973112996869 48.58303923037515 48.03521154043653 47.85246974574439 47.87857945241676
