resources/Input/dataET_raster/kriging_interpolated_20080722_1500.asc
NCOLS 189
NROWS 177
XLLCORNER 690600.0
YLLCORNER 5139200.0
CELLSIZE 100.0
NODATA_VALUE -9999
[rows 0 to 19 of 177, columns 132 to 175 of 189]
58.38916894200247 58.16784963715923 57.87197804065725 57.89666756838442 57.698982672831285 57.32729994948938 56.45505760723732 56.104298230072835 56.00389369672567 55.85313357798807 55.500658437172 55.27356111893935 55.07137305522695 54.61536980129391 55.3493034901678 55.727361316712475 55.45022613357632 55.45022613357632 55.65183807799534 55.9787797349259 56.22968750664457 56.32990484483254 56.58007679614005 57.32729994948938 57.45134067825733 57.89666756838442 58.4628289621892 58.90357857395257 59.12316034729366 59.269248445958034 59.366505749281146 58.976832010215674 58.21707539466999 58.143227457716414 58.21707539466999 58.340030707240956 58.41372860525304 58.707948170660075 59.02563465348272 60.140585350365 60.40499686566493 61.121575537889534 61.64269807573187 61.713465743755194
57.847282464219234 57.55046823495214 57.30247442299118 57.15340063809992 57.25280608821539 56.979222495481466 56.505081398646325 56.12938647267783 55.85313357798807 55.677017451974486 55.5510712622956 55.29881334998067 54.79287906633882 55.85313357798807 56.204620063517886 55.90340726051539 55.727361316712475 56.405012444057945 56.58007679614005 56.75487629906598 57.029015883494814 56.804769772154884 57.47613135670545 57.67424510055337 57.82258085139167 57.92135103508201 58.43828194940127 58.976832010215674 59.2935729214788 59.51218761878071 59.5364439648447 59.70604508164035 59.463654336327394 58.48736963136183 58.315452160260705 58.36460297191047 58.41372860525304 58.60997739428307 58.65897566556047 59.754440046990254 60.788011622635075 61.68988446800376 62.15998383525603 62.27700084915722
57.64950157820446 57.4017418169646 57.17826056724929 56.630046723061355 56.48007218062957 56.379981879140196 56.27980668748992 56.12938647267783 55.70219186903626 55.5510712622956 55.3493034901678 55.27356111893935 55.752525782535926 56.2547497187835 56.405012444057945 56.27980668748992 56.405012444057945 56.904490416750875 57.05390414096556 57.203114793573 57.30247442299118 57.47613135670545 57.42654416088989 57.92135103508201 58.16784963715923 58.266276268449786 58.41372860525304 58.92800296597048 59.2935729214788 59.60917167714595 59.92360165974703 60.06832164908704 60.26088107493307 59.754440046990254 58.90357857395257 58.38916894200247 58.51190394466721 58.53643188985638 58.60997739428307 59.22057926838217 60.21278442370621 61.26407325391546 61.94883864085297 62.20681527132881
57.27764313177507 57.103663720864176 56.67999493022601 56.58007679614005 56.32990484483254 56.154469534086616 55.92853650436265 55.70219186903626 55.60146450916134 55.45022613357632 55.677017451974486 55.65183807799534 56.17954740184946 56.77982578783399 56.72992131826473 56.804769772154884 56.32990484483254 57.00412199753475 57.52569514740879 57.64950157820446 57.77315956586567 57.77315956586567 57.847282464219234 57.79787321449838 58.24167894816719 58.43828194940127 58.51190394466721 58.90357857395257 59.2935729214788 59.68183714662426 59.97187007538052 60.26088107493307 60.47695620218998 60.40499686566493 59.56069343132657 58.60997739428307 58.53643188985638 58.58546862690562 58.634479744579195 58.976832010215674 59.68183714662426 60.66852355999422 61.52459356934235 61.477296602241694
58.09396455890354 57.45134067825733 57.203114793573 56.92940669268882 56.35494600858567 56.22968750664457 56.22968750664457 55.90340726051539 55.5258672907797 55.82798916423036 55.85313357798807 55.92853650436265 56.405012444057945 57.128535018509375 57.52569514740879 57.57523543415248 57.42654416088989 57.203114793573 57.47613135670545 57.723714282699646 58.19246562023934 57.970699736126214 58.11859909420043 58.24167894816719 58.16784963715923 58.38916894200247 58.51190394466721 58.87914761826275 59.196234590621685 59.65762225948194 60.308948762847955 60.71634119968736 60.76412896904661 60.859614516515265 60.140585350365 59.269248445958034 58.65897566556047 58.732424730327146 58.85471011109886 58.976832010215674 59.34220158527669 60.21278442370621 61.002616435710074 61.52459356934235
58.315452160260705 57.79787321449838 57.55046823495214 57.103663720864176 56.45505760723732 56.2547497187835 56.12938647267783 55.953660666652354 55.70219186903626 55.953660666652354 55.953660666652354 56.30485840032034 56.72992131826473 57.029015883494814 57.57523543415248 57.92135103508201 57.995364945848195 57.748439917822346 57.94602842843381 57.52569514740879 58.266276268449786 58.60997739428307 58.48736963136183 58.85471011109886 58.90357857395257 58.75689481177689 58.75689481177689 58.83026606466214 59.22057926838217 59.73024605245329 60.40499686566493 61.02642352327088 61.24034291521009 61.121575537889534 60.931149560887555 59.899456836842994 59.43937742415821 58.90357857395257 58.976832010215674 59.196234590621685 59.58493600612582 60.11650461481969 60.95497944268244 61.24034291521009
58.781358402791675 58.315452160260705 57.748439917822346 57.30247442299118 56.65502354782443 56.32990484483254 56.17954740184946 55.9787797349259 55.80283971875988 56.43003769090213 56.75487629906598 56.904490416750875 56.854641177808666 57.35211969889741 57.79787321449838 58.16784963715923 58.4628289621892 58.38916894200247 58.315452160260705 58.4628289621892 58.41372860525304 58.90357857395257 59.12316034729366 59.24491722421065 59.63340043229424 59.34220158527669 59.196234590621685 59.34220158527669 59.63340043229424 59.899456836842994 60.35698739166372 61.26407325391546 61.831252451870135 61.453636344579714 61.59547997366067 60.35698739166372 59.92360165974703 59.56069343132657 59.14752511791933 59.31789063863107 59.60917167714595 60.020110103895256 60.69243610768692 60.71634119968736
59.00123663806406 58.707948170660075 58.19246562023934 57.52569514740879 57.05390414096556 56.48007218062957 56.2547497187835 56.17954740184946 55.90340726051539 56.48007218062957 57.22796330468853 57.50091618387495 57.50091618387495 57.42654416088989 58.069323864120776 58.51190394466721 58.75689481177689 59.05002604429073 58.732424730327146 58.56095345468347 58.53643188985638 59.12316034729366 59.366505749281146 59.85114602106135 60.26088107493307 60.11650461481969 59.85114602106135 59.947739409938215 60.21278442370621 60.45297708920845 60.66852355999422 61.287795852875995 62.23021868565555 62.15998383525603 61.73703905701624 60.57279905031592 60.0924167103916 60.11650461481969 59.51218761878071 59.56069343132657 59.77862705318232 60.11650461481969 60.332971715627124 60.97880173823612
59.366505749281146 58.92800296597048 58.43828194940127 58.02002404529135 57.32729994948938 56.58007679614005 56.48007218062957 56.30485840032034 56.00389369672567 56.77982578783399 57.50091618387495 57.995364945848195 58.19246562023934 58.09396455890354 57.995364945848195 58.6834651449965 59.196234590621685 59.60917167714595 59.41509368084711 58.92800296597048 58.85471011109886 59.43937742415821 59.8028070589647 60.0924167103916 60.64460356850644 60.97880173823612 60.66852355999422 60.332971715627124 60.57279905031592 61.121575537889534 61.287795852875995 61.61909298257646 62.25361388211186 62.69654590703391 62.32375004888332 61.287795852875995 60.76412896904661 60.236836363744175 60.11650461481969 59.73024605245329 59.99599364404208 60.236836363744175 60.59674130175822 60.97880173823612
59.24491722421065 59.17188320308196 58.58546862690562 58.069323864120776 57.42654416088989 56.75487629906598 56.55508371883044 56.35494600858567 56.22968750664457 56.854641177808666 57.64950157820446 58.09396455890354 58.4628289621892 58.65897566556047 58.65897566556047 58.75689481177689 59.24491722421065 59.92360165974703 60.164658905025554 59.82698005227662 59.02563465348272 59.60917167714595 60.18872526680371 60.62067614512554 60.95497944268244 61.38260861591309 61.35891709359705 60.859614516515265 60.859614516515265 61.35891709359705 61.73703905701624 62.089675335975954 62.62680999661297 63.13642844910304 62.83578933708652 61.972331688374325 61.33521778448066 60.45297708920845 60.42899063971877 59.99599364404208 60.11650461481969 60.47695620218998 60.931149560887555 61.287795852875995
59.60917167714595 59.02563465348272 58.41372860525304 57.723714282699646 57.25280608821539 56.75487629906598 56.55508371883044 56.48007218062957 56.32990484483254 56.75487629906598 57.50091618387495 58.21707539466999 58.56095345468347 58.83026606466214 59.02563465348272 58.781358402791675 59.269248445958034 59.99599364404208 60.47695620218998 60.500927966723964 59.2935729214788 60.020110103895256 60.26088107493307 61.002616435710074 61.42996825314703 61.831252451870135 62.06622285711262 61.68988446800376 61.477296602241694 61.831252451870135 62.27700084915722 62.83578933708652 63.251670386508316 63.71044418210421 63.45855558911585 63.067179236721515 62.487111327893054 61.68988446800376 61.31151070031991 61.121575537889534 60.859614516515265 61.02642352327088 61.59547997366067 62.06622285711262
58.707948170660075 58.38916894200247 57.94602842843381 58.044677022149905 57.42654416088989 56.75487629906598 56.65502354782443 56.67999493022601 56.35494600858567 56.75487629906598 57.22796330468853 57.89666756838442 58.41372860525304 59.02563465348272 59.31789063863107 59.269248445958034 59.56069343132657 59.97187007538052 60.62067614512554 61.002616435710074 59.487924405238886 60.0924167103916 60.40499686566493 60.88346708595302 61.21660484853693 62.06622285711262 62.580277304489876 62.67330903584047 62.300379575257175 62.8821358079731 63.20559969174888 63.59608262855832 64.07489181090077 63.7332897067531 63.527358953309395 62.95159144594093 62.83578933708652 62.463798943866635 62.32375004888332 62.27700084915722 61.972331688374325 61.831252451870135 62.51041536743855 63.090270951989076
59.17188320308196 59.14752511791933 58.805815491157134 58.29086734323944 57.698982672831285 57.25280608821539 57.029015883494814 56.804769772154884 56.55508371883044 56.9543173897329 57.30247442299118 57.94602842843381 58.75689481177689 59.34220158527669 59.77862705318232 59.99599364404208 59.68183714662426 60.164658905025554 60.788011622635075 61.35891709359705 60.859614516515265 60.04421944291662 60.47695620218998 60.859614516515265 61.61909298257646 62.13655583662101 62.67330903584047 63.182551292989935 63.527358953309395 63.75612627675841 63.66472631335162 63.98399703081259 64.75190281341075 64.05218176914126 63.64185399150377 63.15949420834643 62.92844812421709 62.8821358079731 63.32071100278693 63.43560347792558 64.39186974561535 65.08723821435356 63.366694331808375 64.1883049919159
59.947739409938215 59.73024605245329 58.90357857395257 58.43828194940127 57.89666756838442 57.47613135670545 57.05390414096556 56.92940669268882 56.75487629906598 56.979222495481466 57.42654416088989 57.79787321449838 58.732424730327146 59.70604508164035 60.35698739166372 60.76412896904661 60.332971715627124 60.28491854529287 60.90731210469493 61.68988446800376 61.90182832066598 60.931149560887555 60.57279905031592 61.121575537889534 61.59547997366067 62.32375004888332 62.858966836175426 63.20559969174888 63.80177250840571 64.4821023229664 64.86391925000818 65.17629737794698 65.30959639990226 64.30148878704807 64.05218176914126 63.66472631335162 63.89295702762404 64.88629407744637 64.21096014566908 64.61717145131773 65.2207690999229 67.7943025911028 68.14977019715768 65.90508167787077
60.52489237087561 60.0924167103916 59.463654336327394 58.36460297191047 58.21707539466999 57.67424510055337 57.103663720864176 57.07878675755278 56.879568574322406 57.05390414096556 57.87197804065725 58.315452160260705 58.58546862690562 59.366505749281146 60.788011622635075 61.453636344579714 61.26407325391546 61.02642352327088 60.88346708595302 61.854785777763844 62.37046619263091 61.66629524143607 61.05022298909006 61.09779900821515 61.57185906068088 62.37046619263091 62.95159144594093 63.366694331808375 63.8473827882532 64.52716275097401 65.10951744363963 65.55306804624708 65.48678405615982 64.63965019742362 64.7743250381595 64.99802532522898 65.26520213548558 65.97080062533531 65.66334463055746 65.773374167489 66.51492273947932 67.77329445436303 71.44659951515763 67.60483920641605
60.69243610768692 60.18872526680371 59.8028070589647 58.732424730327146 58.51190394466721 57.599996732659555 57.203114793573 57.203114793573 56.9543173897329 57.203114793573 58.21707539466999 58.90357857395257 59.366505749281146 59.463654336327394 60.76412896904661 61.78416174939861 62.25361388211186 62.13655583662101 61.66629524143607 61.90182832066598 62.65006372855715 62.463798943866635 61.972331688374325 61.21660484853693 61.713465743755194 62.487111327893054 63.067179236721515 63.55027571428742 63.91573060445112 64.4821023229664 65.17629737794698 65.97080062533531 65.773374167489 65.15404703606954 65.53098319856838 65.88315535606088 66.38491352884647 66.75231003663708 66.79533665479059 66.83832162439789 67.96197559338101 70.77874483125818 73.25228080514196 71.96994301075766
61.38260861591309 61.121575537889534 59.8028070589647 59.51218761878071 58.83026606466214 57.995364945848195 57.35211969889741 57.35211969889741 57.17826056724929 57.35211969889741 58.43828194940127 59.68183714662426 60.38099577899555 60.835754408240014 61.1453443985593 61.831252451870135 62.95159144594093 63.090270951989076 62.533711051030046 62.15998383525603 62.95159144594093 63.182551292989935 62.76620578988034 62.23021868565555 62.04276224132976 62.27700084915722 63.044078892060114 63.50443333799949 64.34669777037954 64.90865939320818 65.59720824216762 66.03642932922864 66.2327712039704 66.53655501345263 66.38491352884647 66.73078113426457 67.39330021435761 67.96197559338101 69.95769610184671 71.08591738284683 73.23467264405816 72.37420590369256 73.89452681456692 73.63633679326557
62.089675335975954 61.26407325391546 60.62067614512554 60.06832164908704 59.487924405238886 58.315452160260705 57.47613135670545 57.47613135670545 57.52569514740879 57.55046823495214 58.781358402791675 59.97187007538052 60.97880173823612 61.59547997366067 62.04276224132976 62.556998367200684 63.55027571428742 63.43560347792558 63.27469265997341 62.97472619492864 63.228639393345375 63.8473827882532 63.182551292989935 62.74299429546691 62.65006372855715 62.67330903584047 62.97472619492864 63.71044418210421 64.21096014566908 65.17629737794698 65.55306804624708 66.44996426646289 66.34149524723375 67.18069251666218 67.60483920641605 67.92012282385511 68.54328349861375 70.13541044831126 73.25228080514196 75.80423059795484 76.75430495243987 77.46851926952624 76.24846786232112 75.17235536766323
62.97472619492864 61.90182832066598 61.713465743755194 61.38260861591309 60.47695620218998 59.00123663806406 58.02002404529135 57.52569514740879 57.723714282699646 57.748439917822346 58.43828194940127 59.68183714662426 61.38260861591309 62.11311966633752 63.32071100278693 63.824582147849455 63.91573060445112 63.55027571428742 63.41264255717031 63.50443333799949 63.80177250840571 64.36928838946474 63.824582147849455 63.251670386508316 63.067179236721515 63.090270951989076 63.20559969174888 63.77895388101019 64.07489181090077 64.90865939320818 65.48678405615982 66.44996426646289 66.60139004323807 67.47804459761966 70.15509714636764 70.81731222907239 70.13541044831126 73.75719699125644 74.68404089913486 75.89710278700427 76.94340957307509 77.9607105025755 78.90164956086267 77.3285163772036
63.044078892060114 62.81260332208391 62.74299429546691 61.35891709359705 60.308948762847955 59.02563465348272 58.315452160260705 57.62475211812543 57.77315956586567 58.11859909420043 58.732424730327146 59.65762225948194 60.57279905031592 61.78416174939861 63.66472631335162 64.36928838946474 64.16564066271228 63.87017441853595 64.09759273213366 64.12028452184013 64.52716275097401 65.08723821435356 64.61717145131773 63.91573060445112 63.50443333799949 63.41264255717031 63.366694331808375 63.71044418210421 64.21096014566908 64.68457949912516 65.57514306426967 66.29803616171128 66.51492273947932 68.04554971787907 69.77902470170707 72.37420590369256 72.8797692403196 73.87740712051644 75.10795680878581 76.02015349727483 76.91447204920777 77.87996611522415 78.82720922911389 79.78821344072527
