resources/Input/dataET_raster/kriging_interpolated_20080722_1500.asc
NCOLS 189
NROWS 177
XLLCORNER 690600.0
YLLCORNER 5139200.0
CELLSIZE 100.0
NODATA_VALUE -9999
[rows 40 to 59 of 177, columns 132 to 175 of 189]
67.56261736834463 67.75227545778965 68.2121702087261 68.44011695165646 68.66671351172072 68.56388323144834 68.23294811070886 67.87822634991629 67.83628624709925 67.89918004522025 67.62593395502226 67.92012282385511 67.58373367432705 67.66809106347947 67.7943025911028 66.92416629982301 65.99268690076894 65.99268690076894 66.8597984661233 66.98843988822398 66.94560131418557 67.24458646281705 67.35086386121417 67.41450236506655 66.83832162439789 67.24458646281705 67.00984342813993 65.48678405615982 64.57218582267184 65.26520213548558 64.9310151865744 65.70738616399255 65.15404703606954 65.57514306426967 65.75138808641861 65.6853703434439 66.60139004323807 67.35086386121417 67.45687456636202 66.6876921928291 65.42041188233337 65.57514306426967 65.66334463055746 65.57514306426967
67.18069251666218 67.30838483708153 67.77329445436303 68.04554971787907 68.33667143916976 68.27447070616331 68.0664158161799 67.731245610891 67.18069251666218 67.00984342813993 66.51492273947932 66.83832162439789 66.40660734282204 66.8597984661233 66.42829092540103 66.42829092540103 65.55306804624708 64.36928838946474 64.90865939320818 64.9310151865744 64.54967896178597 64.81914110302016 64.7743250381595 64.57218582267184 64.81914110302016 65.81731651739236 65.59720824216762 64.54967896178597 63.251670386508316 64.02946261786235 63.824582147849455 64.3240978992685 63.98399703081259 64.52716275097401 64.70703003311405 65.02034292198299 65.81731651739236 66.14560920661428 66.08013152590208 65.88315535606088 65.6413090357585 65.02034292198299 64.52716275097401 64.09759273213366
66.81683435063958 66.70924184966535 66.94560131418557 67.22329908685647 67.39330021435761 66.9027208137542 66.8597984661233 66.60139004323807 66.31977079988371 65.99268690076894 65.66334463055746 65.37611491560591 64.97569816328372 64.97569816328372 64.43700462551624 64.25624288298309 63.71044418210421 62.95159144594093 63.29770620248315 63.251670386508316 63.067179236721515 63.090270951989076 63.044078892060114 63.090270951989076 62.92844812421709 62.97472619492864 63.11335402655121 63.11335402655121 62.06622285711262 63.044078892060114 62.81260332208391 63.11335402655121 63.11335402655121 63.43560347792558 63.57318360975944 64.05218176914126 65.06494937721149 64.6621195502952 64.63965019742362 64.43700462551624 64.1883049919159 63.7332897067531 64.25624288298309 63.366694331808375
66.73078113426457 66.31977079988371 66.25453635357441 66.81683435063958 66.8597984661233 66.42829092540103 65.06494937721149 64.70703003311405 64.84153492162099 64.95336144683391 64.54967896178597 64.21096014566908 63.8473827882532 63.32071100278693 62.8821358079731 62.62680999661297 62.20681527132881 61.90182832066598 62.089675335975954 62.019293500215454 61.972331688374325 61.66629524143607 61.713465743755194 61.80771110519974 61.66629524143607 61.54823025533897 61.453636344579714 61.57185906068088 61.64269807573187 62.089675335975954 62.11311966633752 62.417149188294495 62.60354785144331 62.62680999661297 62.789408802551684 63.366694331808375 63.32071100278693 62.95159144594093 62.8821358079731 62.67330903584047 62.533711051030046 62.25361388211186 62.69654590703391 63.55027571428742
67.03123645682987 66.44996426646289 66.05828546167737 66.14560920661428 66.14560920661428 65.75138808641861 64.75190281341075 64.41444182793029 63.7332897067531 63.75612627675841 63.20559969174888 62.905296241108495 62.32375004888332 61.972331688374325 61.831252451870135 61.713465743755194 61.50094901440382 61.38260861591309 61.35891709359705 61.31151070031991 61.09779900821515 61.02642352327088 61.02642352327088 61.05022298909006 60.90731210469493 60.788011622635075 60.66852355999422 60.500927966723964 60.64460356850644 60.69243610768692 60.740238824103116 61.477296602241694 61.57185906068088 61.66629524143607 61.90182832066598 61.76060439611835 61.477296602241694 61.453636344579714 61.57185906068088 61.64269807573187 61.50094901440382 61.38260861591309 61.07401482134426 61.68988446800376
66.92416629982301 66.10196751163649 65.6853703434439 65.26520213548558 65.33177896648853 65.2207690999229 64.1883049919159 63.91573060445112 63.50443333799949 62.95159144594093 62.76620578988034 62.15998383525603 61.831252451870135 61.831252451870135 61.90182832066598 62.23021868565555 62.347112258513306 62.25361388211186 62.089675335975954 61.38260861591309 61.453636344579714 61.33521778448066 61.05022298909006 60.859614516515265 60.69243610768692 60.59674130175822 60.54884940271477 60.47695620218998 60.45297708920845 60.35698739166372 60.35698739166372 60.35698739166372 60.47695620218998 61.477296602241694 61.54823025533897 60.97880173823612 60.26088107493307 60.500927966723964 60.64460356850644 60.95497944268244 60.81188677299057 60.81188677299057 60.835754408240014 59.899456836842994
65.61926356948099 64.99802532522898 64.52716275097401 64.21096014566908 63.91573060445112 63.34370704964097 62.7197743307148 62.7197743307148 62.69654590703391 62.65006372855715 62.32375004888332 61.972331688374325 61.831252451870135 61.87831107124064 62.67330903584047 63.251670386508316 63.32071100278693 62.97472619492864 62.60354785144331 62.089675335975954 61.90182832066598 61.73703905701624 61.59547997366067 61.54823025533897 61.09779900821515 61.05022298909006 60.97880173823612 60.52489237087561 60.38099577899555 60.332971715627124 60.26088107493307 60.18872526680371 60.140585350365 60.140585350365 60.140585350365 59.947739409938215 59.899456836842994 59.947739409938215 60.04421944291662 60.164658905025554 60.500927966723964 60.308948762847955 60.164658905025554 59.41509368084711
65.13178705442408 64.63965019742362 64.09759273213366 63.481498879538904 63.044078892060114 62.76620578988034 62.347112258513306 62.20681527132881 62.15998383525603 62.15998383525603 61.99581664536372 61.90182832066598 62.04276224132976 62.25361388211186 63.044078892060114 63.66472631335162 63.938495137958135 64.07489181090077 63.55027571428742 62.92844812421709 62.347112258513306 62.62680999661297 62.789408802551684 62.533711051030046 62.32375004888332 62.11311966633752 62.18340365067812 61.9253375144111 60.931149560887555 60.88346708595302 60.54884940271477 60.332971715627124 60.28491854529287 60.164658905025554 60.164658905025554 59.99599364404208 59.899456836842994 59.899456836842994 59.899456836842994 59.899456836842994 60.18872526680371 60.164658905025554 60.04421944291662 59.07441079831064
64.75190281341075 64.43700462551624 64.27887044464235 63.182551292989935 62.69654590703391 62.533711051030046 62.39381183972596 62.27700084915722 62.18340365067812 62.11311966633752 61.99581664536372 62.06622285711262 62.300379575257175 62.69654590703391 63.389672838059184 64.02946261786235 64.61717145131773 64.9310151865744 64.43700462551624 63.20559969174888 63.59608262855832 63.96125061709339 64.21096014566908 63.98399703081259 63.71044418210421 63.481498879538904 63.32071100278693 62.997852359835434 62.13655583662101 61.64269807573187 61.54823025533897 61.287795852875995 61.54823025533897 61.54823025533897 60.859614516515265 60.52489237087561 60.11650461481969 59.899456836842994 59.899456836842994 59.899456836842994 59.899456836842994 59.899456836842994 59.899456836842994 59.73024605245329
64.45955812748755 64.23360611300967 63.77895388101019 63.20559969174888 62.65006372855715 62.65006372855715 62.76620578988034 62.76620578988034 62.487111327893054 62.23021868565555 62.23021868565555 62.69654590703391 62.858966836175426 62.95159144594093 64.05218176914126 64.57218582267184 64.7743250381595 64.90865939320818 64.41444182793029 64.09759273213366 64.59468332279275 64.99802532522898 64.95336144683391 65.24299045880484 65.08723821435356 64.7743250381595 64.90865939320818 64.52716275097401 63.87017441853595 62.789408802551684 63.15949420834643 63.389672838059184 63.11335402655121 63.61897275952408 62.81260332208391 62.25361388211186 61.35891709359705 60.52489237087561 59.97187007538052 60.04421944291662 60.59674130175822 60.38099577899555 60.47695620218998 60.42899063971877
64.09759273213366 63.89295702762404 63.32071100278693 63.090270951989076 62.97472619492864 63.20559969174888 63.43560347792558 63.366694331808375 62.97472619492864 62.7197743307148 62.905296241108495 63.15949420834643 63.50443333799949 64.00673436807875 64.61717145131773 64.9310151865744 64.95336144683391 64.99802532522898 64.6621195502952 64.43700462551624 65.83927276547082 66.2327712039704 65.9489043228323 66.16741489537016 66.40660734282204 66.55817699544518 66.88126486588311 66.55817699544518 65.72939208178674 64.50463720108264 65.57514306426967 65.773374167489 65.2207690999229 65.2207690999229 64.7743250381595 64.12028452184013 62.74299429546691 61.80771110519974 61.1453443985593 60.71634119968736 61.35891709359705 61.59547997366067 61.24034291521009 60.835754408240014
64.34669777037954 63.8473827882532 63.61897275952408 63.34370704964097 63.34370704964097 63.68758971392895 64.23360611300967 64.02946261786235 63.57318360975944 63.43560347792558 63.98399703081259 64.41444182793029 65.33177896648853 65.02034292198299 64.6621195502952 65.13178705442408 65.19853806943559 65.15404703606954 65.15404703606954 65.06494937721149 66.44996426646289 67.43569381895784 67.05261896443794 67.24458646281705 67.92012282385511 68.48141711045507 68.31594896185325 68.14977019715768 67.81529985851087 66.27629134288297 66.53655501345263 66.49328018359941 66.42829092540103 66.27629134288297 65.92699800357083 65.44254572096405 64.63965019742362 62.92844812421709 62.15998383525603 61.57185906068088 61.50094901440382 62.019293500215454 61.94883864085297 61.61909298257646
65.37611491560591 64.54967896178597 64.72947114147041 65.04265094286725 64.50463720108264 64.9310151865744 64.95336144683391 64.84153492162099 65.26520213548558 65.42041188233337 65.66334463055746 66.6229810889368 66.60139004323807 66.05828546167737 65.13178705442408 65.53098319856838 65.6413090357585 65.6853703434439 65.75138808641861 65.81731651739236 66.51492273947932 68.29521538110482 68.44011695165646 68.50205042898982 69.19686831816358 69.91807384049869 69.63940030205195 69.19686831816358 68.81020277973958 67.58373367432705 67.37208737651038 67.35086386121417 67.32962967816819 67.00984342813993 66.57978867539215 66.34149524723375 65.66334463055746 63.824582147849455 63.15949420834643 62.39381183972596 61.9253375144111 61.78416174939861 62.06622285711262 62.019293500215454
67.09535237703363 66.94560131418557 66.31977079988371 66.6229810889368 66.44996426646289 66.08013152590208 65.86121904847874 66.18921046466073 66.83832162439789 68.41945012971117 69.41883527457507 67.87822634991629 67.45687456636202 66.64456180245156 66.08013152590208 66.03642932922864 66.27629134288297 66.40660734282204 66.6229810889368 66.75231003663708 67.89918004522025 68.66671351172072 69.97748951335961 69.73919058949848 69.21710475980115 69.37858158449973 68.85109795072772 68.66671351172072 68.44011695165646 68.12894812243421 68.4607726149593 68.64616993713433 68.4607726149593 67.87822634991629 67.47804459761966 67.45687456636202 67.37208737651038 65.26520213548558 64.05218176914126 63.527358953309395 62.7197743307148 61.99581664536372 61.972331688374325 62.019293500215454
67.94105467638417 67.94105467638417 67.43569381895784 67.81529985851087 67.58373367432705 67.26586321967218 67.58373367432705 68.9938733734416 68.89194776214312 70.23372487317906 69.85855197797082 69.35843738164486 68.37808304660487 67.54149029806824 66.94560131418557 66.98843988822398 67.05261896443794 67.68915340420214 68.04554971787907 68.3573828038262 68.74877513100093 69.51926658849781 69.09551392754571 68.62561511274028 68.23294811070886 68.02467263706886 67.62593395502226 67.37208737651038 67.24458646281705 67.26586321967218 68.00378458312397 68.27447070616331 68.44011695165646 68.89194776214312 68.72827664611252 68.60504904760676 68.41945012971117 67.15937334197471 65.30959639990226 64.36928838946474 63.8473827882532 62.789408802551684 62.32375004888332 62.347112258513306
68.70776687525112 69.1360900851318 70.40993849467736 69.47912889085389 69.25754313642948 68.50205042898982 68.58447175081287 70.03679877132662 70.54632160341501 71.6533691200842 71.16222058426703 70.01704085641235 69.27774505393008 68.50205042898982 68.19138124961069 68.60504904760676 68.76926232090206 69.1360900851318 69.73919058949848 69.89824500735865 69.51926658849781 69.19686831816358 68.4607726149593 67.85726174739021 67.41450236506655 67.13804358727414 66.88126486588311 66.60139004323807 66.40660734282204 66.34149524723375 66.6229810889368 66.77382854680268 67.20200110154875 68.10811502780624 69.1360900851318 69.33828161847129 69.25754313642948 67.89918004522025 66.81683435063958 65.6853703434439 64.99802532522898 63.71044418210421 63.20559969174888 63.067179236721515
69.81881185367305 70.03679877132662 71.12409357249777 71.52196289041932 71.40884326434053 69.65938175497365 70.66275116177847 71.38994652409005 71.25732256144757 72.09923846813837 72.15446083617829 71.12409357249777 69.99727110098767 69.27774505393008 68.87152853085792 69.75911351141183 70.09600139011155 70.15509714636764 70.01704085641235 69.35843738164486 69.11580773402815 68.87152853085792 68.14977019715768 67.37208737651038 66.94560131418557 66.79533665479059 66.47162735589635 66.21099590426485 66.05828546167737 65.90508167787077 65.86121904847874 65.88315535606088 66.2327712039704 66.96702584694746 67.77329445436303 68.3573828038262 69.65938175497365 69.61940716842497 68.56388323144834 67.28712934767326 65.99268690076894 65.13178705442408 64.43700462551624 64.14296716902794
72.53780790835549 71.6533691200842 73.25228080514196 73.39267419335864 74.65105110104604 71.42772759717342 71.61588688882787 72.08080565472157 72.7902312735203 73.39267419335864 72.64629851536455 71.80279734300565 70.7980346117398 69.83868779848737 69.27774505393008 69.31811430366258 69.21710475980115 69.33828161847129 69.19686831816358 69.0142243243385 68.72827664611252 68.39877215829868 67.68915340420214 67.03123645682987 66.66613217375497 66.49328018359941 66.29803616171128 66.18921046466073 66.14560920661428 66.0145631388311 65.99268690076894 65.773374167489 65.61926356948099 65.79535031460746 66.44996426646289 67.56261736834463 68.39877215829868 69.73919058949848 70.70146423469973 69.3987142183635 68.66671351172072 66.73078113426457 65.83927276547082 65.28740411937773
74.91344815069657 73.96287240996092 74.66755277929914 76.02015349727483 76.60721677267091 76.47363365184715 72.93333652680234 72.33770917977053 73.41016428792112 73.63633679326557 72.89763797312906 71.91434115721981 71.40884326434053 70.13541044831126 68.97351102023494 68.6872458274419 68.83065603070162 68.76926232090206 68.44011695165646 68.27447070616331 68.44011695165646 68.10811502780624 67.64701791056646 66.94560131418557 66.83832162439789 66.83832162439789 66.6876921928291 66.57978867539215 66.53655501345263 66.66613217375497 66.53655501345263 66.40660734282204 65.79535031460746 65.06494937721149 65.48678405615982 66.25453635357441 67.45687456636202 68.54328349861375 69.91807384049869 70.87507202401815 70.15509714636764 68.95313727360193 67.35086386121417 66.70924184966535
76.97229049204515 76.50341720987652 75.49105241577688 77.30034498041793 77.27211669347642 75.569865706581 73.68821349415462 72.66433525040316 73.28745783897317 73.41016428792112 72.91549373742384 71.21931876028225 70.40993849467736 69.75911351141183 69.05489198372443 68.48141711045507 68.3573828038262 68.23294811070886 68.00378458312397 67.81529985851087 67.85726174739021 67.64701791056646 67.56261736834463 67.35086386121417 67.43569381895784 67.52035247310727 67.52035247310727 67.43569381895784 67.24458646281705 67.60483920641605 67.49920390308125 67.09535237703363 66.21099590426485 65.13178705442408 64.95336144683391 65.59720824216762 66.9027208137542 68.08727092260695 69.29793544591351 70.39040711227547 70.31216170233223 70.68211375622181 68.62561511274028 67.89918004522025
