resources/Input/dataET_raster/kriging_interpolated_20080722_1500.asc
NCOLS 189
NROWS 177
XLLCORNER 690600.0
YLLCORNER 5139200.0
CELLSIZE 100.0
NODATA_VALUE -9999
[rows 120 to 139 of 177, columns 88 to 131 of 189]
56.854641177808666 57.55046823495214 58.315452160260705 59.02563465348272 59.899456836842994 60.71634119968736 61.80771110519974 62.76620578988034 63.77895388101019 64.57218582267184 65.6413090357585 66.51492273947932 68.04554971787907 69.47912889085389 71.29527697252597 71.78416270254385 72.35596392695408 74.04800432618214 76.33891269689315 72.91549373742384 71.38994652409005 70.9902621567422 69.97748951335961 68.72827664611252 67.98288556542954 67.47804459761966 66.79533665479059 66.47162735589635 66.29803616171128 66.03642932922864 65.70738616399255 65.24299045880484 64.99802532522898 64.6621195502952 64.75190281341075 64.59468332279275 64.52716275097401 63.527358953309395 63.27469265997341 63.57318360975944 62.858966836175426 62.580277304489876 62.089675335975954 61.35891709359705
57.103663720864176 57.62475211812543 58.53643188985638 59.2935729214788 59.947739409938215 60.740238824103116 61.713465743755194 62.67330903584047 63.98399703081259 65.2207690999229 66.31977079988371 67.32962967816819 68.17058124265394 68.9123556356452 69.51926658849781 70.19443483926614 70.9902621567422 72.28286838363161 77.14438596977662 74.8318230233401 72.20956894998625 71.40884326434053 70.37086373374967 69.45904261945326 68.6872458274419 67.60483920641605 66.9027208137542 66.49328018359941 66.0145631388311 65.81731651739236 65.15404703606954 64.39186974561535 64.02946261786235 63.61897275952408 63.481498879538904 63.15949420834643 62.7197743307148 62.15998383525603 61.78416174939861 62.39381183972596 62.18340365067812 61.54823025533897 61.121575537889534 60.38099577899555
56.77982578783399 57.723714282699646 58.65897566556047 59.56069343132657 60.45297708920845 61.33521778448066 62.25361388211186 63.15949420834643 64.3240978992685 65.26520213548558 66.2327712039704 66.8597984661233 67.26586321967218 67.83628624709925 68.72827664611252 69.27774505393008 70.39040711227547 73.70547924834344 77.4963488848801 76.71032651406387 73.0401204329813 72.02543123998235 70.97109435828402 69.97748951335961 68.95313727360193 67.89918004522025 67.18069251666218 66.36320949360405 65.99268690076894 65.70738616399255 64.97569816328372 64.14296716902794 63.57318360975944 63.044078892060114 62.417149188294495 62.06622285711262 61.59547997366067 61.21660484853693 60.69243610768692 60.66852355999422 61.07401482134426 60.76412896904661 60.38099577899555 59.70604508164035
57.029015883494814 58.044677022149905 58.83026606466214 59.487924405238886 60.21278442370621 61.02642352327088 61.87831107124064 62.81260332208391 63.89295702762404 64.72947114147041 65.44254572096405 65.81731651739236 66.10196751163649 66.96702584694746 67.75227545778965 68.78973820681249 69.69930958465656 73.23467264405816 76.12709123000698 77.57949544224715 74.06499064323084 72.80816475242325 71.59712703683611 70.66275116177847 69.75911351141183 68.62561511274028 67.66809106347947 66.51492273947932 66.08013152590208 65.81731651739236 64.88629407744637 64.1883049919159 63.80177250840571 63.27469265997341 62.463798943866635 61.76060439611835 60.81188677299057 60.42899063971877 60.04421944291662 59.5364439648447 59.875304953266316 59.82698005227662 59.58493600612582 59.24491722421065
57.50091618387495 58.044677022149905 58.266276268449786 59.00123663806406 59.73024605245329 60.62067614512554 61.52459356934235 62.23021868565555 62.83578933708652 63.71044418210421 64.21096014566908 64.1883049919159 64.9310151865744 65.99268690076894 67.37208737651038 68.25371494627805 70.72080258931828 72.1176586074963 74.73342385790178 76.92894788523985 74.91344815069657 75.0595141339926 71.96994301075766 71.12409357249777 70.31216170233223 69.45904261945326 67.87822634991629 67.03123645682987 66.29803616171128 65.99268690076894 65.61926356948099 65.44254572096405 64.72947114147041 63.45855558911585 62.62680999661297 62.04276224132976 61.38260861591309 60.66852355999422 60.0924167103916 59.5364439648447 58.65897566556047 57.94602842843381 58.09396455890354 57.847282464219234
56.854641177808666 56.65502354782443 57.32729994948938 58.51190394466721 59.41509368084711 60.26088107493307 60.788011622635075 61.16910557842148 61.94883864085297 62.44047822683861 62.37046619263091 63.182551292989935 64.59468332279275 66.05828546167737 67.07399094111803 67.94105467638417 69.51926658849781 70.91351759515851 73.0401204329813 75.25254510123065 75.78870329013536 75.41189418515833 72.95116633487595 71.59712703683611 70.89430091065707 69.8784043837239 68.95313727360193 67.98288556542954 66.77382854680268 66.64456180245156 66.51492273947932 65.99268690076894 65.04265094286725 64.16564066271228 63.45855558911585 63.182551292989935 62.487111327893054 61.64269807573187 60.90731210469493 60.308948762847955 59.31789063863107 57.89666756838442 56.72992131826473 56.379981879140196
55.5258672907797 56.12938647267783 56.804769772154884 58.11859909420043 58.85471011109886 59.34220158527669 59.8028070589647 60.54884940271477 61.287795852875995 60.90731210469493 61.78416174939861 63.32071100278693 64.72947114147041 65.6853703434439 66.60139004323807 67.58373367432705 68.74877513100093 69.91807384049869 72.31944166894375 74.99473246753557 76.00482089816875 74.63453586941935 73.1110494011513 71.84002893417878 70.56575672720739 69.79892415193879 69.23732970213999 67.81529985851087 67.54149029806824 67.62593395502226 67.28712934767326 66.83832162439789 66.18921046466073 65.55306804624708 64.50463720108264 64.00673436807875 63.13642844910304 62.556998367200684 61.73703905701624 60.788011622635075 59.99599364404208 58.92800296597048 57.723714282699646 56.379981879140196
55.22304239735749 55.626653759567695 56.35494600858567 57.45134067825733 57.847282464219234 58.53643188985638 59.39080311851363 59.99599364404208 59.899456836842994 60.66852355999422 61.972331688374325 63.15949420834643 64.07489181090077 65.19853806943559 66.64456180245156 67.43569381895784 68.19138124961069 69.29793544591351 71.7094986759202 74.84817528457029 76.09660735564539 73.84312781776606 72.44704597060813 71.61588688882787 70.75944289546146 70.07627904645416 69.69930958465656 68.66671351172072 68.78973820681249 68.41945012971117 68.2121702087261 67.81529985851087 67.07399094111803 66.0145631388311 65.35395180857434 64.57218582267184 64.05218176914126 63.64185399150377 63.182551292989935 62.347112258513306 61.05022298909006 60.0924167103916 58.85471011109886 57.32729994948938
55.19777593177707 55.65183807799534 56.27980668748992 56.630046723061355 57.52569514740879 58.19246562023934 58.805815491157134 58.952420782121884 59.487924405238886 60.71634119968736 61.66629524143607 62.62680999661297 63.57318360975944 64.6621195502952 65.30959639990226 66.21099590426485 67.37208737651038 68.78973820681249 70.91351759515851 73.56698272090749 75.0109483806974 72.86188754541014 71.44659951515763 70.7980346117398 70.3513083671844 70.07627904645416 69.79892415193879 69.35843738164486 69.73919058949848 69.1360900851318 68.9938733734416 68.29521538110482 67.54149029806824 66.70924184966535 65.83927276547082 64.9310151865744 64.34669777037954 63.87017441853595 63.13642844910304 62.533711051030046 61.64269807573187 60.59674130175822 59.43937742415821 57.995364945848195
55.32406081121639 55.90340726051539 56.379981879140196 56.804769772154884 57.25280608821539 57.67424510055337 58.16784963715923 58.53643188985638 59.39080311851363 60.21278442370621 61.21660484853693 61.94883864085297 62.858966836175426 63.481498879538904 64.36928838946474 65.97080062533531 67.22329908685647 68.4607726149593 70.01704085641235 72.61018641929863 74.28459425248111 72.7183681245817 71.42772759717342 70.70146423469973 70.46846058447275 70.09600139011155 69.71925594442396 68.95313727360193 68.4607726149593 69.05489198372443 69.03456386405325 68.25371494627805 67.62593395502226 66.9027208137542 65.61926356948099 64.4821023229664 63.87017441853595 63.57318360975944 62.97472619492864 62.15998383525603 61.57185906068088 60.76412896904661 59.58493600612582 58.634479744579195
55.45022613357632 55.82798916423036 56.27980668748992 56.70496085784568 57.25280608821539 57.82258085139167 58.21707539466999 58.60997739428307 59.09878890336844 59.56069343132657 60.236836363744175 61.21660484853693 62.06622285711262 63.11335402655121 64.16564066271228 65.44254572096405 66.6229810889368 68.04554971787907 69.49920355007033 71.80279734300565 73.79160916235949 74.89715037071912 72.1176586074963 71.27630594451401 70.54632160341501 70.01704085641235 69.75911351141183 68.95313727360193 67.85726174739021 68.27447070616331 68.50205042898982 67.98288556542954 67.05261896443794 65.9489043228323 64.81914110302016 63.98399703081259 62.95159144594093 62.20681527132881 61.80771110519974 61.287795852875995 60.42899063971877 59.2935729214788 58.634479744579195 58.143227457716414
55.374541374356724 55.752525782535926 56.104298230072835 56.55508371883044 57.25280608821539 57.87197804065725 58.6834651449965 59.02563465348272 60.020110103895256 60.21278442370621 61.002616435710074 61.26407325391546 62.37046619263091 63.57318360975944 64.50463720108264 65.83927276547082 67.07399094111803 68.39877215829868 69.77902470170707 71.18126562941495 73.14643564347439 74.46863923694403 73.14643564347439 72.22791289911905 71.29527697252597 70.50741518270151 69.31811430366258 68.37808304660487 67.49920390308125 67.26586321967218 67.89918004522025 67.32962967816819 66.0145631388311 65.13178705442408 64.27887044464235 63.527358953309395 62.300379575257175 61.52459356934235 60.59674130175822 59.875304953266316 58.87914761826275 57.698982672831285 57.05390414096556 56.854641177808666
55.45022613357632 55.5510712622956 56.00389369672567 56.58007679614005 57.103663720864176 58.16784963715923 58.87914761826275 59.56069343132657 60.28491854529287 61.02642352327088 61.61909298257646 62.23021868565555 63.50443333799949 64.41444182793029 65.39826827703787 66.55817699544518 67.54149029806824 68.50205042898982 69.83868779848737 71.38994652409005 72.82608529501479 73.46255565443111 72.95116633487595 72.1912122851805 71.27630594451401 70.44896523883084 69.23732970213999 68.3573828038262 67.15937334197471 66.34149524723375 66.66613217375497 66.40660734282204 65.53098319856838 64.43700462551624 63.71044418210421 62.67330903584047 61.66629524143607 60.76412896904661 59.875304953266316 58.87914761826275 57.92135103508201 56.829708239616615 55.92853650436265 55.4754447139461
55.752525782535926 55.677017451974486 56.32990484483254 57.103663720864176 57.77315956586567 58.266276268449786 59.00123663806406 59.754440046990254 60.54884940271477 61.21660484853693 61.854785777763844 62.92844812421709 63.77895388101019 64.88629407744637 65.9489043228323 66.70924184966535 67.75227545778965 68.87152853085792 69.93789087477916 71.69080133913656 71.78416270254385 71.85862587056387 71.6533691200842 71.59712703683611 70.83657767543416 69.79892415193879 69.07520867450171 67.98288556542954 66.79533665479059 65.90508167787077 66.0145631388311 65.83927276547082 65.28740411937773 64.12028452184013 63.32071100278693 62.04276224132976 61.21660484853693 60.11650461481969 58.85471011109886 57.94602842843381 57.103663720864176 55.85313357798807 54.944853741833995 54.46304596378716
56.2547497187835 56.05410625107884 56.35494600858567 56.854641177808666 57.698982672831285 58.65897566556047 59.269248445958034 59.8028070589647 60.40499686566493 61.09779900821515 61.76060439611835 62.65006372855715 63.50443333799949 64.52716275097401 65.53098319856838 66.36320949360405 67.47804459761966 68.60504904760676 69.41883527457507 70.932722069761 70.46846058447275 70.50741518270151 70.01704085641235 69.85855197797082 69.79892415193879 69.1360900851318 68.54328349861375 67.37208737651038 66.18921046466073 65.19853806943559 65.30959639990226 65.39826827703787 64.9310151865744 64.34669777037954 63.32071100278693 62.37046619263091 61.287795852875995 60.164658905025554 58.781358402791675 56.9543173897329 56.27980668748992 55.19777593177707 54.28513672904847 53.46923755204381
56.879568574322406 56.58007679614005 56.829708239616615 57.15340063809992 57.847282464219234 58.4628289621892 58.85471011109886 59.487924405238886 60.140585350365 60.69243610768692 61.61909298257646 62.25361388211186 62.463798943866635 63.067179236721515 64.21096014566908 65.79535031460746 66.94560131418557 68.12894812243421 68.76926232090206 68.97351102023494 68.87152853085792 69.07520867450171 68.85109795072772 68.6872458274419 68.64616993713433 68.27447070616331 67.47804459761966 66.64456180245156 65.50888853171071 64.61717145131773 64.39186974561535 64.79673780494915 64.23360611300967 64.07489181090077 63.27469265997341 62.06622285711262 60.97880173823612 59.5364439648447 58.65897566556047 57.37693365884516 55.878272947570295 54.89421376370793 53.87770818694911 53.39253744256304
56.804769772154884 56.804769772154884 56.979222495481466 57.30247442299118 57.748439917822346 58.09396455890354 58.634479744579195 59.07441079831064 59.58493600612582 60.236836363744175 60.57279905031592 60.71634119968736 61.192859065678235 62.20681527132881 64.05218176914126 65.28740411937773 66.25453635357441 67.37208737651038 67.81529985851087 67.87822634991629 67.75227545778965 67.83628624709925 67.98288556542954 67.83628624709925 67.64701791056646 67.28712934767326 66.6876921928291 65.88315535606088 64.97569816328372 63.68758971392895 62.8821358079731 63.20559969174888 63.090270951989076 62.8821358079731 62.417149188294495 61.76060439611835 60.66852355999422 59.269248445958034 58.36460297191047 57.47613135670545 56.630046723061355 55.42500270853759 54.1070182444918 52.98289568758012
56.45505760723732 56.505081398646325 56.829708239616615 57.128535018509375 57.47613135670545 57.82258085139167 58.24167894816719 58.6834651449965 59.14752511791933 59.00123663806406 59.196234590621685 59.899456836842994 60.45297708920845 61.61909298257646 63.34370704964097 64.57218582267184 65.55306804624708 66.34149524723375 66.98843988822398 66.81683435063958 66.29803616171128 66.55817699544518 66.73078113426457 66.77382854680268 66.6876921928291 66.36320949360405 65.75138808641861 65.08723821435356 64.30148878704807 63.15949420834643 61.78416174939861 61.66629524143607 61.94883864085297 62.23021868565555 62.39381183972596 61.38260861591309 60.52489237087561 59.00123663806406 58.069323864120776 57.37693365884516 56.72992131826473 55.42500270853759 54.25970394258012 53.87770818694911
56.00389369672567 56.17954740184946 56.43003769090213 56.829708239616615 57.07878675755278 57.57523543415248 58.044677022149905 58.36460297191047 58.315452160260705 58.340030707240956 58.85471011109886 59.366505749281146 59.99599364404208 61.33521778448066 63.251670386508316 64.05218176914126 64.63965019742362 65.37611491560591 65.66334463055746 65.59720824216762 65.17629737794698 65.53098319856838 65.70738616399255 65.81731651739236 65.6413090357585 65.30959639990226 65.04265094286725 64.45955812748755 63.80177250840571 62.65006372855715 61.287795852875995 60.40499686566493 60.71634119968736 61.54823025533897 61.831252451870135 61.121575537889534 59.97187007538052 58.75689481177689 57.92135103508201 57.203114793573 56.35494600858567 55.04607845756259 54.36140941608669 54.005143952488496
55.65183807799534 55.85313357798807 56.104298230072835 56.30485840032034 56.77982578783399 57.07878675755278 57.22796330468853 57.35211969889741 57.698982672831285 58.36460297191047 58.976832010215674 59.463654336327394 60.140585350365 61.07401482134426 62.20681527132881 63.11335402655121 63.80177250840571 64.43700462551624 64.72947114147041 64.43700462551624 64.07489181090077 64.68457949912516 65.13178705442408 65.26520213548558 65.10951744363963 64.68457949912516 64.25624288298309 63.71044418210421 62.69654590703391 62.13655583662101 60.97880173823612 59.58493600612582 59.366505749281146 59.99599364404208 60.62067614512554 60.788011622635075 59.85114602106135 58.36460297191047 57.55046823495214 56.77982578783399 56.104298230072835 54.89421376370793 54.64074166582237 54.03061875630659
