resources/Input/dataET_raster/LwrbDownWellingRaster.asc
NCOLS 189
NROWS 177
XLLCORNER 690600.0
YLLCORNER 5139200.0
CELLSIZE 100.0
NODATA_VALUE -9999
[rows 40 to 59 of 177, columns 88 to 131 of 189]
248.07026089201662 245.53227633523372 247.80139975763387 254.0886516011155 257.38031864950676 253.30585853694095 250.23509689656152 241.55689617793377 237.1925738277585 231.95822668022006 228.9821869328775 228.39165904948683 229.07688696517533 231.23632170976327 236.11144981877797 240.88328725385722 238.0360613197503 235.0580622839057 232.0968634572876 234.58567844196517 237.8671051763992 235.39146983305267 234.99055098139326 236.22419968991625 232.7683723998115 230.0904185119378 237.66122278209588 243.15256955265428 242.80478825587517 243.23461616459267 243.0103805637987 243.0334848247841 247.10315882339967 243.51582459068038 240.79568880522018 238.13288738379046 242.17498909324323 245.10699161842717 245.81252699640262 244.67564574502404 243.70510901395136 246.60193348481738 243.3576150977238 242.46640355514916
249.31957866397 247.99785528884362 248.36194836831476 255.2890642147355 261.44953595596866 261.42700070196395 266.65459502563795 255.09357196364016 251.56456774817138 239.91002931020256 233.22201048295213 228.8006864494805 228.21362908608089 231.94100318096682 228.33153557124206 227.8443786123091 231.01052836796293 238.87102844372188 250.12646600795966 249.20143299678222 247.57145677918632 251.20409799681295 249.15838589008 249.3240616933398 253.37756446864148 251.1298244198183 243.6738728686404 239.78474302216893 240.38446850046185 244.06434914580302 243.43198588665373 245.76542126809449 248.73478546979987 250.64459656735744 246.18711221875407 245.40030550666836 247.00312558283628 246.50749738774817 245.58576557005262 243.88587142101994 243.45723865810223 243.03149716463818 244.69981657682754 244.3966588666139
254.0024820960337 251.33590219015434 255.07864027256076 261.54031073968883 261.06615295083606 265.7010064310767 261.2923656303879 250.63548014517835 245.83897271341564 240.93990318594138 237.02896774581984 230.3265299977562 234.19560783429074 244.43136968710655 245.6224905798201 247.9401357926163 246.9906923873516 251.4472523143135 248.7818593466241 247.81633486364427 245.0872517430497 246.4339970321461 242.32157322181467 240.7921239332302 241.20067289991883 240.20473016574144 236.5921954882837 238.1747741752389 240.87295853398746 243.5909628663806 246.5441934682734 241.57476933573167 246.43898083163106 249.74241813157562 253.9181578679716 250.16570121105133 249.02595115573416 246.92572021833195 246.99914546278842 246.90682280609926 248.39092093223803 246.27487420705063 245.13984468838197 246.3757091660916
261.0050808493673 259.43956493061177 262.3638504193582 264.2296520980756 260.1704195243141 245.89504050295173 241.02592470955145 239.8698326568267 237.7138403072985 238.4237586091212 238.64884338857286 232.21562982734167 236.83002551571963 242.89460144139883 250.6323655186788 251.24013869958003 249.31433814077735 245.86080150376543 252.2178525756156 243.5295733603237 239.68747347271798 236.31714895706523 236.44252825493143 242.3755209100217 242.91039241774112 240.66997168167438 237.27080717557223 236.00557684264115 239.88333917559584 245.6843856046597 243.62286405575722 240.03651619478444 245.46224356212954 255.44038770009033 256.4511642709919 255.94791054727764 251.61914577949744 247.39036959771175 249.49220251368598 249.09516654686587 246.20701002149423 243.85566045282678 245.69190235605964 246.90126773445968
260.65732312242585 263.7649736596211 264.648862538948 261.85114975589835 253.9098564591851 257.18120933131183 244.23666083393 235.39686464391986 233.20155054799145 234.10473056914083 237.04627184556477 233.88666198016261 237.81802591287732 240.370054432335 247.77660993307734 256.6171569369075 246.54904626928322 240.90626048998226 246.47638803798307 261.4566425799272 252.58843450932685 246.3175294855545 249.13020846044458 236.4787658817835 235.47637544442335 234.9771852789553 237.18735504037943 242.5967833298318 245.4970276104692 247.6754186759705 246.26873285990558 246.42928241343643 239.42177831738746 253.4928588492642 259.432218625614 257.77611508573557 258.0834128427049 251.86465513234845 250.78940414906435 248.81500862033425 243.96042087006379 244.42564626313913 245.81774999430166 246.2695979897597
268.02995532122947 271.4415781558997 267.6560646719505 259.44106859865457 255.771761095403 266.6872416089159 256.1273824607268 242.5001653399433 242.35639378887572 240.98356444269425 243.0653095568389 239.3250588898413 248.04814270802507 247.7620467139589 248.85333065345185 266.31695641810546 257.74918379378437 246.71473006641213 256.3136079299609 262.38735767539305 274.4983907701177 277.5071290355652 253.33313711075016 240.06563136921972 235.40288508851464 232.58473803999362 232.13798520689957 236.8444117002988 240.0169128288445 236.79878627188356 246.4270691696006 249.5402015738756 236.72659388490123 243.9700275171175 254.05245992193215 263.42996297752154 258.88734155871066 261.65680223480683 254.85688044378742 248.9323219963322 243.7773401130563 244.77753368010292 247.79644280538812 249.08515420989886
261.8299963261652 256.0031015673076 251.97472617740297 248.76678880064634 244.55493883385427 244.15161442786314 246.42733845569055 245.66597557836164 245.3735209555132 243.499807445138 243.50054689243612 242.70065680734382 260.9904356961521 253.47432326137408 252.11659643862052 259.1116637005047 266.64963207472135 260.8091590213339 276.307065629047 276.17531962869407 280.61388533576655 277.54616098396843 250.81279854819007 239.79922508388103 233.75046271196817 231.53859887716092 230.90384863059168 230.48857045735448 230.60677249401502 231.87168125780218 245.20945086688926 252.24731160181506 240.7589901185558 228.9784697166785 238.40151826175142 249.52260504698484 260.390446288653 260.44712218939213 258.86704260097497 260.0717046161446 254.49974991860958 252.66987813655936 255.94754647764105 256.8845241078638
293.40602068889723 275.9780792770801 272.50988888827294 263.1950950569767 250.481976062143 267.9696716078968 267.8714646861004 253.42591338878478 246.9375310792199 248.22241552089275 244.4003557878792 238.520632280667 236.24818699559233 245.7517340427152 261.7035919296018 273.9757041874301 283.6601681727564 278.79006438972164 280.9518315572666 275.0772942008581 256.06426161900697 247.2220737371229 256.2781174545605 246.4440778589858 238.14114488761712 236.39742502904556 230.18075401541412 230.0019984282705 230.27158754213244 229.6468301835552 235.11353810370105 250.19819439600386 233.95385866840223 226.5403566608113 239.45333523442793 233.38497735926876 245.25452416777915 253.9100068321669 262.36336665604813 264.10586896768166 258.7192033365002 255.7375152424258 256.7498784585221 257.1571830253747
287.0553650664599 273.0627694830413 272.7022204540798 263.55791512345434 256.7621282535744 271.3295251880968 273.1283126061408 268.714929356273 255.17377471074602 255.13244657527645 253.84099857803275 245.9967023735602 250.4080425495282 255.61788553015617 272.6321627989089 255.17349704194413 280.85473804776575 275.16650334623347 278.15112250715833 278.2529253425461 266.13431587114593 257.2373478391279 245.32196976943086 246.06016589810918 250.79608051699518 244.52205294401747 241.27472371474082 244.84947095902425 238.24326567783902 236.46899066154722 229.0203827369188 230.86493252125968 232.45048331459836 230.64201765926424 268.7994004542047 256.9798816918419 246.35319520001957 250.45358689405487 260.99242056226547 263.11022015120886 262.42350626914697 258.32784184149324 257.5854802541702 258.9449468380708
278.06683222620705 277.2586448110877 273.70858438336376 268.98307428187843 262.34167952535637 273.0263806415092 278.8017899227786 273.7074066005749 272.4986659472636 261.8640361221962 253.7075473096817 256.6906531333793 257.14188334544156 251.68807296757467 289.1462325222455 276.54587747443105 280.60535496351497 276.19069014427185 278.20355270980895 287.4749542936298 276.3903706835183 274.1249320547156 273.3808635854269 275.72332264107183 267.3434392382227 265.6247824979862 262.0988241634694 251.52298507616126 249.39286080996305 246.36702740003182 239.03174457085333 236.2611818336124 237.63262478396268 228.3566323829898 248.8782157331843 265.9045605438054 274.25657129455175 268.3788656852555 263.25110088591214 262.1791509958711 262.0160711191444 264.2787696224563 260.48575909198695 262.7227585800197
272.49301163454663 281.9512315260198 273.61630844628957 281.9630126893552 273.7024547497015 287.4457783689271 287.31728515253485 280.6797340611861 274.6225522179231 277.2463589860576 277.4360619433128 270.2981380244913 276.48289950662064 265.5360623413727 267.4926914907519 279.9346932386467 277.5989412704932 283.0608246636533 271.27425318766586 268.6177326260629 264.9891875622931 267.21929575826914 265.15428721199265 266.9286685173112 273.5354109856589 265.9536150922612 265.5201549550648 250.07879244155856 245.0298440001949 244.1368807648002 233.3725290188574 242.36321671695723 241.04008542155736 226.01532700204027 237.4732269303701 249.0993179491391 271.7379519226332 266.46266345878024 264.40010193133935 264.771049837718 262.9350043646486 264.70265543095 264.041306288872 264.35284444459194
285.27545113333997 280.54246462977784 279.51027742165377 282.09716900001115 281.3810829487821 280.7884959521207 281.419646105831 283.55351986909346 282.8057906351501 280.9393268358214 285.4136266325035 285.44691088793815 287.7887666306897 285.7476185837198 278.5492388612066 276.98641055379295 272.66799786137733 273.8067271668693 260.50725504557715 252.51638990241665 253.79281925166066 258.0038630487744 262.8300356092038 255.79844778432454 267.2398509077444 260.9797720221482 263.7884248578163 259.70818608371974 248.20032596992615 240.30648303428094 229.42079025754373 236.64790933779932 236.9607260075051 228.58644635327903 225.0321458827658 240.24192014337018 253.43301345843258 260.31517240657075 261.5412416583317 267.950626257207 265.6225382180853 265.12294646323056 265.2648384552445 265.7175385381644
280.1582114706537 280.5220905680784 281.63987379624353 280.897250575114 281.2147456212804 280.7377275298206 280.19153437355624 279.9583287068359 279.6956005030526 279.6096739775533 281.3336220493254 278.2109867464703 278.7504877373961 277.65983322166903 275.2668164975203 273.69778855202475 273.1642995068885 273.2233533338481 278.4649710301029 277.24819072186483 254.15974988820747 252.13287522772526 239.4165906033349 230.2012822954949 231.42213655623186 233.38829075510452 234.24479070611326 242.69556531814047 249.69303461811916 237.74399363250848 226.77286029659928 246.98788909215713 257.9274972142873 239.7503540073494 227.59711682597938 224.87981210034454 242.22847856635568 255.49068357387466 253.38669975161173 276.28834536732785 269.0416945348308 265.9355539334227 267.36261797119215 268.0454256435367
279.40502278396013 279.532472900412 280.3363696669946 278.9930464250807 277.99718828655796 277.67800639666046 278.9663449724701 278.4060736925706 276.91404634261335 278.0968493288095 279.4042741490229 276.9735384667782 276.6369780026758 276.6363753596935 276.4054433802926 274.19852587517624 273.19098382242476 263.30514883070356 258.626312593761 258.3473842928711 270.1901087313244 252.39995808526248 247.34008440466636 265.10063470851446 259.5673176611114 251.0230549752352 249.8946040898577 244.85871085124433 238.17923218261166 226.90142563914708 250.51438694961496 252.8017319762531 264.4465505234906 249.5893224236233 251.32953337413676 238.99520171594926 224.02833555615598 239.85335482407498 246.88481078871428 265.7205505589212 274.5996121156164 266.65341162887466 266.47165514478894 269.7449082659781
282.3018134107782 275.7605021383747 277.7819533521194 276.6312088021392 276.3704601310547 275.6834102517225 274.6314835041272 275.8551325174503 275.5282981757728 274.2829875626134 273.5091853803482 274.29528723312734 274.46955331262257 274.1828198129754 272.64464419972376 275.62103883956354 277.0018965951105 273.3378484492285 273.9941405393196 272.57780908961865 270.6369113626822 271.8602535078524 271.3858472273377 271.91033693677707 272.12023068693776 268.24601162536834 271.5314020771626 272.114436527316 269.74244285917314 246.38964702164174 241.65441029085312 263.053615928182 260.9515914504454 264.711406640683 267.4456334111561 249.87580852196237 241.6194566405607 230.18202520057034 232.71569893693263 251.6117971835002 268.76611453392746 253.91991883604356 269.6114716383879 266.9557745368835
271.2031703968581 271.41519304147687 274.5962480285387 274.3275851933302 273.0518276091941 275.6093393954417 273.15109285521623 271.8744943156047 271.3224769034406 269.41003046245663 267.40722006503137 271.23108233987796 268.01069324687467 267.1143268614243 274.1668157220152 270.71795545219436 272.4007974287186 277.25298204075267 288.0656976666494 284.37687935383184 271.9870260550648 263.9884186961905 271.6368992889593 271.8649563375727 272.2300814996514 268.7926123810908 263.9015678550087 263.58797152404134 261.39488135333505 263.66777843218847 257.2260966776139 259.752086061827 259.808056946468 264.51492404840474 263.3846280563297 261.7828194604632 259.8132600640761 259.70949391878696 231.26182612233205 235.9093862849763 248.3324037714861 253.45803272233314 266.0202099110593 267.5994204833886
271.33588415920866 271.47911122919953 277.1529350819743 270.9923155827883 270.1709177045868 272.17764658048964 270.96908415520875 271.169749317935 268.61639570290697 270.8330784624771 265.03574932621905 266.53016655739157 267.23328721070277 264.9862199964851 268.5168984289889 272.8333919937684 270.9377245221251 275.85704716635223 263.9755897844125 267.96564660812953 272.7007323373352 275.5596567813288 280.09493001410226 285.56612137813033 275.6048929291954 271.6946660579509 268.6081913034506 260.40209138891703 259.23798998019186 264.9662074259784 260.5039030006887 259.6001317099373 262.27239719773127 261.83953210429286 263.0346422597421 262.43586262956063 266.9420164104523 262.0737411466869 244.5335481732756 221.99650823814358 234.908194944726 250.87405298420117 264.7499999655115 266.3037987855365
270.4004505731891 266.3597075100545 270.76881344534434 266.7224269969322 267.9085443682709 267.71151942248713 267.48555038208974 269.99553362620105 266.94533604788563 269.3304087913109 265.90739006715154 264.49349411365836 265.9210145734978 265.38212089122425 269.35849446060865 272.3265319382377 257.86545685593455 267.8567270435782 266.4775997614726 255.0574872977024 259.5935753526169 275.0216561057785 278.3646722314027 283.3542822230397 283.51991517854736 281.3862148101549 277.60536716247736 273.11611198162035 266.5194781816752 266.249588716921 262.5793486238407 262.39260977550214 263.69197869567944 261.31728359348654 265.7220379916295 248.51962662602824 253.79395362455477 268.06595783297644 268.337339257688 234.96164658104382 221.46672140238414 242.24933812442322 272.89621761033766 258.6985451058104
264.44266395506247 262.08578978927767 266.4516195999465 264.22727676343055 264.6566756559706 265.13126758455985 262.674695244199 267.07878389590707 264.3082300646289 265.0950434219156 271.4987499417459 263.4883042237466 264.0546061821858 261.23755324316727 266.09391409295887 269.58590557015657 258.22585089249765 263.67841639498033 265.7425758390318 264.0108229333239 258.1252123522202 255.219356425433 252.6659947015392 257.7476404500918 257.49407232179874 263.2662071209498 266.6579259807192 265.47233309011216 272.6489259829592 262.9078647073657 262.85064008229415 264.2901231547916 259.93873335576404 258.82590487788946 261.625809566275 252.28934573033496 235.52782175463966 238.13687225225186 236.5036600621574 220.49579903631505 228.2584766784157 226.48604887524334 241.063569616269 248.31948990087994
261.80768449561 259.9480201499341 260.3292288218045 263.7790308850203 256.02441977655644 259.77044503755945 259.5801466156024 263.1001423064788 260.59530592870124 262.425247834468 274.3503138113186 262.62584240432614 262.5736428661188 261.9153717243054 264.5922159646888 266.8511656462921 258.5151654103556 258.5781023126194 252.73239313198087 268.9530078090659 265.77087702483914 267.5678152955073 254.12355223149575 235.26091105303377 232.72747896030202 250.40888266368697 265.6115874981948 244.7858992339998 256.6870285235636 259.3225973470769 262.39726816342 265.553155782014 262.2478593421806 257.0372975995727 262.96663773909484 248.96095162583993 231.65300445300463 219.67142856037103 219.49076203439986 234.24675647242537 244.67457098418538 236.14253506932025 230.18415232528181 226.35401500167816
