resources/Input/dataET_raster/LwrbDownWellingRaster.asc
NCOLS 189
NROWS 177
XLLCORNER 690600.0
YLLCORNER 5139200.0
CELLSIZE 100.0
NODATA_VALUE -9999
[rows 140 to 159 of 177, columns 88 to 131 of 189]
262.0615692725636 261.6199556688403 261.7796220591746 261.11939068234454 260.90085256030886 260.6716840747413 260.3690902586518 260.3367097464877 259.55554991841774 257.9485492833063 257.09202145680564 255.86274701693813 256.0946667206747 258.5430647116226 258.7354969573696 258.051279937683 259.5037115252841 258.03281137245517 254.15359421745836 253.5856482763885 255.09562671957514 253.4164631559285 250.84242341671404 251.4135414283241 251.98957832339025 250.2036965304434 249.65728925865153 251.9924228941615 256.73752390608917 261.7881978610608 256.27970342923925 260.41514480084174 265.0285054907586 264.09213041067215 264.1466781082657 262.33555757277554 259.92682891512567 257.35273033180596 258.4145898462196 260.656102896523 261.43793624745945 262.82862097552714 263.04412632847595 263.1795804485687
262.1666774503483 261.7972796775301 261.5153468257906 261.1363617717998 261.018183939585 260.41032414988734 260.4815450240445 260.6275334201598 258.62845553094326 257.4781215955098 256.9390808493293 256.1553319579577 258.3977652838902 257.46595425062077 256.846376964991 258.1095645839146 258.9409128396818 258.3197665896627 257.3457259331257 256.5245184643342 257.0784304131496 255.57006045258572 253.5447287764583 255.6023373290049 257.0683451089045 253.93093276327772 251.9134808461172 253.1987862917234 258.1518851103264 265.4867243107758 262.2938956500097 259.60169142251704 261.0863576307706 265.1516377406158 264.23989728932514 262.5400501102181 262.7305894733316 259.26398131917387 257.9464201260065 258.73679524272706 261.04772809047455 262.9233140027072 265.78784514937956 268.24537131726123
262.40770673391995 262.0667855346581 261.89545195982555 261.4667722336951 260.94362387250146 260.99263378087574 260.83312064053086 261.0325332176827 259.24389589964085 257.850667659609 258.1099525799847 256.20928863516235 255.54933170421504 254.01495554918438 254.39488485606984 254.61067408277154 254.8319398854091 254.91965398676672 256.9990739254547 258.8332130923267 256.43766309090046 255.5759264169269 254.11456071956627 256.3731112155054 256.3398869208078 256.2067677784139 253.64715512985197 252.84749054097136 255.97779536529762 258.8949731446835 263.393886690772 264.8514949501078 261.46848059989054 264.8992572685929 264.26641209541157 262.4846698272274 262.66697686165475 263.01528818987555 264.1752919130949 262.04885519228884 261.52454416483886 260.7962505182157 262.314578525711 263.96848252987644
262.5285776713063 262.4022234072387 262.2175176334576 261.563065496611 261.36218280028635 261.3093204981035 261.0731097792996 260.47433807784074 259.40414262516197 258.54774955465933 257.3931306026383 255.7883661793011 253.1205383069156 248.94392189121797 248.76203334759327 252.30587481125121 255.1354130561699 256.24926296302465 259.36038211138504 259.50599347809805 257.39039099712136 257.1074146553557 255.3317665212843 256.07193413464853 255.26156174066787 258.01533242585214 254.70333283067427 254.37045249828856 255.36630197678306 257.4158267000601 259.76360853728903 261.09836165599904 266.1822976084218 262.6231463897541 267.41780478282277 262.2083861243153 261.30740215278695 267.7418654183896 269.547194584249 264.9162917395413 265.08253101264677 262.4072251386282 261.84188908509844 262.2949209574109
263.2188822860375 262.96915681792905 262.9668790684326 261.4661008595431 260.9602928155291 260.86296067255824 260.51829494683085 260.1849759603033 259.2237839677049 257.8556707033201 256.87192767138305 253.86862634899555 249.13628089320963 242.40250233193856 239.32977081366764 246.18681226626632 251.0338992880049 255.67074900035965 258.4914095940401 258.75284991590576 258.719051760862 259.885756583365 256.13269424601566 257.01651013533746 256.2204161004487 258.6592846219359 255.19212568588443 254.03578574071793 255.42306480823245 257.34353999297736 258.56242697256494 260.00324047418184 261.97441320371803 267.0628454031413 266.00222586207985 262.62830717053566 257.5770623140314 261.92224835754905 263.3902342367627 272.08734670166695 274.66060578065793 266.4661191546519 265.0116600094129 264.5373134133553
262.59430697973335 262.80412268389307 261.9913276874499 262.0188139921417 261.9793857977107 261.49173497378166 260.3017860683441 258.3210398011743 257.84182175134833 257.9704022131953 256.45422652645226 253.34013585329964 247.56672118001333 237.0893981629683 228.81552920973854 240.9186073633909 250.5526258098754 254.99844197641988 255.41576776017402 257.70084446215077 260.059868099895 262.25465416778115 257.2334495019274 257.3884943292043 257.7394793727249 258.80161044737736 256.4479457048295 254.59250846862818 256.5479795737173 258.6355045434595 258.1366320939838 259.186531295136 263.0730678378688 267.7332834457653 269.87008449578525 265.875999154527 259.356364977472 259.5238379888708 261.9233398564415 266.4377691716436 278.02834642514676 272.6704550932408 267.5447590953241 269.47173139985347
262.1283009186479 262.1947991607104 261.3633197343655 261.54058741754193 261.3608909471544 261.2224158196398 260.26677336538563 258.24549422098613 257.5092723954155 257.1847500736535 256.398290773312 254.03328083353682 249.92723994985454 242.6931338142052 240.39779566637532 244.11751157770436 252.7407585763283 254.15093163530736 255.9969601480349 257.40952111835014 260.68971854571026 262.42419500250816 258.1552453844035 257.3869778653687 259.2118730156514 259.1414949380296 261.61575167572585 256.77610933249423 259.49758493826164 262.83170853750727 259.5156874614522 259.3880370522702 263.8662119655445 266.3991095033602 267.71594146628894 264.3251963413914 259.5967353642522 258.999640540731 260.19140168049205 264.4780890026836 271.11738498725936 273.9005656153559 274.3610852889077 273.24629212326715
259.81037029743123 260.06504518858856 260.2244004052687 260.1232620040157 260.2537997554413 260.94165258867343 258.8534664469661 258.16716680562496 257.7770239661978 257.18541941558976 256.63146826206395 255.53301436627945 253.34909015433146 250.60771117291503 249.454269994398 251.148909169598 258.18439148325524 255.74940006021635 257.00688749051744 257.87028713309263 261.53803415163253 267.5379730951877 259.7898695619802 257.70302061499467 258.0926005050758 260.75068604511586 260.38087617695777 257.68687497098557 258.82111898994367 260.6546840118471 261.62685376632146 261.59589455140593 263.66515102241783 267.4302816745044 266.9782721572578 263.7455064678481 260.445878385866 259.0508897467973 259.4526450986872 261.9718573400094 265.88149657704554 266.5376168019871 267.1518770933541 269.7594408826398
258.81683382463495 259.2557891956612 259.22518294254894 259.0771032150799 259.2580049209216 259.8042182061114 258.31360902534703 257.5146534167629 257.35854262749916 257.3730093578046 257.1938979374027 257.45376597186186 256.64662724179294 255.84599062592758 256.4850936628827 255.67777296349018 256.4966011353077 257.3187167923293 258.49937440882456 258.6725389857376 260.92613779476835 268.566497019178 260.60498487301805 258.43164112799883 258.53739116115844 259.68476552854935 262.4095755877188 258.8194841091223 258.42630800824145 259.253659118536 261.27359500921204 262.87079783310287 263.82598436706246 267.61426236359466 265.75990818364517 264.5079957495558 262.0692166498368 259.2554035858074 259.0164293511798 260.4383438782622 262.442951301016 265.08059314896235 269.8735601814808 268.7210490987583
258.23556398733876 257.4560209440661 257.61420688862296 257.45070250781225 259.21205999171576 260.41338316209635 258.017131234765 256.9826797676066 256.96853745821863 257.10649046203514 257.57727401339343 258.19471230768386 259.06942550643237 259.33537463260296 260.03539684327757 260.40869332464376 258.45988755547245 259.27539777310653 260.46512489302876 260.52198921358433 262.70048994520886 270.5253892301163 261.8475145686229 260.0662288241506 262.28771372942475 261.35170023866556 262.81330278707344 258.82551217251967 258.11725331680736 259.3184584364973 261.6469932532459 264.4730830146959 265.35143005758835 268.05097792673143 265.3518969922293 265.52231877124296 264.904260481477 260.29818465398137 258.9794539508289 260.07747855642964 262.4580578793069 265.314860056469 265.61040386102667 265.7874321717011
258.4030569021096 256.9703079509008 256.19534252986614 256.1721440587639 258.0055456824028 259.4298108130562 257.2640220971984 256.4396179145561 256.4211939177774 257.8911581945804 257.8565069017644 258.72553637975693 259.22896269705495 259.2665946197306 261.0854961818234 260.41664855921266 260.0344155179459 261.026386861825 266.74079654958524 265.63121983928426 264.1234067962033 270.8927152959098 264.07550441335434 260.9472081560141 269.033725082187 264.97723942382515 261.6636730720277 260.2732505848604 259.3370672730019 262.685103899704 262.394926653 261.98221344202216 264.9925265306645 270.64595686563143 268.02668136949166 268.09694029452885 265.6704631564824 261.29237621422345 259.05490763851185 259.6399207529971 260.786483690804 261.7176050108544 262.5298828635008 262.90207604564284
258.1466143477291 256.6502147516768 255.176984954215 254.79883967345958 258.45923361514554 258.0996045486205 256.7427462127665 256.32880087775544 256.9527627604175 259.16239627519076 260.6392947515788 258.58394244525545 258.92518532927113 259.5005245409849 260.1114595736554 261.48242079368293 262.3800730155987 262.4676694538535 266.95833648618935 266.28212807021947 266.0220843916502 265.09583249177956 271.23317595125144 261.95709390885094 264.9368209241783 269.5541470724373 263.7303772847493 267.7487137429686 261.42694101236395 263.19434571940343 262.9848869528554 262.30542750365754 264.17097720197734 267.5999414011437 268.5166914050635 267.1035237425476 265.03444131943644 261.84615837860235 259.59827573105184 259.5909098287936 259.9111802138337 260.23074432841423 260.8789519318714 262.0987182958798
257.062547730985 255.66023706520087 254.97365557578541 253.87860899241838 256.6623897210829 258.84360513103593 255.49087398719166 256.30777685649457 262.1983714365301 258.5240857296638 258.0652957186666 258.07432613393013 259.0843303721509 259.6957410960327 260.71577539938033 260.664189550413 261.2888020447346 262.14526485766766 265.50918411260295 269.9308772329895 267.7118526358589 267.6978507772024 266.446910629441 265.3250585481356 264.5982407103424 269.40499839372626 266.9373349231939 271.24065290096615 261.572768971369 262.3725152819488 264.2275373500763 262.92509379604246 263.88199548107457 267.2798830045057 270.2232079362632 267.2417734695511 264.15869257655953 262.89005308837267 261.1606675503039 260.1164206520599 259.8629613057658 259.79329475891404 260.2428284952825 262.1998261106599
256.04609273741045 255.6067564341383 255.43442763202648 255.77550556326938 252.37615735200447 253.62739454971685 254.14106556685564 256.24458878959643 260.4374240294854 257.10800992128407 257.58285068790883 259.0297621105669 259.4913989867105 259.9687811659156 259.90459721551883 260.53097869540034 261.0605801984354 262.2030371854361 262.5149136986613 263.39298432402444 265.36352274236776 266.25594956998674 266.23102262706516 267.80553008134916 266.3559243671992 268.4949645245666 268.01635558713747 263.803027236074 260.9546182502131 261.3966074112707 262.3420232783852 263.62861558435964 264.510020250898 266.34718349904955 272.6974609554644 268.5174467532256 265.2208814146243 265.9406110030024 262.8610064062846 260.4991515467222 259.8100635203634 259.7119415191188 260.5638823483612 261.96333761275883
255.30603323185983 255.92152251635838 256.11706803237183 257.4702599410131 252.62658641691678 250.5093446625196 254.0970980366624 255.6659607358839 256.2070477403748 258.52147984671717 257.89439750492824 259.4756106100256 259.96568800067047 259.4857932049659 259.8136364692819 260.3448895092806 260.9179146112113 261.734366504524 262.2062583798525 262.9584106137889 263.9417147874319 265.0467370421267 266.157284342586 268.05024820452365 264.2596499276221 271.5240066355754 265.4565929738552 264.7518922101081 263.72883389111956 261.38607440216975 261.9208828605968 263.46328554006897 267.8126392518383 266.92840714736786 274.1771880760281 269.6076351180806 268.3036994513158 267.6587784462308 263.8401503943613 260.91772900461626 259.9617910274176 259.93649931835347 261.4974291685229 263.2478931935306
256.2409272275741 255.5812552604708 256.0444513937451 258.9482078553689 254.12932492980016 249.57238399534398 254.29095858569747 257.15448875173985 256.46352649189373 256.67903960932375 258.08182723107643 258.22506608574986 258.20396448823277 259.15892440994173 259.35528434531994 260.4416830376001 260.54295172429846 261.5155660910293 262.14222739357524 262.94601884368564 263.31388970009334 263.7930544967412 265.2367141165673 269.494202460994 268.211785768351 269.70239542542754 267.2976685977465 272.0203096573855 270.8010031877912 267.3260360309674 262.2236954575122 262.6187957228966 264.3658950402815 266.63862124271884 270.0491072590856 273.64048480553504 268.12238617680134 266.5240491524039 264.04078806839357 260.87679705773354 260.0001196024812 260.3728971638107 262.2875278856259 263.22566281298066
259.8445303783713 259.4162978491716 257.37710504437473 261.8510252819618 252.50986149689487 249.83367000025623 255.42940959932136 255.5755800530231 255.3748181955361 257.0033304076162 257.90712463199486 257.27167700513434 259.02917926515266 258.8847437122542 259.9223156384443 259.7601852679915 260.7118782283856 260.8504775855211 262.1800593398738 262.0039873425189 263.3032675209247 263.4846996472435 265.52895947429334 266.40824988575514 268.25982503017286 275.7445755249651 273.735906907109 278.2308862509826 278.6302783436943 276.6539778252536 267.6152020695059 262.55906870873366 263.97384410301055 266.27327557172606 271.11361808281214 277.36935045977407 271.91044573896056 267.37372572347834 264.6206913388523 261.1320630057011 260.34350860030395 260.7715354009129 261.91158776189076 263.01359480962986
260.0811492681654 260.28256205167213 263.15074500917535 261.134890507311 250.5905972147871 248.8488727915321 254.64392200412652 253.9421734970162 255.82184083412076 256.8619430590146 256.82609580872486 257.9634385159014 257.0813386747542 258.85584512176905 259.63219757890454 259.80559731297103 260.0112438732394 262.57091531291223 260.70597378528635 261.4877993717432 261.5781610563566 262.772954125205 265.0538981263933 264.0111788864918 265.0584940830812 267.07410251646337 267.7638369055506 266.72645511842813 268.93982641931643 281.7119094565335 271.22848843200927 264.8860276302193 264.0647962609359 268.42656851410845 272.315871933384 275.08401119083385 271.03112148560535 269.2839042708197 264.74481187993706 261.0830942227825 261.1554661486446 262.3330430372047 262.57738308716904 263.29831273073296
260.2689691466152 259.73519269206287 261.0658831492947 264.794078630767 251.67264335442633 245.85553534081797 252.7871107266038 252.02717283963517 256.4475024456634 256.9013828992911 255.84496293611272 256.5849250301802 257.4485586401568 257.95112219004136 258.8340280384944 261.08881908818836 259.99367047289184 260.1557223501826 260.1312299971319 261.12224691247064 260.480717167503 260.50642950375357 261.48140189494814 262.4686403206492 262.6804883907628 263.6573694112834 264.853061783272 265.9179457163301 269.4894757068589 281.4471519223979 272.8998222758734 270.4063280434525 265.6005389316717 267.4071750794944 271.9439132521468 279.5895484007434 273.8124965405129 269.74844708278965 263.72270354683894 261.62620296663846 262.9024045917431 262.76643793158587 266.59580999759936 267.2348657944143
260.6885134271748 260.47159934961326 261.34462461917514 264.1354726848069 260.7751178713469 246.7080661044432 250.13655060786618 249.47343641086596 253.45358297962616 256.6061591999974 254.9324673857617 257.1892905155315 255.20090321210694 254.42647465587206 255.6517127396919 257.15600309516884 256.5946484491068 256.4027369292007 257.4723218269333 258.74353622825817 260.5129306603724 260.2157334798071 260.61075785572206 261.4171750394451 262.3891960340374 262.82053089107205 264.1991516404407 265.4521433080246 269.6714561467991 279.66504998559 274.19242394967944 274.08543155342545 272.6001101162537 269.1511828920604 272.1849211799726 282.39223078259954 272.55975147760404 269.1326231182636 264.70144115194404 263.18185267137466 264.1464079027667 262.185685615797 264.8630174419286 269.4822167429491
