resources/Input/dataET_raster/LwrbDownWellingRaster.asc
NCOLS 189
NROWS 177
XLLCORNER 690600.0
YLLCORNER 5139200.0
CELLSIZE 100.0
NODATA_VALUE -9999
[rows 60 to 79 of 177, columns 88 to 131 of 189]
258.3830945513552 257.63494864303925 258.7552864704533 261.4104986847838 254.68055287857496 250.74762082301817 250.7748362809505 252.49007159342764 254.2289410995276 260.68202885897665 273.03151431544643 261.2651751580396 261.7513901198347 262.27595473067765 263.21698390331557 268.0618542223403 263.9442594357258 262.23585650527133 247.01496366379394 255.02764771760855 266.1000709102978 264.3007998357674 268.28633937717836 256.46618065664677 243.86550715088424 233.03694277544434 236.62065074194973 257.20919156240495 237.89216117111357 247.09727222019495 267.90037043943784 262.1753680104812 259.07651519087324 260.74019418462626 264.4092578790711 253.47652974178695 230.56873603373455 230.5976946849185 226.4014677644678 233.70027830514272 241.81633140205065 245.2984731781217 242.78238541014218 240.5253373994741
252.29463369515224 252.4802185647332 256.61212924636925 257.2128042918742 257.0228977139578 255.4104887811757 250.30310176468106 249.8467791373222 249.45351153065423 257.32147507336 263.0531925623501 259.6131605135122 261.3205043917937 261.35829071566195 264.98562221171926 263.3131078588399 261.44566246088607 262.9998407186914 256.9314160971278 250.38167818917975 276.3785155172192 271.02902367363043 266.5182417460826 269.38429708380494 246.01787068342847 237.07393670933973 232.63955818068837 255.9445994684673 233.40983813270424 234.31039936413168 247.08949726164116 261.4800999181979 262.07104159480286 266.6466097245501 242.42740294235307 232.48969578593307 232.47781197425758 235.96717099480304 232.24295984107937 235.30159742496429 241.78678341436 248.07498072669284 244.43828767490504 248.44415587685688
253.38730970957977 250.81862978220025 256.4783077940194 256.3290384611753 253.69938667948915 251.17742416142104 250.31368548016312 251.35585108701022 249.92972329787753 250.94526847801373 261.8043913366499 260.49475258782934 262.639884169251 268.4052369206646 268.2155782641981 268.5639414030391 265.0922277255314 266.3939855257331 261.6865396725367 240.47398250850932 242.25046133988425 276.8872357011201 272.90023190399063 271.50983469555183 245.90642274087355 247.14256400549544 230.14580162115055 229.66445024971483 233.29458584831647 257.95193917854976 260.57657575114985 259.05788548059354 260.80198912004687 266.8761805737508 237.04913317884535 233.65706685246002 239.4351074275201 235.81915181569863 235.82147474153794 243.43838689735017 246.9133081058236 244.76431407251727 242.96704405328913 243.34107935657624
256.8102461471812 249.85459454721965 252.32047204822732 254.63996023306333 254.1091221514476 251.61059981209343 250.09356806747556 251.28315498377683 252.33986350200283 249.52553613333575 259.39322747992253 264.38691062445054 261.9875515088843 266.9073860325327 252.22101323785802 273.07184946689887 270.7912296141123 267.0910625130904 271.22280985659626 273.73272997357765 250.01797434054498 236.18555292012178 273.6479942921234 269.77547208135877 270.6947140189941 262.0451244914571 251.61970999520614 244.26422411288172 220.90238559439746 251.56881160787523 265.03402204202644 260.6233526791587 257.7387825837736 262.92838788946193 244.41914716945766 230.41838403663638 239.62052921101463 238.63753560548528 236.3314389327515 243.28697931614514 242.10292028497196 241.65963026460923 240.905114428532 240.54927353637254
252.01230389621978 250.5496263178555 248.01308927904677 248.35090283477015 254.96324664186398 249.88748420564488 250.04413143899038 253.0402615455412 252.22805289078997 253.6049228138998 259.4121618361527 262.207135474882 259.0823815987271 254.1785459900205 236.2374395647097 247.24340685948908 275.8046995413963 269.3722494511982 266.68659254591773 269.7502901058831 273.1609950671076 245.43587443443363 232.70801445562526 245.29721713363017 265.1079236111291 262.9497303086706 257.91176673004463 256.5805139077315 237.86870905257504 233.81947032856405 272.1958894837652 267.44406727481703 258.85900906285946 254.857942230399 263.51838059842146 234.7127359897733 234.07776079865886 236.4104679252741 245.28960519304496 241.4661016373003 241.12856326391727 240.75197624347808 238.70520951973208 238.12940598530213
262.2127939075079 254.29908426139588 245.29056615193775 244.40588589659356 252.01487636794155 247.60163322523914 249.534730461757 249.8640030078761 260.4279542600561 260.06752519604646 265.89113967541005 251.8205926022062 265.8552490820691 271.23288391180506 256.73034165108425 241.47084702235853 245.74099863524975 271.83161498209165 263.431566244766 265.52293022954075 263.1480691405941 260.44811231201555 249.29414560346996 237.0990622914957 227.86245361944987 249.59789587865345 243.3651364153051 241.54946861341404 255.60703639392204 223.72965610351724 237.443373160267 242.04800178389848 255.64668691212313 246.58443656047314 237.31925271717745 246.17223947070488 235.20999021065893 236.86828197167486 244.63840886882656 242.33565048148068 241.33468079792465 242.04130944630853 241.15338682488724 236.68775796420687
268.8179697664665 263.85289408466224 259.09784372297315 262.5564045444974 250.17473103149135 244.9713448424462 245.80518725020477 249.65542260912815 251.4982679005533 245.95711928769094 249.71966628513968 256.71405880383423 249.8657110361268 248.73049904219914 243.32084040477372 256.2401945286165 239.1873244698238 253.99507026241724 267.1827539252415 263.7281971221789 259.92603622935223 263.2555030895214 260.2316385204017 257.65516049446785 244.07989654812894 233.3314712303698 229.685329334778 229.38213760993466 224.3940215216369 225.16133936103515 249.14911154747452 250.22495898261383 247.61907216789325 247.23871758920035 228.89865014221985 227.53169966873966 238.38501847651605 243.79845458094132 243.6008193938701 243.43475476506748 243.06393765613493 243.25862267933982 240.75417200412463 234.90023695849524
265.61623877862417 266.90883675802826 269.9813609941598 266.5410965437193 261.2798330653178 263.49082126264335 254.47837788566093 248.56269564847665 249.13554897977423 248.9627901570284 248.16278765428078 239.31528063294948 236.50672949820932 237.10469935181752 236.0355909761118 238.54606724276704 243.24519392241777 249.95337763024042 268.8440664039601 260.5476480591933 255.93438110256614 257.64172585599727 253.8344935702292 259.61639557022704 259.70667276425945 260.34719989735186 247.88777553071492 239.21661114336504 232.24145646875857 228.8164398931126 240.2634301176021 240.55866171057713 241.36550574586374 242.63226469262605 234.3904478205283 215.6213626541099 236.13034323419913 250.71533142391118 242.26796802384757 240.18578435592906 246.33455146268673 242.33097069196256 242.2535466688797 232.00373627298845
263.79077083770454 267.74410274508045 265.9588526590396 263.07681958448836 264.57530810425675 268.7820878965982 265.88845728784315 264.71164665049923 257.7696751673439 258.9012046671521 253.9273198396795 255.39532614433108 255.5710701242465 261.50914504261465 243.28867667704577 231.0013177428544 228.31752179156916 242.4619138524218 254.201973569781 270.14738015445687 254.23429082679502 250.9062747327082 248.22302748648144 251.24992015438818 249.6419716436774 250.02770493610637 242.63845467019925 231.0760559863707 233.4054763274621 242.2109877073682 243.73105291413776 245.10200533469276 247.7316767029988 245.50867413553524 240.55830294424123 221.01928747992653 233.97563858663273 250.73918897283718 242.69084534865806 236.32295581536602 249.5873913830711 243.32053191274457 243.26928622796126 231.49392271112487
263.6623509494304 268.5875192645537 267.486589887223 264.57953658518807 264.5777077520044 268.131599879566 266.04214473710624 261.8977517447136 256.623955767232 255.94897647142056 258.0790079520798 257.376474937392 255.8141957619028 255.25602889439472 260.1363642889295 257.51164790770974 246.78390690635925 222.8771285380554 249.38712941881184 245.05575059637994 261.1538085138711 255.93930819699037 248.20348462811126 247.806119997055 247.5960135114256 244.603122748351 235.30702453077592 233.17435674573656 239.52579517400312 246.59628829939902 245.1200023657767 246.18509819959695 246.97425753297117 250.0496698477961 248.1434867606339 226.28136897861447 232.50926530285773 247.21473826990913 241.4399403684165 234.32358340373645 235.5689796984749 235.8084190071836 233.30314246131468 230.94782640437901
265.58979120277894 268.8188874370078 268.3980088131535 269.07438757438194 265.62090230737715 261.77512746388817 257.09173842185555 254.84015916606347 256.52254401443486 260.8562436732945 257.96309379602087 256.2162370120698 264.733661833761 258.2340776439584 255.11271978410733 250.5262851801691 246.8062711674056 248.91420370480654 235.0554097262953 226.65901123499248 250.2323401066261 243.3335681514643 243.21729676278446 238.29237953328013 230.8076457685391 223.86981512154236 231.91988261937772 246.34096261691298 245.40943387082157 243.53908505002886 241.3062125406899 242.61758787475446 245.55929802268165 242.48545659597886 250.88041661104842 227.65190358761797 237.59616824819534 238.69676337815505 237.05232352961877 228.54617319642733 221.80433323067115 223.52086633245068 226.71365450368677 227.7885673640212
269.9149746739592 267.3527892207505 270.4708827478988 267.8773291341024 263.6376883494304 262.40016967154986 261.11243491694955 261.2793920720626 261.0748710565176 262.5759515448805 264.1273463448858 261.6548357070302 265.92089981573054 258.04022414932916 257.8190899185911 254.35757753055026 254.0006128098139 253.37530638399494 258.98345961195594 246.05724628109533 239.25642865169834 226.91553133478845 232.1828430306447 231.23032182964772 234.48952821385194 236.82865641768979 244.75352082398322 248.7320629515835 244.17711619745333 243.35289319685359 242.79248516727054 243.17094989603078 237.98396367103618 234.20264456060556 233.08375246226495 234.00826162409902 231.7627285613391 227.89452078247638 227.5766879194445 221.33435531338324 222.0295577012337 222.70923218127243 229.61821611725026 230.7400423906706
274.6365612630202 269.2605883410353 267.6973975511573 267.16028932298076 266.3536178696682 264.9548835833085 263.50279203356047 263.66352374858184 264.40159242170387 267.0976807055786 267.21027987519074 262.7065527095282 258.45629897363244 258.24532731380583 254.9849791072498 256.1613065119289 256.5218524483747 258.35855288925575 257.3712751322188 251.4288170098216 252.2233493668312 234.50596403313924 228.31116142228655 239.75693414912976 237.783216530784 240.84036434588697 244.86608129013348 245.107923990752 245.37948901478035 245.93998143004657 242.88226555817704 246.00452386151477 237.94627798460408 231.20388779275206 234.37861621132328 238.66488527050038 232.97561129928232 224.35533084529962 223.3828851521545 235.6550324327805 235.85539026149456 230.03344726302345 226.82051295589088 231.48856877277152
281.89693468817524 275.945833293956 275.9046848603099 272.4461734230343 267.990800952722 266.7649898677044 266.55589823651906 267.0202436484218 267.8916245630819 265.1985306827453 260.32975218979163 259.777264341428 256.75209957653254 255.39861409357155 258.83266218129904 258.1849897416358 253.16765866058606 253.7375805831615 254.5203228288944 255.3648766797862 258.5923673110654 242.79592005256967 226.94392288475788 233.3485352438562 242.5925665951465 240.9099879464088 242.93497312857275 246.34419026286588 246.17862871514058 244.29769266394305 243.44414454013906 243.3199387463134 239.53827033005768 232.21903765728538 228.74517835280287 231.74973094721648 238.40121447028892 223.45741507109028 219.68797078159145 229.50650756422436 234.3690148447534 236.67794177441522 232.28988225147876 232.1719955780014
275.25062892919124 273.64685109998584 275.01469234056526 276.28244123579316 272.990858189012 269.20220956458957 271.65959139823093 264.364397293773 263.14742608238925 261.6097621433744 259.6951092778871 258.9396838189563 258.5939033306483 260.0328973872761 257.57339774912873 259.9017591133181 256.5057048166888 253.4790960805778 251.08833864386048 244.64648893236972 242.70938325798812 245.3343506740546 231.35104985291014 231.13859300165794 245.12592016989666 243.21788411294247 245.13222671312676 245.04625092614407 247.51381038843886 245.85028457044876 241.30090057117667 239.09449653184112 239.32486761904886 239.64925575682082 236.40512203949498 228.88511656082827 221.5704640647923 232.45818067435673 224.10744424524555 219.092556683352 230.52067763824508 240.77548345005678 238.15690483105544 242.18599840299413
265.74594713064175 266.1351064055906 268.34674279470335 270.66627551427723 270.63132015693276 273.2879219066791 267.7716874334681 264.9370124625792 262.6598777319049 262.3482253677357 262.8340309948298 260.1303491306609 260.91740178451073 260.44541235404654 263.6417147263861 258.98943363922785 267.02729770766393 256.74393954569257 255.37207630427997 254.38510642561187 249.26118632507934 252.64661828600418 242.1852697455924 227.0060382696566 240.21795316945327 248.67907572905722 247.03656512055417 243.63705328044614 248.40486572488595 247.33563258002712 244.98575503209673 240.66081999729147 237.6161732455567 241.39794254963303 238.11354056496506 227.28758002101122 224.9283963287831 236.1438105570254 235.16914161622 225.83730917244418 220.26888577404705 235.39215646850175 249.16110884419948 249.32034159931902
265.63674706266437 264.12723140975993 262.44304875988536 263.2749634107017 266.7418629307432 269.35887870415945 274.0292073488872 266.49795708456236 262.95601280047157 262.3531040278869 263.0040482296451 263.1521878634865 263.5158025475009 264.40197789485694 265.22140003866076 263.1665526685671 261.8675453721858 264.7927804042538 261.3021558892354 263.0779972521455 264.20973035922543 256.6432045303365 244.89423576972212 226.54136000375382 240.35768475395824 252.17535147616746 248.24742954298853 249.36598665530715 250.13011462164775 248.05603103215302 244.68284245032444 240.90972884696194 239.82174099407314 237.78886063685655 243.76240413182668 227.6184995222532 223.88123756134496 239.47138500388598 238.98003446266375 232.86098583197096 223.86338790685141 224.76269279076672 241.7803057091458 250.02114767512634
262.0383390566161 262.2287419922065 261.81584913514706 260.5705062606908 259.98763078120277 264.2141183806098 268.12653969290443 266.0552101610099 265.20801773132223 263.1681458821092 262.76270093521674 261.8946548976908 261.11327240671443 260.9696543695335 258.85843654396825 260.3099938575007 260.90070699792557 261.7222794660866 260.70912110490065 262.79798932602193 262.1742147628507 256.9998968284813 248.20375226669591 230.35669404272096 240.98811618721524 253.51269162830175 248.6833143638499 246.06294863547822 250.79709874125905 243.82642683403643 242.48892045340085 241.57223358381782 240.8229303607282 233.48032985745172 238.6355899963823 227.7063030494626 224.94091388079633 239.55595353994227 248.84327024124082 239.27573509013754 232.78191815451126 222.32492635686867 236.42278662906688 253.49765906828435
263.74289051466263 262.29208541441216 258.38541963420624 257.77936075592675 256.54463097465384 257.4761350148533 259.551641230585 263.4220370299015 264.6015512825062 264.31947780668213 263.2464761311361 262.9316802475863 259.20209523977877 258.5565068993684 258.5718482775875 259.50107793433403 259.98267345474665 260.8025566921202 260.4393835920943 260.16846130311353 259.85919315893784 257.91976724248116 256.1091703170682 233.782571323647 240.5169961640226 251.5266758510631 248.6006749832368 249.21065956127904 254.8096667749109 242.83487554410988 241.15488506022353 241.69545972443612 242.24645279035622 234.81047946251468 231.6307844649151 229.070318208812 223.19659168384143 244.5454790898907 247.4611048777986 242.65359600572305 246.3454899512816 235.09395079770852 223.64802602512754 242.86400457137142
263.831356289013 262.75246086926836 259.5202246171662 257.74032024752546 256.6041977930785 255.82646870840762 255.56750331415995 256.76806318417823 259.328655219416 264.6364237807419 263.20861537021295 261.93082511990497 262.2432812298947 259.40433157068026 258.9376239401099 259.93006436059255 260.89467615954453 262.0125251433951 260.9018293005147 260.62416028512683 260.50996150861044 260.70261277246203 262.11653183884283 246.3735393220398 239.79503619491925 258.4140452487533 251.30087271894 250.87912768890823 246.95736199536097 245.3341065161884 243.41812375674033 243.1182590497108 240.0520658851608 233.58188792140982 229.34375116329065 226.15523909267475 219.77497170075128 240.98754063012245 243.8694238738288 244.05692693307253 246.34950941220706 246.06987052765993 234.02814827348033 233.6985426380178
