resources/Input/dataET_raster/LwrbDownWellingRaster.asc
NCOLS 189
NROWS 177
XLLCORNER 690600.0
YLLCORNER 5139200.0
CELLSIZE 100.0
NODATA_VALUE -9999
[rows 0 to 19 of 177, columns 0 to 43 of 189]
-9999 -9999 -9999 -9999 -9999 -9999 -9999 -9999 -9999 -9999 -9999 -9999 -9999 -9999 -9999 -9999 -9999 -9999 -9999 -9999 -9999 -9999 -9999 -9999 -9999 -9999 -9999 -9999 -9999 -9999 -9999 -9999 -9999 -9999 -9999 -9999 -9999 -9999 -9999 -9999 -9999 -9999 -9999 -9999
-9999 -9999 -9999 -9999 -9999 -9999 -9999 -9999 -9999 -9999 -9999 -9999 -9999 -9999 -9999 -9999 -9999 -9999 -9999 -9999 -9999 -9999 -9999 -9999 -9999 -9999 -9999 -9999 -9999 -9999 -9999 -9999 -9999 -9999 -9999 -9999 -9999 -9999 -9999 -9999 -9999 -9999 -9999 -9999
-9999 -9999 307.6218702983722 310.62596634452717 306.60578618778226 306.67161165517507 310.6696476164084 317.16806514418965 311.68109231077455 314.4200177717486 316.0908408101881 311.43731248329385 311.52409059894296 306.2502005657341 302.1365019890575 298.4116796159172 293.68875111947784 291.4832507370149 288.32121514617813 287.7565406433782 289.6357110542004 288.9226889454417 288.71632135261507 287.99327901394787 288.4104698615605 287.7711542175257 286.5494361839349 287.28292621547564 286.99624828068113 286.81333313112486 286.5148140386223 286.88250837750775 287.358406481528 287.0835074580789 287.0948916854094 289.8753832349376 293.2508909664221 297.6456896714322 292.550141348816 290.44018646831034 289.20704599926506 289.4333612338127 288.7583646156878 288.67926365360944
-9999 -9999 306.7145590194018 306.7587647400126 306.5100785805977 308.65322276333427 312.2979210807125 311.39203204059845 317.5681272880042 311.26624754747843 310.8123541816004 309.93782200065715 311.80905445459854 303.6656084260876 298.64574752479575 295.55330292112814 292.5456214706342 288.82568239788935 288.8822329612105 289.03028614074947 287.9270955124665 287.87577200066625 288.2826927160907 288.24265866482864 288.46135382382886 287.7279512076145 287.48446249986023 285.98477863179886 286.5064085468782 286.9372712252241 286.4069228869945 286.95803222640154 287.1230371082656 286.36502659921257 286.95432137169246 290.45278342773014 294.66107515269874 292.14799819785424 295.4270994989786 290.8842098534813 289.77011192856946 289.2330368119338 288.7155280710521 288.4411666787214
-9999 -9999 312.1900331117893 307.4409429333712 307.1475556241558 307.0040454987589 309.6844073491626 314.6473595351164 309.664483615483 308.01055281160507 309.4769909245542 309.46523239754003 314.05167458070724 305.95374041383445 297.29162694008477 293.1471877387885 290.64811570486324 289.8770991699412 288.57495099749104 288.22304029627554 288.0577816686776 288.34185205008725 289.68295496783935 287.8554876809228 288.78744599750405 287.18824240787694 284.9483932006454 284.6250211654232 285.2620604562319 286.0915242283707 286.38370299516197 286.9464799803471 286.06963309474685 285.63906480671795 287.15589187497653 288.16586315031526 289.2509624236783 290.5178308383725 291.30387388085757 289.82098929397614 289.00409477749923 288.3890495094355 288.05465806658 288.1372034194709
-9999 -9999 309.8604241863927 308.2504370641817 306.66748585647923 308.6077055775552 312.11644289691435 308.65695873066153 308.94127685764124 307.0480820163329 307.4342633866762 308.4464698210274 303.02409590686176 310.71918226067726 303.2077745755873 293.43784534379705 290.6129827977079 289.24558749565034 288.07188015529624 288.41371353008253 287.53050472593776 288.0789760903159 287.0064661797812 287.9246138706101 288.46050734693995 288.37905125167663 285.6223877151622 284.12484208087363 284.4310492328982 285.4599581222957 286.3512617168068 285.9856741869221 285.993669308387 285.57297001787487 287.9098833593537 287.86469610624744 289.13390847950626 290.6956331087053 291.90598275641725 289.8979898643146 289.98942919158054 288.3533784252773 288.106255155129 287.3761107150514
-9999 -9999 306.7706984833844 307.8703414692789 308.9103412946652 312.20010620782284 311.8532634765015 307.23928743459965 305.62017049306843 306.74342298911324 306.7585958176953 304.8211804712409 296.1890995630975 293.59857815303985 292.19362706596667 291.2824510961623 290.73084230791835 289.50959972820743 289.60244950021104 287.9624539862004 288.1214401296881 289.95069691119284 288.1317499079544 286.0892177366023 286.6310185181817 286.35252474376136 293.07882872502205 285.05870907986207 285.0539249620671 284.937275694409 285.58265959068206 285.7782272543936 285.8414881999802 286.0397280514714 288.31843034383144 287.63196018779956 288.454387414914 290.22784829283535 293.36757097393985 289.80253556287414 290.04945634537677 288.65426112736725 288.48361986157414 287.96915830573954
-9999 -9999 307.72241775917314 304.17007594726033 306.0135094920127 311.20193746566724 315.06697308202206 310.5617058520884 304.24810653109387 302.6707911426435 301.1313260718245 297.9649313583549 292.2186355122836 291.90045815592987 291.3935550224629 292.7529764235808 292.8751399511974 289.1499530772443 288.0736979405852 288.9762299702759 291.450617337851 289.5982509354102 286.5490328397847 285.9681428569447 283.95082735802623 284.06617329201964 286.0634469904701 290.36484597749023 284.7347873359962 285.9141848437627 285.44548293609773 285.6566455314928 285.462952507824 286.2438724680056 288.6291743293133 287.80664014688955 287.9131652871077 287.7636370932154 287.7052778736728 290.4467106470828 287.4800623688872 287.85042189648584 288.45380254889983 290.4601531281859
-9999 -9999 311.05867434115555 304.38108838139243 307.0511675080156 306.98338195845514 308.8615831791776 310.5212450933617 304.41896937185794 299.2835161273034 296.8266295889074 294.7533608935078 292.5867088453949 291.80440655887185 291.035390365331 293.0872582698448 289.2818018666636 289.04613468391074 291.7731204777935 291.86500202044266 289.7664071095238 287.664038773041 286.28280783086 283.8483459284009 283.13620392760146 282.95668461801995 282.67235053471876 284.2385984531618 284.65753119477887 285.3485177360126 285.3095042675468 285.5840381264725 284.96182748138966 286.27846871938254 286.3530832286874 287.41910453548303 287.4709847540162 290.0712925301244 287.9792264822266 288.53918212245316 288.04055105666794 287.49446451548715 287.46268368617837 288.14082014603514
-9999 -9999 312.0965140348209 304.1005587256584 306.362834247576 304.57730028542727 308.1008336383608 308.2036644617008 303.04637087425783 296.33938671240816 293.35029936858535 292.79585221775903 291.6720459937406 292.84610817217776 290.36594649638363 290.43949499316733 290.24531841720966 290.44162772709564 295.1130554746236 289.02919660870526 289.933940397394 287.23414341557987 285.77334165955887 283.8888564799692 283.44381097989196 282.31257134546337 282.2619758440744 282.76901451187416 284.30276360069075 285.8563495092326 284.8632522874368 285.0532939776656 284.8748897082295 285.2175868032417 285.2649702578319 285.7721080503136 286.7629955477844 288.17602570891296 290.848793593092 290.6143852751992 291.0773119012748 286.4195352084403 286.4790745214063 284.64640522199613
-9999 -9999 312.2080407459393 305.7476130865269 306.1332590442919 308.4479760869932 308.7278361095696 305.6278225386107 301.6747525884027 296.69144022390435 293.00669205414994 292.22911806822964 294.2835387898159 290.7821961334172 290.06319395861533 290.55407013174346 291.0441682420259 290.18872959471923 289.01502796530946 290.0713512405562 288.9236829603396 285.6593682964857 284.1429961030532 284.123312858933 283.42139778674004 282.5494192100334 282.594010014585 282.71549692960133 283.38796841986067 284.1562200409615 284.2075635328169 284.0406298289327 284.68449413443705 285.3882690548373 285.28164911423363 285.5029415879637 285.42911505051404 285.63653898239176 287.629084796984 287.9566421583793 288.58255886583964 286.0366423795936 284.25671375003157 282.9016874983707
-9999 -9999 310.2658692026983 307.69758383042847 308.26000430315116 308.182668216783 306.00428650334294 302.12986577123206 301.21636602878107 296.6747491894859 293.1171988072763 292.20489057852654 290.99378342740795 289.8573117223941 291.25648394964117 291.04852277461504 289.5087270316537 289.30774092530123 288.25761537139863 287.5512431622394 286.6688094003642 285.4401170211796 285.4072330631934 284.1684148107309 284.0387479275473 282.7421960929531 282.6508260552236 282.78028434361397 282.92203645452923 283.4329214154276 283.78602579042774 283.59591239494375 284.83282462729414 285.00722929370505 285.48870492467603 285.5385541540325 285.49292374583575 285.4670974495869 285.3730133490689 284.7582153000252 284.64803704594834 284.42921353837386 283.09424676483013 282.918439894054
-9999 -9999 311.68856901149536 318.059382360113 309.7398648087335 311.37448626382405 307.76956014991026 302.5483307173505 300.0301042269211 297.78661360082344 293.8582494344035 291.8398337045759 291.0310815628843 291.336933237354 292.72980870278724 290.47344032597516 290.50378071206785 288.7777681108208 288.13731391357686 288.18510776799656 286.61231189619133 285.31563622432446 284.2342514884318 284.02245086373756 284.08003943680114 283.26216414892355 282.41351934338104 282.5420681258942 282.83775248241307 284.4082036347403 282.90012060498 283.0320749204961 283.97004582201856 284.58087770171323 285.83058016248793 285.48248098195046 285.4700717524741 285.2570589548285 286.31742143199983 285.5248720712178 284.6765237297359 285.8417962635643 283.5931889255391 283.3591248531979
-9999 -9999 316.0405122592604 316.6929034543829 309.5490028993315 306.994964982361 303.9743180821384 301.92588132278075 300.7573440305441 297.76450173524944 294.388499337222 291.79024439127454 291.3429272337155 293.9407855905057 290.2899901261999 290.25962168053263 291.6048999286423 288.08023060444907 287.9776236763502 286.82026659436855 285.47828342008137 285.27252833746707 285.30299166800904 287.66029133100284 284.42629599984303 282.6680543366099 281.85868649601326 281.8488985806525 282.2298054709228 282.62990380253757 282.67973565322814 282.88047346769446 283.42328182693444 283.83542017629793 284.52085177470184 284.9320391480058 284.98132452345067 285.64628540393 285.00946706825715 284.2273809117473 284.2922713717005 283.9716527296801 284.7090050419298 283.17728031870115
-9999 -9999 314.18705267474814 317.11988322231593 321.9501690229889 310.14158059947965 302.85036797617545 302.1754919912245 301.6241222524405 298.17982822923506 296.39440020307705 294.2718772739157 295.6530822841053 291.31566166291685 289.59621995840956 290.0382144732974 288.3849215973599 287.2878728161099 287.1056189959311 286.48558570705046 286.21226528397494 287.7967237235925 288.9700759516955 288.015994395228 285.3993778667989 283.7044347974948 281.60059622228454 281.2680268715284 281.4952983908434 282.0529023023113 282.39417596220613 282.81641221103666 282.94217787274954 282.83295640880345 283.80823769699816 283.7786640568069 285.06834203180006 283.0783422110148 283.1637638705422 284.370839754787 282.92509221442083 282.74846963901047 282.34285285820664 286.4236155980448
-9999 -9999 324.958908237606 322.30537632497794 313.7111117318871 311.77386465198737 307.1619121892295 305.61981531855776 301.3756600878096 296.9011978168606 296.87237161196435 299.42388280138175 290.94048368741994 289.0463654513497 289.18596370911956 289.1050963029926 288.1841555929746 287.38025504923513 287.2081645375501 288.12458231217533 289.8114601251745 289.1197477299237 286.11499315058 284.7133553656102 287.92493966115217 283.4928040721028 281.5726419226969 281.12341578186545 281.3723619680413 281.97099132057957 282.01872499702847 282.08968802837563 281.9717688344929 282.1094117690895 283.0813270584777 282.0955445664347 283.21546377464307 283.50437056358055 283.1589685102996 283.15072107565715 282.13426978861 281.1225177923824 281.45969695531676 283.8733975810686
-9999 -9999 316.5614668217537 312.88212891025063 310.86510501191583 307.65283177605636 303.285021500774 299.6325749774088 311.50510279976544 297.1180169775259 295.166635759326 296.8794452879436 292.5832264577624 290.66439999355134 289.0654632541683 289.45265361585757 288.79695916780247 289.154593874575 289.3127790958972 289.4321035215187 289.30197939139265 286.7242674681746 284.38630146264967 282.78952203632616 282.24730473445624 281.9195449495604 281.58029406775495 281.3012967710781 281.76104858811 281.9484765511977 281.89762831038445 281.63861919988375 281.74486700764703 281.8348436107025 281.3773974379593 281.70999281911986 283.07698845737434 283.2791324897295 283.30397826798674 283.2515212392192 281.7218204373347 280.18036657658934 280.39259178854815 280.504459989726
-9999 -9999 323.5739740198725 316.6235395072365 311.84069905604923 307.8911017109607 302.5502250980523 299.0959077372533 301.60474819198066 299.6285031557129 302.11118633298895 296.55056736847547 295.32113115146774 293.36940925935824 291.6168352592332 290.45020406938636 291.64094375097665 292.4223839762772 290.0674739868599 288.71022410469755 286.50839342438877 284.49928826363066 282.7774566886778 281.9267035917161 281.44999138085535 281.2484577829029 281.2585123615173 281.40211295063295 281.935761579928 282.06370884900514 281.9808626352548 281.790513374103 282.2278370082177 282.10707435291573 282.27580189312795 282.72825483791325 283.3625583340057 284.02371844271136 285.2618052101281 284.96978719740287 282.3599203873594 281.34460964792567 279.9780808744912 280.5480892866903
-9999 -9999 315.4422992994772 313.06691594649334 310.37916972348756 308.77751695886224 302.89739484125715 299.03341470001425 299.1636643752151 298.17049594355154 296.9159197075211 296.1176743153554 298.37268990612256 297.46504635865284 297.14378304637796 292.0851908570648 291.9936148654186 291.07819410810447 289.96609657564267 287.3716911080993 283.90593562571576 283.2002218410468 282.6129640285492 281.7899258816936 281.4248986921831 281.3497846605679 281.3040718857901 281.54121566055653 282.1304749971161 282.0059565214944 281.8526147833261 281.74212413118346 282.12550801532444 281.95831001176805 282.8714425858688 282.61639000058153 283.7557978493928 283.8655545823056 281.39855015227266 280.1653020953769 279.7316268874023 278.6744859335397 278.7495174293333 278.98618976334427
-9999 -9999 309.5838748320524 310.59383244862335 310.53003400594616 306.5476226126042 300.51432982093604 295.7666076043814 294.8116357199522 294.9643168424443 296.0934614505235 295.9986708608711 294.3839482177988 294.9807884528512 292.6850192665423 290.8449362921397 289.43152808191735 287.98287173327765 286.35886591436787 285.2501685426827 284.46332655244237 283.7281702392408 282.9654650262397 282.1987495743459 281.8546429955552 281.64590615496985 282.0204383841255 282.97245394434754 282.0976139222504 281.9081804368554 281.775824849838 282.59012910030475 281.62340827719447 281.65547134318734 281.86998523764925 281.980213445961 283.7522734259101 279.8202380582483 277.35009079742605 277.6721401724101 278.2098461991 277.96350651170644 277.9049612564418 279.7300354758346
