resources/Input/dataET_raster/mybasin.asc
NCOLS 189
NROWS 177
XLLCORNER 690600.0
YLLCORNER 5139200.0
CELLSIZE 100.0
NODATA_VALUE -9999
[rows 40 to 59 of 177, columns 0 to 44 of 189]
887.84002685546875 889.07000732421875 899.96002197265625 898.96002197265625 898.34002685546875 906.21002197265625 916.21002197265625 916.78997802734375 900.719970703125 904.07000732421875 916.96002197265625 910.83001708984375 908.1500244140625 892.59002685546875 883.75 902.46002197265625 900.280029296875 905.9000244140625 905.030029296875 895.510009765625 867.90997314453125 871.27001953125 838.1500244140625 847.33001708984375 866.71002197265625 869.9000244140625 881.219970703125 888.09002685546875 902.75 924.3800048828125 954.75 984.4000244140625 1002.530029296875 1016.780029296875 1036.760009765625 1045.68994140625 1047.760009765625 1067.9000244140625 1088.1800537109375 1110.1800537109375 1137.6300048828125 1162.1800537109375 1191.2099609375 1222.1800537109375 1264.56005859375
896.21002197265625 908.9000244140625 913.09002685546875 930.1500244140625 952.5999755859375 993.07000732421875 972.82000732421875 965.1500244140625 944.5999755859375 943.1300048828125 941.1500244140625 939.45001220703125 935.34002685546875 933.57000732421875 916.1500244140625 925.530029296875 933.280029296875 931.70001220703125 923.780029296875 909.27001953125 913.030029296875 896.9000244140625 844.82000732421875 881.4000244140625 903.8499755859375 881.96002197265625 905.46002197265625 919.77001953125 932.46002197265625 924.21002197265625 935.19000244140625 957.530029296875 975.9000244140625 989.15997314453125 1004.780029296875 1020.530029296875 1044.1500244140625 1081.3399658203125 1111.0699462890625 1149.010009765625 1173.8900146484375 1225.4300537109375 1271.1800537109375 1274.6800537109375 1332.5699462890625
916.83001708984375 933.59002685546875 960.1500244140625 970.4000244140625 999.34002685546875 1001.32000732421875 1004.21002197265625 986.07000732421875 976.59002685546875 964.02001953125 963.0999755859375 966.69000244140625 956.8900146484375 950.71002197265625 946.84002685546875 954.40997314453125 951.8900146484375 942.44000244140625 937.70001220703125 938.219970703125 929.5 901.25 859.260009765625 895.3900146484375 940 897.28997802734375 946.9000244140625 943.58001708984375 946.780029296875 966.84002685546875 979.3800048828125 965.6500244140625 967.07000732421875 983.84002685546875 1000.08001708984375 1035.8199462890625 1077.02001953125 1111.1500244140625 1151.0899658203125 1190.010009765625 1233.1400146484375 1239.06005859375 1313.6700439453125 1337.8499755859375 1346.8800048828125
943.53997802734375 971.19000244140625 984.8900146484375 989.46002197265625 999.77001953125 1010.09002685546875 1009.8900146484375 1003.71002197265625 986.65997314453125 986.59002685546875 989.9000244140625 985.19000244140625 973.3800048828125 963.280029296875 964.46002197265625 967.6500244140625 961.260009765625 959.5 966.40997314453125 960.34002685546875 937.8800048828125 918.780029296875 884.1400146484375 904.3800048828125 946.75 914.84002685546875 965.9000244140625 971.96002197265625 978.77001953125 967.0999755859375 998.1500244140625 1008.20001220703125 1016.09002685546875 1010.46002197265625 1040.06005859375 1061.9100341796875 1102.4100341796875 1155.6400146484375 1201.010009765625 1234.530029296875 1277.3399658203125 1305.0400390625 1332.0400390625 1397.760009765625 1438.5699462890625
970.84002685546875 1003.760009765625 1013.21002197265625 1006.530029296875 1018.1500244140625 1030.6800537109375 1021.77001953125 1007.09002685546875 999.57000732421875 1002.780029296875 1012.530029296875 1003.530029296875 990.65997314453125 977.09002685546875 977.94000244140625 977.46002197265625 976.3499755859375 976.34002685546875 974.6400146484375 974.010009765625 953.96002197265625 947.469970703125 898.25 901.95001220703125 962.9000244140625 938.15997314453125 955.69000244140625 1013.21002197265625 1010.09002685546875 986.44000244140625 1021.1500244140625 1038.6700439453125 1039.0899658203125 1040.5799560546875 1044.4300537109375 1078.7900390625 1117.510009765625 1172.9200439453125 1223.8800048828125 1276.5400390625 1315.31005859375 1339.31005859375 1375.449951171875 1421.5400390625 1491.4200439453125
983.010009765625 999.1400146484375 998.57000732421875 1014.780029296875 1029.4300537109375 1027.6300048828125 1026.1800537109375 1010.96002197265625 1006.34002685546875 1029.3399658203125 1033.1800537109375 1013.780029296875 998.59002685546875 995.28997802734375 995.9000244140625 1001.530029296875 1001.969970703125 993.75 990.9000244140625 986.75 975.84002685546875 944.03997802734375 898.25 926.21002197265625 990.71002197265625 993.8499755859375 977.83001708984375 1042.3399658203125 1045.550048828125 1016.530029296875 1031.31005859375 1051.4100341796875 1059.949951171875 1058.8199462890625 1068.550048828125 1082.9300537109375 1133.800048828125 1191.02001953125 1247.75 1293.4599609375 1335.9599609375 1385.8399658203125 1442.5 1475.800048828125 1544.1800537109375
972.030029296875 997.69000244140625 1002.96002197265625 1010.95001220703125 1017.469970703125 1028.760009765625 1022.280029296875 1016.780029296875 1014.469970703125 1027.2900390625 1025.6800537109375 1021.219970703125 1011.1400146484375 1009.59002685546875 1020.59002685546875 1026.050048828125 1030.56005859375 1016.57000732421875 1010.84002685546875 1003.760009765625 982.40997314453125 937.84002685546875 927.69000244140625 984.34002685546875 1025.4100341796875 1030.510009765625 1000.46002197265625 1039.81005859375 1078.300048828125 1047.219970703125 1049.9599609375 1081.8399658203125 1089.9300537109375 1079.81005859375 1083.02001953125 1102.9599609375 1136.8800048828125 1199.5799560546875 1267.3199462890625 1316.02001953125 1353.43994140625 1424.6800537109375 1484.5799560546875 1528.3499755859375 1594.550048828125
964.03997802734375 979.21002197265625 981.78997802734375 981.53997802734375 999.969970703125 1013.1400146484375 1014.59002685546875 989.21002197265625 1012.75 1019.030029296875 1022.3800048828125 1011.280029296875 1019.90997314453125 1034.260009765625 1042.6800537109375 1050.3499755859375 1056.1400146484375 1052.1500244140625 1033.8199462890625 1021.94000244140625 972.46002197265625 973 949.34002685546875 1014.71002197265625 1043.1800537109375 1071.06005859375 1060.969970703125 1063.56005859375 1130.969970703125 1080.199951171875 1082.31005859375 1117.25 1111.27001953125 1116.6700439453125 1112.6300048828125 1123.3900146484375 1145.31005859375 1204.81005859375 1255.3499755859375 1313.3900146484375 1371.300048828125 1439.5899658203125 1503.4300537109375 1576.1800537109375 1659.8399658203125
926.59002685546875 942.9000244140625 951.4000244140625 960.0999755859375 976.760009765625 993.5 983.21002197265625 974.33001708984375 1002.969970703125 998.40997314453125 978.780029296875 1007.8499755859375 1040.1400146484375 1045.780029296875 1080.510009765625 1091 1093.550048828125 1090.8499755859375 1059.56005859375 1027.8199462890625 1015.6400146484375 1001.32000732421875 965.59002685546875 1020.030029296875 1066.56005859375 1110.5 1136.5699462890625 1114.550048828125 1166.949951171875 1144.050048828125 1139.050048828125 1166.1400146484375 1170.4100341796875 1152.760009765625 1179.780029296875 1166.4300537109375 1184.8800048828125 1204.1800537109375 1262.81005859375 1313.75 1371.9100341796875 1457.5799560546875 1530.25 1652.5999755859375 1773.81005859375
900.9000244140625 911.03997802734375 923.969970703125 948.25 957.280029296875 962.3499755859375 950.780029296875 955.1500244140625 955.1500244140625 964.96002197265625 1003.46002197265625 1035.010009765625 1042.06005859375 1084.27001953125 1106.93994140625 1124.31005859375 1132.1800537109375 1113.1800537109375 1076.469970703125 1059.18994140625 1060.1800537109375 1027.3499755859375 1002.69000244140625 1009.3900146484375 1054.9599609375 1115.9100341796875 1174.68994140625 1185.6600341796875 1213.8299560546875 1227.260009765625 1198.699951171875 1221.81005859375 1211.77001953125 1201.1800537109375 1233.780029296875 1230.5799560546875 1239.3499755859375 1240.219970703125 1271.8499755859375 1315.050048828125 1378.43994140625 1504.050048828125 1569.719970703125 1747.030029296875 1945.969970703125
864.09002685546875 883.260009765625 912.530029296875 925.6500244140625 931.3499755859375 923.4000244140625 907.4000244140625 906.5999755859375 932.030029296875 979.71002197265625 994.1500244140625 1020.3499755859375 1067.4200439453125 1109.25 1134.8199462890625 1153.6700439453125 1160.06005859375 1137.1800537109375 1102.3399658203125 1078.4300537109375 1065.9300537109375 1034.780029296875 1039.300048828125 1060.9100341796875 1065.199951171875 1097.949951171875 1157.25 1233.0999755859375 1253.5 1266.8299560546875 1262.300048828125 1265.06005859375 1263.4599609375 1261.1400146484375 1283.56005859375 1278.8299560546875 1283.3399658203125 1276.969970703125 1292.27001953125 1328.550048828125 1379.719970703125 1489.3199462890625 1545.1800537109375 1677.93994140625 1889.0400390625
838.27001953125 875.6500244140625 899.0999755859375 901.02001953125 885.70001220703125 878.96002197265625 886.5 942.0999755859375 971.030029296875 982.96002197265625 1012.25 1047.4300537109375 1091.6400146484375 1134.0899658203125 1159.3299560546875 1169.06005859375 1175.56005859375 1156.81005859375 1124.780029296875 1096.449951171875 1081.8399658203125 1037.81005859375 1061.030029296875 1098.9300537109375 1124.8399658203125 1131.7099609375 1171.31005859375 1272.7099609375 1302.1600341796875 1310.8199462890625 1312.9300537109375 1311.6600341796875 1316.5 1325.27001953125 1330.93994140625 1327.02001953125 1320.050048828125 1306.780029296875 1314.9000244140625 1358.8800048828125 1438.1300048828125 1502.9300537109375 1556.699951171875 1655.0799560546875 1784.4599609375
822.280029296875 856.25 870.59002685546875 860.02001953125 849.95001220703125 887.3499755859375 923.83001708984375 960.8900146484375 981.1500244140625 1012.84002685546875 1038.1300048828125 1073.6600341796875 1118.9300537109375 1141.06005859375 1161.56005859375 1172.81005859375 1176.0400390625 1169.4300537109375 1141.56005859375 1128.4200439453125 1097.81005859375 1068.219970703125 1090.43994140625 1105.4599609375 1159.780029296875 1182.56005859375 1270.3900146484375 1305.719970703125 1350.300048828125 1372.6800537109375 1358.0400390625 1359.699951171875 1365.1400146484375 1372.469970703125 1374.3800048828125 1364.77001953125 1344.6800537109375 1334.06005859375 1325.27001953125 1375.93994140625 1439.18994140625 1507.010009765625 1565.8399658203125 1626.199951171875 1807.3199462890625
805.27001953125 834.219970703125 817.27001953125 818.34002685546875 869.59002685546875 908.1400146484375 941.77001953125 969.33001708984375 987.34002685546875 1041.56005859375 1075.3399658203125 1120.300048828125 1146.949951171875 1156.77001953125 1158.780029296875 1154.969970703125 1156.760009765625 1166.31005859375 1166.8800048828125 1153.0699462890625 1133.9000244140625 1108.0400390625 1130.0899658203125 1151.1800537109375 1194.280029296875 1254.81005859375 1304.5999755859375 1348.1800537109375 1381.4000244140625 1406.9300537109375 1410.81005859375 1408.1600341796875 1410.9300537109375 1415.52001953125 1419.06005859375 1378.469970703125 1364.030029296875 1365.6300048828125 1352.4000244140625 1381.800048828125 1430.530029296875 1506.9300537109375 1570.1500244140625 1632.8399658203125 1750.3199462890625
787.21002197265625 794.45001220703125 760.28997802734375 838.71002197265625 876.03997802734375 915.4000244140625 947.1500244140625 971.530029296875 1016.8499755859375 1057.530029296875 1115.9300537109375 1137.31005859375 1153.93994140625 1143.7099609375 1132.3499755859375 1133.9100341796875 1147.219970703125 1151.81005859375 1164.9200439453125 1168.5400390625 1181.1500244140625 1172.43994140625 1189.06005859375 1197.31005859375 1246.6800537109375 1308.18994140625 1341.9100341796875 1388.4300537109375 1421.3399658203125 1444.93994140625 1457.3199462890625 1460.469970703125 1473.5400390625 1461.68994140625 1433.8299560546875 1415.8800048828125 1406.3800048828125 1413.760009765625 1400.3299560546875 1396.81005859375 1437.4000244140625 1486.68994140625 1545.93994140625 1615.93994140625 1744.510009765625
758.29998779296875 731.47998046875 777.719970703125 837.530029296875 876.6500244140625 923.9000244140625 966.07000732421875 1009.1500244140625 1035.5 1067.6500244140625 1103.8699951171875 1139.5 1146.5400390625 1120.1700439453125 1099.030029296875 1105.6700439453125 1120 1133.989990234375 1153.2099609375 1165.9599609375 1199.31005859375 1218.6800537109375 1256.5400390625 1284.0899658203125 1321.1600341796875 1343.77001953125 1384.969970703125 1420.050048828125 1479.3699951171875 1518.5899658203125 1514.010009765625 1520.6500244140625 1517.6099853515625 1497.510009765625 1467.8900146484375 1446.6400146484375 1489.1400146484375 1485.6199951171875 1452.6099853515625 1416.1600341796875 1450.3199462890625 1493.6300048828125 1544.969970703125 1612.77001953125 1710.3900146484375
715.030029296875 728.3599853515625 783.03997802734375 821.280029296875 863.54998779296875 913.4000244140625 954.46002197265625 978.78997802734375 1008.82000732421875 1043.280029296875 1083.06005859375 1131.06005859375 1117.47998046875 1075.72998046875 1070.510009765625 1082 1090.1400146484375 1109.8599853515625 1143.7099609375 1173.1800537109375 1199.8299560546875 1214.949951171875 1265.280029296875 1306.260009765625 1357.43994140625 1393.219970703125 1423.5799560546875 1464.219970703125 1595.7900390625 1620.31005859375 1601.7099609375 1612.0400390625 1597.43994140625 1605.8399658203125 1539.0400390625 1510.6099853515625 1519.550048828125 1532.4100341796875 1495.6099853515625 1449.199951171875 1488.47998046875 1528.8399658203125 1553.030029296875 1628.3299560546875 1760.43994140625
686.45001220703125 763.0999755859375 783.5 806.27001953125 848.989990234375 890.32000732421875 929.40997314453125 953.719970703125 965.739990234375 998.780029296875 1046.3299560546875 1090.1099853515625 1068.239990234375 1053.760009765625 1053.9100341796875 1062.760009765625 1075.5 1093.47998046875 1123.56005859375 1150.530029296875 1173.6500244140625 1195.739990234375 1245.22998046875 1314.9200439453125 1375.469970703125 1411.7099609375 1446.530029296875 1517.5799560546875 1615.75 1689.1500244140625 1684.5400390625 1686.3399658203125 1677.699951171875 1638.77001953125 1582.989990234375 1539.25 1558.530029296875 1577.780029296875 1521.4100341796875 1501.030029296875 1524.81005859375 1578.8499755859375 1601.47998046875 1614.469970703125 1676.550048828125
656.96002197265625 706.96002197265625 757.05999755859375 773.07000732421875 825.78997802734375 859.6400146484375 882.52001953125 901.530029296875 912.8800048828125 957.489990234375 1021.15997314453125 1040.1099853515625 1037.3199462890625 1039.550048828125 1041.6700439453125 1050.81005859375 1065.8599853515625 1081.1400146484375 1093.989990234375 1134.9599609375 1178.0899658203125 1215.0999755859375 1253.9100341796875 1319.010009765625 1373.97998046875 1420.050048828125 1456.9599609375 1537.4100341796875 1616.0400390625 1659.5400390625 1721.18994140625 1775.219970703125 1810.0999755859375 1708.0799560546875 1627.31005859375 1583.1600341796875 1612.300048828125 1612.050048828125 1555.1400146484375 1550.8699951171875 1589.06005859375 1614.6300048828125 1667.0699462890625 1668.27001953125 1689.510009765625
608.52001953125 670.20001220703125 699.47998046875 762.28997802734375 787.6400146484375 802.21002197265625 847.010009765625 848.47998046875 883.1199951171875 934.94000244140625 985.1099853515625 1003.6199951171875 1011.780029296875 1019.219970703125 1025.489990234375 1037.760009765625 1049.3399658203125 1077.8199462890625 1105.8800048828125 1141.6600341796875 1174.2099609375 1216.8199462890625 1249.3499755859375 1273.6700439453125 1347.050048828125 1412.6099853515625 1462.93994140625 1518.949951171875 1546.4200439453125 1618.300048828125 1693.0400390625 1812.3599853515625 1801.199951171875 1726.31005859375 1676.1300048828125 1632.8800048828125 1650.6500244140625 1652.9300537109375 1600.949951171875 1582.6400146484375 1637.260009765625 1682.2099609375 1719.449951171875 1732.449951171875 1747.18994140625
