resources/Input/dataET_raster/mybasin.asc
NCOLS 189
NROWS 177
XLLCORNER 690600.0
YLLCORNER 5139200.0
CELLSIZE 100.0
NODATA_VALUE -9999
[rows 120 to 139 of 177, columns 135 to 179 of 189]
1838.7540283203125 1813.458984375 1789.373046875 1742.3580322265625 1688.2879638671875 1642.9219970703125 1596.572021484375 1538.928955078125 1518.56494140625 1517.593017578125 1572.0550537109375 1568.925048828125 1546.3919677734375 1500.739990234375 1454.989990234375 1410.2230224609375 1366.3079833984375 1339.623046875 1328.7080078125 1318.6190185546875 1309.155029296875 1298.33203125 1296.925048828125 1294.5770263671875 1302.7149658203125 1327.031982421875 1381.4820556640625 1407.77294921875 1430.31298828125 1448.759033203125 1440.27001953125 1401.782958984375 1360.926025390625 1359.9739990234375 1382.2740478515625 1405.407958984375 1429.9730224609375 1457.1500244140625 1479.425048828125 1529.968017578125 1571.4849853515625 1594.18798828125 1645.2120361328125 1692.2840576171875 1733.0240478515625
1787.56005859375 1768.4990234375 1755.5980224609375 1725.9119873046875 1687.3609619140625 1643.5400390625 1596.2340087890625 1545.260986328125 1508.1939697265625 1490.8809814453125 1499.303955078125 1529.56201171875 1511.6099853515625 1463.0909423828125 1412.06494140625 1384.113037109375 1359.343994140625 1344.77099609375 1333.666015625 1323.2960205078125 1311.5400390625 1299.2969970703125 1295.425048828125 1294.1689453125 1313.23095703125 1373.5550537109375 1399.990966796875 1433.33203125 1467.3380126953125 1492.43505859375 1489.6219482421875 1460.0279541015625 1399.9329833984375 1366.25 1378.8370361328125 1399.2320556640625 1424.1610107421875 1462.3509521484375 1503.97900390625 1529.6490478515625 1529.2249755859375 1593.0909423828125 1645.2569580078125 1675.8289794921875 1710.3990478515625
1748.7110595703125 1735.89697265625 1708.97705078125 1666.5789794921875 1634.2010498046875 1615.5379638671875 1589.2010498046875 1566.7449951171875 1502.56103515625 1480.156005859375 1467.26904296875 1465.1400146484375 1474.425048828125 1449.427978515625 1415.2840576171875 1384.6490478515625 1362.989013671875 1351.4339599609375 1336.3170166015625 1325.7099609375 1314.3050537109375 1301.1939697265625 1294.1689453125 1296.85400390625 1337.8819580078125 1384.1070556640625 1425.011962890625 1469.95703125 1510.9320068359375 1536.4530029296875 1546.1219482421875 1510.14697265625 1443.197021484375 1386.262939453125 1377.281005859375 1393.6700439453125 1407.4630126953125 1442.719970703125 1462.6920166015625 1477.48095703125 1529.949951171875 1580.3680419921875 1621.324951171875 1651.7669677734375 1696.3370361328125
1697.262939453125 1706.02294921875 1680.2919921875 1666.5810546875 1621.7559814453125 1562.04296875 1545.323974609375 1534.2330322265625 1520.5870361328125 1472.5250244140625 1456.9940185546875 1444.6240234375 1434.4420166015625 1431.3299560546875 1402.074951171875 1383.9859619140625 1367.7569580078125 1353.697021484375 1340.9630126953125 1327.7010498046875 1315.8160400390625 1303.3070068359375 1291.3780517578125 1306.095947265625 1358.81494140625 1399.759033203125 1460.5760498046875 1499.8079833984375 1533.635009765625 1561.343017578125 1575.3719482421875 1543.6650390625 1495.7099609375 1417.697998046875 1379.3590087890625 1386.760009765625 1404.217041015625 1421.93798828125 1438.3699951171875 1465.4739990234375 1495.468994140625 1550.4510498046875 1592.2530517578125 1633.47705078125 1671.6829833984375
1665.56201171875 1655.427978515625 1635.93798828125 1647.2060546875 1626.5679931640625 1584.52099609375 1536.739990234375 1480.18798828125 1497.14404296875 1484.407958984375 1447.2869873046875 1434.240966796875 1421.72802734375 1407.27294921875 1394.822998046875 1381.6280517578125 1369.41796875 1353.89501953125 1341.0030517578125 1328.85302734375 1316.300048828125 1303.427978515625 1290.9300537109375 1310.14697265625 1367.5830078125 1423.7530517578125 1481.4759521484375 1515.2840576171875 1545.4840087890625 1584.0350341796875 1598.5989990234375 1576.241943359375 1542.074951171875 1471.4129638671875 1410.7669677734375 1388.781005859375 1394.154052734375 1406.968017578125 1418.2950439453125 1433.4010009765625 1471.989990234375 1531 1567.5250244140625 1603.883056640625 1645.2760009765625
1637.375 1623.52099609375 1610.3409423828125 1593.0179443359375 1602.6259765625 1567.240966796875 1540.9029541015625 1491.843017578125 1451.3050537109375 1462.4759521484375 1447.0889892578125 1423.385009765625 1413.239990234375 1399.6719970703125 1390.9239501953125 1375.3499755859375 1359.70703125 1345.531005859375 1337.469970703125 1326.8890380859375 1315.52197265625 1296.4969482421875 1290.9300537109375 1325.531982421875 1376.8170166015625 1448.0260009765625 1494.6669921875 1527.3349609375 1568.2879638671875 1622.2320556640625 1634.56103515625 1618.1639404296875 1582.0830078125 1536.76904296875 1478.906005859375 1428.3409423828125 1405.1199951171875 1403.85595703125 1411.56298828125 1424.47705078125 1459.218994140625 1503.8800048828125 1546.9949951171875 1583.5849609375 1608.2259521484375
1584.083984375 1586.157958984375 1585.18603515625 1555.4219970703125 1571.2020263671875 1552.4720458984375 1520.68994140625 1479.8489990234375 1446.468994140625 1424.135986328125 1423.074951171875 1407.9759521484375 1401.1610107421875 1390.8370361328125 1380.740966796875 1370.9739990234375 1358.5589599609375 1347.0689697265625 1331.9339599609375 1314.093017578125 1311.2840576171875 1290.9300537109375 1302.35498046875 1341.0989990234375 1386.8260498046875 1465.4090576171875 1502.10205078125 1547.3280029296875 1592.387939453125 1644.75 1666.0579833984375 1654.760009765625 1616.6319580078125 1582.3570556640625 1529.1920166015625 1488.051025390625 1468.427978515625 1455.4739990234375 1429.6309814453125 1418.9150390625 1432.5340576171875 1467.9329833984375 1498.633056640625 1548.155029296875 1570.7530517578125
1567.4189453125 1548.52099609375 1556.5830078125 1530.637939453125 1523.4429931640625 1503.2220458984375 1474.5899658203125 1439.071044921875 1418.6610107421875 1408.1519775390625 1400.7259521484375 1392.7099609375 1387.4189453125 1379.366943359375 1370.1669921875 1359.7490234375 1349.875 1337.9849853515625 1324.458984375 1312.666015625 1290.9300537109375 1308.3900146484375 1327.5340576171875 1363.9759521484375 1427.968017578125 1483.1300048828125 1523.1490478515625 1567.41796875 1603.1290283203125 1669.5989990234375 1728.4010009765625 1701.56201171875 1661.134033203125 1623.81494140625 1575.1309814453125 1550.1939697265625 1522.5269775390625 1505.906982421875 1474.241943359375 1453.66796875 1441.2259521484375 1437.06005859375 1455.3509521484375 1511.6099853515625 1534.4449462890625
1583.9169921875 1553.3079833984375 1511.802978515625 1495.155029296875 1482.7020263671875 1467.281005859375 1445.3399658203125 1426.0350341796875 1416.2039794921875 1404.595947265625 1388.43798828125 1377.8509521484375 1374.5899658203125 1368.9849853515625 1359.7430419921875 1351.8890380859375 1339.1259765625 1328.366943359375 1318.720947265625 1302.5419921875 1278.240966796875 1314.469970703125 1347.012939453125 1392.01904296875 1447.7779541015625 1500.405029296875 1542.4119873046875 1587.72705078125 1623.6590576171875 1688.217041015625 1759.8160400390625 1737.43798828125 1707.114990234375 1668.863037109375 1633.9310302734375 1604.97900390625 1582.7340087890625 1550.8480224609375 1524.14697265625 1505.758056640625 1485.7010498046875 1466.4949951171875 1481.9580078125 1473.0789794921875 1503.91796875
1602.5489501953125 1565.2650146484375 1535.0980224609375 1493.85302734375 1477.760009765625 1458.6810302734375 1447.051025390625 1447.10302734375 1445.39697265625 1419.197998046875 1392.06103515625 1376.6400146484375 1367.425048828125 1355.7969970703125 1351.0679931640625 1340.0150146484375 1329.988037109375 1320.114013671875 1309.845947265625 1273.9189453125 1284.1199951171875 1319.68701171875 1366.758056640625 1423.0570068359375 1472.1219482421875 1511.2330322265625 1553.1820068359375 1603.324951171875 1652.22900390625 1717.4189453125 1770.8289794921875 1785.52294921875 1767.406982421875 1736.06298828125 1690.9840087890625 1668.738037109375 1635.177978515625 1604.2669677734375 1576.1099853515625 1558.1729736328125 1528.1309814453125 1504.7969970703125 1508.5350341796875 1506.447021484375 1492.634033203125
1623.8189697265625 1590.5340576171875 1570.991943359375 1549.883056640625 1501.0899658203125 1473.073974609375 1483.2860107421875 1479.8509521484375 1466.9210205078125 1441.18603515625 1411.2530517578125 1388.614990234375 1373.126953125 1356.0040283203125 1336.0830078125 1329.5489501953125 1320.824951171875 1309.3270263671875 1300.386962890625 1273.0069580078125 1275.928955078125 1319.9580078125 1369.35595703125 1448.406005859375 1495.1319580078125 1525.9439697265625 1569.5760498046875 1623.2239990234375 1678.9820556640625 1745.0849609375 1798.3289794921875 1841.68798828125 1836.291015625 1809.1820068359375 1761.7469482421875 1738.77001953125 1692.385986328125 1659.135986328125 1637.261962890625 1612.9520263671875 1580.9320068359375 1549.9649658203125 1538.1629638671875 1539.5379638671875 1532.8280029296875
1659.6099853515625 1640.218017578125 1608.656982421875 1565.844970703125 1520.8489990234375 1498.6190185546875 1516.7840576171875 1501.240966796875 1467.9429931640625 1437.5660400390625 1411.998046875 1390.89697265625 1375.7979736328125 1359.4100341796875 1339.113037109375 1320.217041015625 1307.5030517578125 1301.114013671875 1292.8409423828125 1270.35400390625 1275.071044921875 1317.7449951171875 1381.26904296875 1459.9759521484375 1522.81201171875 1556.176025390625 1598.4849853515625 1637.573974609375 1703.0360107421875 1787.06201171875 1828.7330322265625 1889.761962890625 1904.5849609375 1851.35205078125 1833.208984375 1802.6390380859375 1763.1070556640625 1725.08203125 1706.072021484375 1679.3470458984375 1639.6929931640625 1607.739013671875 1573.7359619140625 1577.98095703125 1581.1300048828125
1646.35400390625 1630.5889892578125 1609.39404296875 1584.81396484375 1566.175048828125 1540.3089599609375 1515.238037109375 1489.31298828125 1458.6619873046875 1430.6280517578125 1407.9420166015625 1391.3809814453125 1375.31201171875 1355.260009765625 1337.541015625 1321.916015625 1302.9510498046875 1292.8499755859375 1279.7099609375 1261.866943359375 1278.9820556640625 1322.969970703125 1376.6490478515625 1453.1729736328125 1529.125 1581.8809814453125 1619.699951171875 1666.9610595703125 1734.8480224609375 1801.3050537109375 1850.7740478515625 1911.8170166015625 1935.7889404296875 1898.0870361328125 1876.074951171875 1855.487060546875 1827.759033203125 1799.85498046875 1762.2550048828125 1728.91796875 1687.1810302734375 1643.365966796875 1604.4539794921875 1636.70703125 1642.791015625
1617.593017578125 1604.1910400390625 1588.626953125 1562.7159423828125 1543.0989990234375 1524.5009765625 1506.303955078125 1481.6109619140625 1450.5250244140625 1426.012939453125 1401.446044921875 1388.93994140625 1366.657958984375 1345.0050048828125 1332.010009765625 1315.123046875 1294.70703125 1278.6519775390625 1262.60302734375 1261.866943359375 1283.2879638671875 1334.85205078125 1392.0340576171875 1459.302978515625 1538.177001953125 1600.5699462890625 1644.9620361328125 1711.4849853515625 1768.1619873046875 1817.1829833984375 1882.0360107421875 1912.7569580078125 1972.0579833984375 1962.4959716796875 1917.93505859375 1889.7650146484375 1863.3790283203125 1844.5479736328125 1818.3740234375 1787.41796875 1732.81494140625 1670.0909423828125 1651.6280517578125 1688.27197265625 1700.511962890625
1584.6209716796875 1563.35595703125 1543.0880126953125 1530.176025390625 1519.5050048828125 1507.0799560546875 1498.0379638671875 1479.9730224609375 1443.2950439453125 1418.43994140625 1403.0169677734375 1393.884033203125 1370.2850341796875 1345.9520263671875 1328.6390380859375 1306.041015625 1282.718017578125 1272.0260009765625 1258.4010009765625 1257.43505859375 1300.7259521484375 1360.448974609375 1413.3310546875 1489.7979736328125 1554.321044921875 1608.14697265625 1667.260009765625 1725.18798828125 1778.89404296875 1827.5379638671875 1871.751953125 1931.6929931640625 2002.1800537109375 2031.759033203125 1998.196044921875 1940.333984375 1904.20703125 1884.43896484375 1865.41796875 1818.4539794921875 1753.3179931640625 1691.281005859375 1697.5679931640625 1730.81494140625 1752.3370361328125
1548.2060546875 1538.843994140625 1522.76904296875 1498.762939453125 1482.3370361328125 1475.7779541015625 1483.9759521484375 1456.593017578125 1431.822998046875 1415.011962890625 1401.4730224609375 1389.251953125 1366.64404296875 1346.0009765625 1319.866943359375 1284.010986328125 1269.531005859375 1264.68896484375 1255.0389404296875 1264.16796875 1303.45703125 1370.3919677734375 1432.31298828125 1492.7679443359375 1565.5909423828125 1618.5579833984375 1683.60400390625 1723.487060546875 1767.75 1830.9520263671875 1870.385009765625 1939.6719970703125 2062.238037109375 2075.284912109375 2049.327880859375 2006.79296875 1959.70703125 1930.18505859375 1889.095947265625 1842.0460205078125 1778.2659912109375 1731.5980224609375 1739.56298828125 1776.873046875 1808.637939453125
1505.0460205078125 1519.1910400390625 1505.6240234375 1487.928955078125 1469.697998046875 1448.6800537109375 1450.865966796875 1436.2459716796875 1415.0579833984375 1393.81494140625 1382.2669677734375 1374.9310302734375 1359.449951171875 1343.1099853515625 1303.97900390625 1268.02001953125 1260.8580322265625 1256.5570068359375 1255.0389404296875 1276.5269775390625 1325.3489990234375 1385.2740478515625 1444.8599853515625 1514.8909912109375 1581.0159912109375 1625.3370361328125 1678.791015625 1716.4849853515625 1777.906982421875 1847.7569580078125 1894.177978515625 1956.93603515625 2078.782958984375 2123.087890625 2134.761962890625 2112.56298828125 2020.967041015625 1956.14794921875 1897.81494140625 1848.177001953125 1798.18701171875 1757.9420166015625 1778.4239501953125 1833.488037109375 1874.6920166015625
1488.52294921875 1474.9580078125 1475.93994140625 1456.344970703125 1453.3070068359375 1429.155029296875 1410.70703125 1395.1810302734375 1402.6500244140625 1376.7860107421875 1357.27294921875 1361.6240234375 1351.5849609375 1331.6510009765625 1298.760009765625 1264.4639892578125 1256.4830322265625 1251.5250244140625 1255.5350341796875 1300.02197265625 1338.52197265625 1397.4429931640625 1455.7850341796875 1518.906005859375 1581.7860107421875 1633.7509765625 1684.1259765625 1732.2039794921875 1798.802001953125 1861.677978515625 1910.427978515625 1974.5479736328125 2058.955078125 2148.076904296875 2231.988037109375 2146.285888671875 2095.580078125 1977.10498046875 1916.39794921875 1868.9739990234375 1807.666015625 1788.0970458984375 1815.85205078125 1866.0849609375 1951.5009765625
1494.656982421875 1467.22705078125 1448.6400146484375 1432.0169677734375 1417.001953125 1416.0679931640625 1389.0589599609375 1383.720947265625 1359.4150390625 1343.68505859375 1329.8360595703125 1339.8389892578125 1341.6319580078125 1313.751953125 1288.8189697265625 1263.6409912109375 1252.3060302734375 1247.2540283203125 1266.490966796875 1312.64794921875 1351.906005859375 1402.8780517578125 1458.9090576171875 1522.1669921875 1587.364990234375 1637.508056640625 1691.9930419921875 1751.6300048828125 1818.2640380859375 1877.2159423828125 1920.927978515625 1989.3370361328125 2081.18408203125 2174.06005859375 2289.93310546875 2288.489990234375 2260.89794921875 2127.68603515625 2014.3389892578125 1893.260009765625 1835.6710205078125 1822.0670166015625 1844.947021484375 1886.219970703125 1966.595947265625
1511.510009765625 1485.2060546875 1468.4219970703125 1465.446044921875 1463.91796875 1438.7569580078125 1432.197998046875 1390.656005859375 1366.488037109375 1377.73095703125 1344.9940185546875 1316.427001953125 1304.030029296875 1289.76904296875 1276.7320556640625 1265.60400390625 1246.6099853515625 1253.4649658203125 1297.9420166015625 1322.4930419921875 1346.760986328125 1398.97802734375 1460.717041015625 1514.449951171875 1582.0689697265625 1641.364013671875 1679.2779541015625 1739.6719970703125 1813.31103515625 1886.3780517578125 1933.844970703125 2013.323974609375 2099.89208984375 2297.427978515625 2430.179931640625 2388.861083984375 2276.197021484375 2181.89111328125 2150.47607421875 1916.31103515625 1879.1820068359375 1865.5770263671875 1875.6600341796875 1921.0679931640625 2022.8929443359375
