resources/Input/dataET_raster/mybasin.asc
NCOLS 189
NROWS 177
XLLCORNER 690600.0
YLLCORNER 5139200.0
CELLSIZE 100.0
NODATA_VALUE -9999
[rows 140 to 159 of 177, columns 90 to 134 of 189]
1680.0999755859375 1692.25 1704.5699462890625 1717.1700439453125 1727.2099609375 1740.1400146484375 1764.4599609375 1796.85302734375 1814.803955078125 1841.4720458984375 1848.363037109375 1859.258056640625 1888.8179931640625 1923.574951171875 1943.821044921875 1972.9730224609375 1996.7969970703125 1994.218994140625 1981.7359619140625 2008.29296875 2031.803955078125 2033.467041015625 2025.2640380859375 2020.4139404296875 2011.833984375 1984.5240478515625 1932.2449951171875 1879.97998046875 1874.114990234375 1825.574951171875 1782.385009765625 1790.9119873046875 1806.4749755859375 1813.89404296875 1802.89697265625 1778.3399658203125 1752.009033203125 1716.5350341796875 1689.77197265625 1653.633056640625 1627.822998046875 1613.2530517578125 1591.7869873046875 1561.1090087890625 1520.2679443359375
1677.31005859375 1688.449951171875 1698.75 1708.8699951171875 1718.1199951171875 1730.5999755859375 1767.4239501953125 1788.0560302734375 1800.4229736328125 1818.60498046875 1811.4320068359375 1825.551025390625 1844.7960205078125 1864.33203125 1885.6280517578125 1913.469970703125 1926.2989501953125 1931.072021484375 1929.4129638671875 1958.220947265625 1974.6529541015625 1969.9639892578125 1962.0570068359375 1963.35302734375 1969.35302734375 1948.8330078125 1898.06103515625 1834.9029541015625 1810.9169921875 1802.322021484375 1773.5469970703125 1735.0030517578125 1747.541015625 1760.4169921875 1742.9539794921875 1754.60498046875 1750.137939453125 1724.72900390625 1683.8260498046875 1649.3360595703125 1611.9429931640625 1580.56396484375 1560.883056640625 1549.22802734375 1545.051025390625
1672.9200439453125 1682.06005859375 1692.8599853515625 1699.72998046875 1705.3299560546875 1718.93994140625 1747.218017578125 1766.364013671875 1773.833984375 1793.4029541015625 1798.050048828125 1810.5870361328125 1818.7559814453125 1833.6829833984375 1862.0889892578125 1881.1710205078125 1877.7850341796875 1871.64501953125 1898.81396484375 1915.5670166015625 1924.1639404296875 1915.7049560546875 1913.0269775390625 1909.612060546875 1925.7969970703125 1922.2469482421875 1886.8709716796875 1842.8609619140625 1782.2860107421875 1746.4759521484375 1749.4090576171875 1712.052978515625 1705.8050537109375 1711.47998046875 1706.739990234375 1700.18701171875 1695.4100341796875 1690.9339599609375 1675.876953125 1662.822021484375 1641.72998046875 1613.3349609375 1591.906005859375 1588.175048828125 1571.43994140625
1669.3299560546875 1679.300048828125 1686.47998046875 1695.300048828125 1705.1500244140625 1715.02001953125 1731.219970703125 1745.3790283203125 1763.373046875 1770.8609619140625 1783.7220458984375 1807.7650146484375 1803.8809814453125 1795.5899658203125 1812.79296875 1833.2010498046875 1824.343994140625 1826.5789794921875 1854.8740234375 1868.9239501953125 1878.9560546875 1877.178955078125 1881.8270263671875 1863.324951171875 1886.9580078125 1880.7049560546875 1861.822998046875 1833.35498046875 1790.739990234375 1752.2840576171875 1703.5250244140625 1701.8759765625 1666.166015625 1705.8260498046875 1709.56005859375 1665.81298828125 1639.362060546875 1640.85205078125 1641.875 1646.6409912109375 1633.47802734375 1619.885986328125 1611.18603515625 1596.2760009765625 1571.428955078125
1660.18994140625 1679.47998046875 1694.0899658203125 1706.3399658203125 1720.9599609375 1723.6300048828125 1730.27099609375 1746.406982421875 1757.676025390625 1768.02001953125 1779.10400390625 1784.3680419921875 1789.2889404296875 1771.2220458984375 1794.4560546875 1794.551025390625 1789.0159912109375 1797.3489990234375 1808.928955078125 1819.2099609375 1845.0980224609375 1839.4139404296875 1843.7239990234375 1829.362060546875 1856.698974609375 1859.363037109375 1838.762939453125 1814.365966796875 1781.248046875 1750.822998046875 1721.529052734375 1664.39794921875 1657.3170166015625 1705.06201171875 1740.7230224609375 1699.114013671875 1664.3909912109375 1604.3409423828125 1581.2860107421875 1601.4010009765625 1601.302978515625 1596.0469970703125 1597.449951171875 1579.18994140625 1533.511962890625
1676.030029296875 1680.699951171875 1689.0400390625 1703.1700439453125 1726.52001953125 1750.7900390625 1750.759033203125 1746.1090087890625 1752.2080078125 1759.5909423828125 1764.197998046875 1769.115966796875 1766.1070556640625 1763.4200439453125 1763.925048828125 1776.4749755859375 1799.35498046875 1786.449951171875 1770.248046875 1778.5439453125 1809.95703125 1809.5360107421875 1804.9820556640625 1805.156982421875 1834.75 1840.6409912109375 1817.6920166015625 1786.6729736328125 1767.615966796875 1748.7960205078125 1703.666015625 1649.5419921875 1633.1209716796875 1679.6090087890625 1709.83203125 1699.344970703125 1674.4339599609375 1636.3370361328125 1556.5899658203125 1546.3089599609375 1560.3199462890625 1552.1219482421875 1551.31103515625 1530.0269775390625 1498.1669921875
1699.6199951171875 1698.8399658203125 1703.9200439453125 1714.3699951171875 1730.5 1750.258056640625 1758.5140380859375 1762.7650146484375 1757.0009765625 1753.85498046875 1750.916015625 1754.6729736328125 1746.4990234375 1774.155029296875 1749.9169921875 1783.0970458984375 1780.0870361328125 1783.7740478515625 1750.802001953125 1746.469970703125 1787.197021484375 1786.8070068359375 1772.64501953125 1772.10205078125 1776.654052734375 1803.6669921875 1776.1929931640625 1743.833984375 1738.157958984375 1730.56005859375 1684.5450439453125 1636.071044921875 1623.3709716796875 1666.5 1696.239990234375 1694.4969482421875 1677.7110595703125 1654.199951171875 1587.25 1543.3289794921875 1517.9830322265625 1505.56201171875 1506.14697265625 1473.803955078125 1466.593017578125
1729.06005859375 1730.2099609375 1725.31005859375 1731.22998046875 1753.883056640625 1757.18701171875 1761.0550537109375 1764.072021484375 1761.1729736328125 1752.219970703125 1746.501953125 1742.053955078125 1741.9749755859375 1746.572998046875 1731.3499755859375 1759.386962890625 1763.239990234375 1762.4610595703125 1734.6510009765625 1707.8809814453125 1755.323974609375 1767.1710205078125 1763.029052734375 1737.1500244140625 1749.2900390625 1767.10498046875 1753.0860595703125 1727.3079833984375 1701.5699462890625 1688.947021484375 1670.8800048828125 1617.3270263671875 1615.2659912109375 1657.5169677734375 1680.8990478515625 1689.2149658203125 1680.7130126953125 1661.010986328125 1619.0150146484375 1592.041015625 1559.123046875 1518.0460205078125 1505.56201171875 1480.93701171875 1462.8489990234375
1762.4300537109375 1765.780029296875 1758.52001953125 1751.75 1771.6800537109375 1773.4150390625 1773.18701171875 1770.6600341796875 1764.366943359375 1746.14794921875 1736.1949462890625 1730.0050048828125 1718.449951171875 1730.8189697265625 1736.85400390625 1742.2320556640625 1738.7760009765625 1741.5880126953125 1731.446044921875 1683.27294921875 1737.864990234375 1743.041015625 1745.739013671875 1728.3740234375 1710.467041015625 1732.467041015625 1730.135986328125 1723.1800537109375 1692.1219482421875 1660.4820556640625 1639.9310302734375 1595.0799560546875 1606.3389892578125 1632.31396484375 1662.7249755859375 1686.01904296875 1683.1259765625 1665.123046875 1639.39794921875 1600.77001953125 1554.2569580078125 1541.8580322265625 1543.60498046875 1513.365966796875 1504.3759765625
1800.97998046875 1802.510009765625 1787.3499755859375 1771.81005859375 1791.491943359375 1792.133056640625 1789.614013671875 1781.696044921875 1770.2469482421875 1753.781982421875 1729.89599609375 1711.947998046875 1701.136962890625 1701.39501953125 1723.0670166015625 1723.0050048828125 1717.89599609375 1717.6929931640625 1700.4649658203125 1660.3990478515625 1713.1689453125 1718.9930419921875 1702.31494140625 1696.428955078125 1689.449951171875 1721.824951171875 1726.958984375 1715.5030517578125 1681.884033203125 1638.7860107421875 1612.18798828125 1577.697998046875 1595.39599609375 1613.54296875 1637.8590087890625 1676.448974609375 1681.85205078125 1666.616943359375 1636.748046875 1604.7640380859375 1592.260009765625 1581.3260498046875 1564.77099609375 1564.469970703125 1521.72998046875
1839.1400146484375 1840.68994140625 1823.2099609375 1804.4410400390625 1818.612060546875 1820.47705078125 1810.112060546875 1790.2989501953125 1778.39501953125 1757.5489501953125 1739.1400146484375 1731.4320068359375 1703.946044921875 1698.864990234375 1707.885009765625 1706.0240478515625 1669.6500244140625 1663.52001953125 1666.0570068359375 1635.1800537109375 1671.237060546875 1693.8330078125 1650.1739501953125 1653.199951171875 1686.9820556640625 1703.47900390625 1711.762939453125 1678.677001953125 1661.43505859375 1646.135009765625 1608.4830322265625 1560.8280029296875 1566.7449951171875 1586.634033203125 1625.1500244140625 1661.18994140625 1680.322998046875 1668.5340576171875 1648.2120361328125 1635.258056640625 1622.884033203125 1613.6710205078125 1592.77294921875 1565.8189697265625 1522.4010009765625
1871.3199462890625 1871.449951171875 1848.0799560546875 1842.238037109375 1852.5179443359375 1841.864990234375 1826.0789794921875 1792.843017578125 1767.1510009765625 1768.8509521484375 1757.427978515625 1740.718017578125 1720.657958984375 1697.262939453125 1681.0389404296875 1682.6669921875 1643.7239990234375 1629.137939453125 1622.5589599609375 1632.1500244140625 1615.1710205078125 1663.47998046875 1639.886962890625 1613.6729736328125 1657.616943359375 1645.032958984375 1675.718994140625 1657.123046875 1635.9720458984375 1629.5009765625 1609.6419677734375 1563.594970703125 1550.366943359375 1579.7220458984375 1616.342041015625 1652.7550048828125 1672.843994140625 1664.875 1655.3680419921875 1649.0439453125 1638.531005859375 1623.2900390625 1579.5770263671875 1532.0389404296875 1507.322998046875
1889.43994140625 1905.260009765625 1896.8719482421875 1884.1689453125 1894.6600341796875 1878.06494140625 1824.3570556640625 1814.1929931640625 1804.7099609375 1790.31103515625 1770.8990478515625 1750.0069580078125 1726.56201171875 1713.095947265625 1697.029052734375 1681.0389404296875 1644.074951171875 1603.760986328125 1595.323974609375 1593.5260009765625 1605.8389892578125 1618.282958984375 1625.5989990234375 1588.4859619140625 1606.22998046875 1608.6009521484375 1646.97900390625 1642.051025390625 1612.7490234375 1612.4560546875 1600.81201171875 1560.323974609375 1531.802978515625 1572.2650146484375 1608.64501953125 1630.9969482421875 1649.636962890625 1653.844970703125 1655.73095703125 1654.5589599609375 1648.0760498046875 1623.739013671875 1594.8160400390625 1556.93603515625 1519.866943359375
1907.25 1923.77001953125 1961.0849609375 1948.906005859375 1938.22802734375 1906.5880126953125 1856.823974609375 1851.800048828125 1827.43701171875 1799.843017578125 1776.9189453125 1757.8380126953125 1742.2900390625 1725.1390380859375 1706.8070068359375 1683.7540283203125 1667.407958984375 1648.4189453125 1618.386962890625 1596.0400390625 1586.3310546875 1579.2860107421875 1587.56201171875 1571.9630126953125 1583.7099609375 1626.4300537109375 1654.4229736328125 1642.93994140625 1623.52294921875 1600.758056640625 1582.301025390625 1562.5 1511.113037109375 1553.1590576171875 1589.073974609375 1594.7679443359375 1624.2779541015625 1645.68896484375 1653.2679443359375 1657.137939453125 1644.8699951171875 1622.1700439453125 1591.7340087890625 1568.7879638671875 1539.8189697265625
1922.5699462890625 1939.6099853515625 1985.0780029296875 1997.0389404296875 1970.68505859375 1934.2869873046875 1905.1700439453125 1867.553955078125 1845.0379638671875 1815.06005859375 1795.1240234375 1779.35302734375 1759.7359619140625 1741.449951171875 1718.5999755859375 1698.3289794921875 1680.1710205078125 1661.5400390625 1640.1429443359375 1614.0770263671875 1589.4580078125 1567.1700439453125 1604.89794921875 1552.2039794921875 1592.9630126953125 1614.3050537109375 1631.2640380859375 1645.175048828125 1628.8699951171875 1605.1939697265625 1562.5760498046875 1546.0899658203125 1499.3890380859375 1526.1429443359375 1548.7039794921875 1572.1839599609375 1611.4610595703125 1636.1319580078125 1650.116943359375 1652.5909423828125 1629.64404296875 1604.39599609375 1579.4990234375 1564.6240234375 1551.68798828125
1947.27001953125 1964.1099853515625 2009.4649658203125 2033.9649658203125 1999.2469482421875 1952.4549560546875 1928.0350341796875 1904.386962890625 1868.9429931640625 1846.1099853515625 1829.6070556640625 1800.18701171875 1780.2249755859375 1753.4510498046875 1736.0460205078125 1713.843017578125 1692.6259765625 1670.4110107421875 1652.989013671875 1634.239990234375 1608.3800048828125 1567.89404296875 1561.31005859375 1543.20703125 1565.489990234375 1557.0880126953125 1580.166015625 1608.0670166015625 1624.116943359375 1611.7060546875 1582.54296875 1551.9560546875 1511.5849609375 1491.0870361328125 1544.0810546875 1571.375 1605.2230224609375 1634.06494140625 1646.3370361328125 1642.9310302734375 1615.8909912109375 1592.56494140625 1570.112060546875 1560.8289794921875 1549.93896484375
1974.2099609375 1998.8299560546875 2069.511962890625 2067.27490234375 2034.842041015625 2000.3809814453125 1977.60595703125 1939.925048828125 1900.780029296875 1880.1319580078125 1845.5 1824.3909912109375 1793.7640380859375 1777.39501953125 1753.885986328125 1734.801025390625 1708.4210205078125 1695.4410400390625 1670.8509521484375 1653.904052734375 1622.41796875 1600.4959716796875 1571.8270263671875 1528.6400146484375 1519.376953125 1505.68994140625 1505.68994140625 1540.9749755859375 1587.81103515625 1607.8570556640625 1584.68798828125 1561.9840087890625 1506.384033203125 1473.384033203125 1521.4119873046875 1568.196044921875 1600.865966796875 1630.697998046875 1637.7550048828125 1631.3609619140625 1613.053955078125 1589.39599609375 1560.93798828125 1551.5159912109375 1546.906982421875
1960.93994140625 2044.550048828125 2125.14111328125 2121.718994140625 2090.201904296875 2060.110107421875 2021.8609619140625 1975.6519775390625 1935.7750244140625 1902.927001953125 1885.0159912109375 1849.761962890625 1824.2459716796875 1800.85400390625 1779.5980224609375 1754.7760009765625 1745.550048828125 1722.3480224609375 1703.5050048828125 1679.759033203125 1649.198974609375 1637.322021484375 1617.6400146484375 1592.9549560546875 1567.10302734375 1554.675048828125 1529.6739501953125 1483.4840087890625 1550.6689453125 1589.18505859375 1583.27001953125 1536.800048828125 1492.4649658203125 1464.18603515625 1515.83203125 1550.6929931640625 1593.6300048828125 1625.8499755859375 1623.448974609375 1607.3360595703125 1601.0660400390625 1586.115966796875 1553.0269775390625 1540.8990478515625 1550.197021484375
1993.8399658203125 2050.169921875 2162.199951171875 2179.797119140625 2143.89990234375 2127.635009765625 2073.91796875 2021.155029296875 1978.7779541015625 1940.928955078125 1911.501953125 1892.571044921875 1867.89697265625 1830.7979736328125 1815.6300048828125 1801.9189453125 1783.487060546875 1752.6920166015625 1731.5999755859375 1712.9539794921875 1689.490966796875 1664.7139892578125 1643.56298828125 1622.175048828125 1595.719970703125 1567.136962890625 1537.10302734375 1469.56298828125 1506.9010009765625 1538.8089599609375 1568.154052734375 1537.823974609375 1485.3370361328125 1442.9169921875 1492.2340087890625 1548.873046875 1602.3599853515625 1610.1619873046875 1597.126953125 1590.0059814453125 1561.43603515625 1546.4119873046875 1537.5760498046875 1540.3179931640625 1546.279052734375
2015.06005859375 2063.5 2145.54296875 2234.97607421875 2213.7470703125 2193.1640625 2134.162109375 2063.407958984375 2017.4930419921875 1972.7349853515625 1960.43798828125 1945.22802734375 1913.7850341796875 1883.2850341796875 1866.0899658203125 1850.114990234375 1823.4949951171875 1790.6319580078125 1752.3570556640625 1728.4990234375 1708.823974609375 1685.2060546875 1661.72998046875 1639.262939453125 1611.4229736328125 1581.4300537109375 1541.8489990234375 1467.3489990234375 1463.2530517578125 1487.2889404296875 1503.2879638671875 1514.43896484375 1473.906005859375 1423.0699462890625 1503.0860595703125 1542.2919921875 1583.7779541015625 1589.8680419921875 1574.9549560546875 1591.262939453125 1558.3179931640625 1514.612060546875 1511.31103515625 1530.8360595703125 1535.3590087890625
