resources/Input/dataET_raster/mybasin.asc
NCOLS 189
NROWS 177
XLLCORNER 690600.0
YLLCORNER 5139200.0
CELLSIZE 100.0
NODATA_VALUE -9999
[rows 100 to 119 of 177, columns 45 to 89 of 189]
1524.530029296875 1491.47998046875 1481.68994140625 1517.6800537109375 1562.0899658203125 1557.3299560546875 1537.760009765625 1525.300048828125 1512.27001953125 1503.239990234375 1497.4200439453125 1499.260009765625 1510.5699462890625 1542.280029296875 1577.219970703125 1614.989990234375 1632.68994140625 1618.18994140625 1590.6199951171875 1579.8299560546875 1566.4599609375 1554.989990234375 1573.6300048828125 1606.4599609375 1609.6500244140625 1611.780029296875 1609.7099609375 1571.969970703125 1606.6800537109375 1608.5 1616.47998046875 1626.010009765625 1645.6199951171875 1669.68994140625 1661.8499755859375 1689.219970703125 1705.6600341796875 1727.6099853515625 1754.0699462890625 1769.3199462890625 1771.239990234375 1801.68994140625 1837.0999755859375 1865.489990234375 1892.0799560546875
1526.1400146484375 1480.9000244140625 1463.719970703125 1502.68994140625 1538.1400146484375 1532.300048828125 1525.9599609375 1489.56005859375 1487.0400390625 1474.5999755859375 1464.8299560546875 1500.6099853515625 1517.75 1556 1582.219970703125 1614.9100341796875 1638.530029296875 1627.6300048828125 1603.5 1559.0400390625 1529.530029296875 1545.9000244140625 1586.1400146484375 1595.280029296875 1580.81005859375 1581.3900146484375 1579.3800048828125 1558.8800048828125 1567.4599609375 1575.9200439453125 1600.25 1616.3199462890625 1622.3399658203125 1636.3900146484375 1670.4599609375 1703.219970703125 1723.02001953125 1745.6500244140625 1763.6600341796875 1786.3599853515625 1805.9300537109375 1797.6099853515625 1825.8199462890625 1850.6500244140625 1887.25
1539.5 1489.8299560546875 1439.31005859375 1474.780029296875 1498.219970703125 1486.030029296875 1502.8900146484375 1479.949951171875 1466.5999755859375 1457.75 1491.5999755859375 1502.5699462890625 1520.81005859375 1553.27001953125 1588.800048828125 1613.27001953125 1634.5699462890625 1611.0899658203125 1593.52001953125 1558.8599853515625 1503.47998046875 1553.0400390625 1584.469970703125 1572.3499755859375 1542.97998046875 1535.6400146484375 1539.8800048828125 1574.3399658203125 1584.530029296875 1599.22998046875 1642.1099853515625 1659.2099609375 1666.219970703125 1662.949951171875 1668.469970703125 1697.739990234375 1723.4000244140625 1744.1800537109375 1764.4000244140625 1785.6800537109375 1813.3499755859375 1844.239990234375 1853.56005859375 1867 1893.9100341796875
1532.27001953125 1496.3399658203125 1444.75 1428.9000244140625 1450.3299560546875 1444.9300537109375 1456.97998046875 1443.7900390625 1432.719970703125 1469.6800537109375 1498.9599609375 1511.8699951171875 1524.6600341796875 1552 1586.8900146484375 1609.1600341796875 1619.3599853515625 1596.3399658203125 1558.6099853515625 1541.050048828125 1485.260009765625 1532.9000244140625 1547.5899658203125 1536.5699462890625 1515.5699462890625 1553.510009765625 1585.5400390625 1609.969970703125 1628.8399658203125 1629.030029296875 1643.3199462890625 1679.47998046875 1687.489990234375 1689.050048828125 1687.7099609375 1695.800048828125 1716.47998046875 1737.510009765625 1762.6400146484375 1790.0799560546875 1825.8199462890625 1855.8399658203125 1880.780029296875 1897.0999755859375 1908.260009765625
1519.1600341796875 1481.3399658203125 1437.699951171875 1393.18994140625 1391.050048828125 1387.260009765625 1401.1199951171875 1432.06005859375 1464.489990234375 1479.5 1508.3299560546875 1536.97998046875 1553.949951171875 1574.3800048828125 1604.25 1624.97998046875 1612.02001953125 1575.6700439453125 1535.5799560546875 1511.5799560546875 1478.4300537109375 1479.1300048828125 1495.1600341796875 1497.969970703125 1527.050048828125 1553.0799560546875 1580.56005859375 1607.5999755859375 1630.25 1652.6099853515625 1661.8199462890625 1686.6099853515625 1701.530029296875 1708.18994140625 1708.81005859375 1711 1708.8499755859375 1728.5899658203125 1757.6199951171875 1797.949951171875 1840.97998046875 1873.260009765625 1895.550048828125 1916.3499755859375 1937.030029296875
1514.5899658203125 1477.8299560546875 1416.8900146484375 1362.0899658203125 1386.7099609375 1426.9300537109375 1452.8599853515625 1465.93994140625 1492.739990234375 1513.719970703125 1518.8199462890625 1558.06005859375 1592.550048828125 1611.9100341796875 1627.6600341796875 1618.7900390625 1619.699951171875 1578.5999755859375 1522.9300537109375 1461.469970703125 1470.6800537109375 1500.280029296875 1514.739990234375 1535.3900146484375 1563.72998046875 1588.4000244140625 1615.800048828125 1643.449951171875 1661.4599609375 1673.969970703125 1683.760009765625 1694.780029296875 1702.2099609375 1715.27001953125 1715.3299560546875 1683 1709.1500244140625 1726.969970703125 1747.5400390625 1791.9599609375 1838.4100341796875 1874.550048828125 1905.1400146484375 1932.5899658203125 1961.52001953125
1503.7900390625 1440.7099609375 1403.8299560546875 1340.27001953125 1418.550048828125 1473.56005859375 1509.97998046875 1526.8900146484375 1534.300048828125 1552.27001953125 1560.6500244140625 1570.280029296875 1553.9300537109375 1547.5 1549.050048828125 1549.199951171875 1556.0999755859375 1566.6500244140625 1540.469970703125 1454.56005859375 1483.2900390625 1539.5400390625 1563.780029296875 1580.77001953125 1606.969970703125 1627.969970703125 1635.489990234375 1645.030029296875 1658.510009765625 1670.1500244140625 1678.199951171875 1687.260009765625 1694.43994140625 1677.239990234375 1673.010009765625 1673.52001953125 1704.8900146484375 1742.56005859375 1763.4000244140625 1788.3399658203125 1829.8599853515625 1868.31005859375 1905.9200439453125 1938.550048828125 1965.2900390625
1508.52001953125 1449.4100341796875 1383.030029296875 1340.27001953125 1408.8900146484375 1481.530029296875 1538.8499755859375 1572.3499755859375 1539.300048828125 1515.949951171875 1537.0699462890625 1510.18994140625 1488.47998046875 1480.1500244140625 1484.27001953125 1474.22998046875 1507.1700439453125 1511.9100341796875 1484.780029296875 1450.3199462890625 1442.6300048828125 1509.530029296875 1563.25 1566.989990234375 1566.050048828125 1590.31005859375 1607.2900390625 1619.68994140625 1635.199951171875 1649.52001953125 1671.3299560546875 1684.050048828125 1674.31005859375 1644.489990234375 1655.0699462890625 1684.1600341796875 1702.27001953125 1729.010009765625 1767.9200439453125 1817.8499755859375 1846.7099609375 1873.2900390625 1911.52001953125 1939.1800537109375 1961
1492.050048828125 1438.4100341796875 1369.260009765625 1324.780029296875 1397.1099853515625 1469.6700439453125 1522.5899658203125 1544.510009765625 1501.3599853515625 1461.75 1476.1099853515625 1470.6099853515625 1423.06005859375 1424.0899658203125 1421.3599853515625 1415.72998046875 1433.239990234375 1430.97998046875 1423.6500244140625 1396.989990234375 1435.43994140625 1489.5 1500.31005859375 1503.81005859375 1508.0699462890625 1539.969970703125 1568.02001953125 1612.699951171875 1638.97998046875 1655.260009765625 1668.6700439453125 1658.47998046875 1635.760009765625 1635.25 1662.8599853515625 1690.77001953125 1731.300048828125 1770.9300537109375 1794.6600341796875 1832.8299560546875 1863.9300537109375 1893.800048828125 1921.0999755859375 1938.050048828125 1935.3399658203125
1464.280029296875 1434.489990234375 1364.1400146484375 1291.9200439453125 1356.280029296875 1416.6400146484375 1489.6199951171875 1507.300048828125 1438.6199951171875 1405.780029296875 1418.050048828125 1406.550048828125 1377.2099609375 1369.8900146484375 1374.6500244140625 1369.3599853515625 1374.699951171875 1364.9100341796875 1364.9100341796875 1408.72998046875 1423.9599609375 1430.4200439453125 1439.050048828125 1443.739990234375 1461.8800048828125 1500.8699951171875 1551.0400390625 1605.449951171875 1645.5400390625 1652.18994140625 1637.8900146484375 1619.1600341796875 1621.199951171875 1649.989990234375 1691.449951171875 1716.510009765625 1743.8399658203125 1781.4599609375 1808.8499755859375 1837.8299560546875 1870.5799560546875 1903.5699462890625 1925.800048828125 1928.989990234375 1900.56005859375
1391.010009765625 1429.1300048828125 1367.8800048828125 1289.4200439453125 1321.280029296875 1380.8900146484375 1439.2900390625 1423.1600341796875 1379.8299560546875 1352.449951171875 1355.0899658203125 1343.0999755859375 1324.9000244140625 1323.300048828125 1326.1700439453125 1330.9599609375 1335.22998046875 1380.97998046875 1401.6300048828125 1396.6400146484375 1412.469970703125 1440.9300537109375 1448.739990234375 1481.8800048828125 1494.6400146484375 1485.18994140625 1537.1199951171875 1591.9300537109375 1619.9300537109375 1606.8599853515625 1588.8399658203125 1611.56005859375 1637.68994140625 1676.1500244140625 1701.0899658203125 1721.0899658203125 1735.1800537109375 1761.8800048828125 1796.280029296875 1830.52001953125 1857.030029296875 1887.6400146484375 1911.18994140625 1895.81005859375 1858.949951171875
1332.6800537109375 1392.199951171875 1344.550048828125 1274.02001953125 1278.2099609375 1334.989990234375 1380.5400390625 1349.9000244140625 1318.9300537109375 1307.02001953125 1305.260009765625 1287.4200439453125 1288.3399658203125 1311.760009765625 1327.25 1354.8800048828125 1384.52001953125 1426.199951171875 1457.52001953125 1456.6400146484375 1468.1300048828125 1489.469970703125 1514.6600341796875 1530.81005859375 1548.72998046875 1519.7099609375 1508.489990234375 1543.56005859375 1585.300048828125 1563 1611.699951171875 1627.27001953125 1646.27001953125 1646.469970703125 1664.6300048828125 1676.3399658203125 1697.5799560546875 1724.31005859375 1756.0999755859375 1794.3900146484375 1839.239990234375 1868.260009765625 1877.1600341796875 1854 1831.050048828125
1296.719970703125 1347.1099853515625 1339.1099853515625 1270.0400390625 1245.449951171875 1296.5 1309.3299560546875 1287.68994140625 1272.6199951171875 1270.75 1266.280029296875 1278.0699462890625 1318.1199951171875 1352.27001953125 1353.1700439453125 1372.5699462890625 1431.0899658203125 1461.719970703125 1505 1520.5999755859375 1516.6800537109375 1529.72998046875 1559.1700439453125 1582.3199462890625 1589.5699462890625 1542.9000244140625 1572.4000244140625 1562.52001953125 1555.050048828125 1579.8499755859375 1582.3599853515625 1594.06005859375 1608.3800048828125 1628.72998046875 1657.239990234375 1669.72998046875 1704.0999755859375 1728.1400146484375 1770.4300537109375 1813.5799560546875 1841.18994140625 1845.77001953125 1828.260009765625 1811.0899658203125 1792.9599609375
1288.27001953125 1295.489990234375 1306.469970703125 1265.989990234375 1226.8699951171875 1255.219970703125 1249.8199462890625 1233.6300048828125 1239.050048828125 1254.6600341796875 1291.010009765625 1324.510009765625 1364.02001953125 1391.989990234375 1402.2099609375 1406.800048828125 1407.219970703125 1474.3199462890625 1527.4300537109375 1571.1700439453125 1581.6099853515625 1595.52001953125 1602.8399658203125 1623.1300048828125 1612.989990234375 1588.18994140625 1627.56005859375 1622.5699462890625 1613.0699462890625 1621.5999755859375 1619.3499755859375 1618.199951171875 1644.5799560546875 1636.949951171875 1654.8299560546875 1672.97998046875 1704.530029296875 1750.1700439453125 1787.6700439453125 1815.1300048828125 1827.25 1811.3699951171875 1787.719970703125 1771.18994140625 1788.219970703125
1273.1600341796875 1244 1258.3699951171875 1237.8900146484375 1210.8800048828125 1217.9300537109375 1211.9599609375 1229.010009765625 1252.4300537109375 1293.300048828125 1333.489990234375 1373.699951171875 1415.97998046875 1443.6800537109375 1452.56005859375 1452.4599609375 1429.97998046875 1469.8599853515625 1535.1099853515625 1573.2900390625 1612.050048828125 1633.1300048828125 1642.72998046875 1652.77001953125 1635.4200439453125 1608.8599853515625 1630.489990234375 1657.6099853515625 1660.280029296875 1657.3299560546875 1641.469970703125 1640.52001953125 1658.6600341796875 1668.9599609375 1669.6600341796875 1685.56005859375 1722 1749.6099853515625 1782.8900146484375 1794.1500244140625 1790.510009765625 1768.18994140625 1751.5899658203125 1766.72998046875 1783.510009765625
1248.3499755859375 1225.7900390625 1218.9200439453125 1201.760009765625 1200.699951171875 1194.4200439453125 1222 1256.8599853515625 1282.699951171875 1342.5799560546875 1388.800048828125 1428.030029296875 1465.02001953125 1494.469970703125 1502.219970703125 1500.5899658203125 1480.949951171875 1456.4100341796875 1491.4000244140625 1536.75 1574.719970703125 1601.5400390625 1630.68994140625 1656.050048828125 1663.1600341796875 1643.239990234375 1628.050048828125 1648.8199462890625 1673.56005859375 1680.43994140625 1663.1199951171875 1665.3399658203125 1675.530029296875 1686.8800048828125 1697.8399658203125 1708.5699462890625 1731.239990234375 1754.260009765625 1767.3699951171875 1772.1199951171875 1756.7900390625 1733.510009765625 1742.3199462890625 1756.31005859375 1770.52001953125
1224.8399658203125 1214.43994140625 1193.4599609375 1183.25 1180.780029296875 1205.5 1236.5799560546875 1271.1300048828125 1307.6400146484375 1340.260009765625 1401.4599609375 1472.0899658203125 1529.010009765625 1549.239990234375 1554.93994140625 1550.22998046875 1528.550048828125 1507.8399658203125 1504.719970703125 1499.8499755859375 1532.97998046875 1558.239990234375 1593.1099853515625 1631.6099853515625 1654.199951171875 1664.3299560546875 1656.18994140625 1641.8399658203125 1665.1199951171875 1678.4100341796875 1678.3599853515625 1681.0699462890625 1692.25 1706.8399658203125 1721.8599853515625 1734.3900146484375 1746.7900390625 1750.3499755859375 1735.8299560546875 1727.1099853515625 1721.3499755859375 1719.6199951171875 1732.0899658203125 1744.7099609375 1758.3900146484375
1199.5 1191.760009765625 1171.8499755859375 1167.68994140625 1194.68994140625 1225.5 1259.449951171875 1299.6099853515625 1344.0699462890625 1393.260009765625 1438.530029296875 1482.4100341796875 1535.199951171875 1576.3299560546875 1597.8499755859375 1596.06005859375 1575.5699462890625 1554.280029296875 1539.93994140625 1540.3399658203125 1543.1500244140625 1551.5699462890625 1563.1800537109375 1590.8399658203125 1622.0799560546875 1654.77001953125 1668.47998046875 1655.1400146484375 1661.4100341796875 1674.199951171875 1682.699951171875 1689.260009765625 1695.5400390625 1709.68994140625 1721.8599853515625 1734 1744.56005859375 1730.8299560546875 1709.06005859375 1688.5799560546875 1697.4100341796875 1706.9000244140625 1719.300048828125 1733.0899658203125 1749.489990234375
1191.0999755859375 1160.6099853515625 1151.75 1167.81005859375 1207.5400390625 1250.780029296875 1288.969970703125 1354.1300048828125 1394.199951171875 1440.75 1491.31005859375 1522.8399658203125 1571.3299560546875 1600.9200439453125 1621.030029296875 1630.4000244140625 1618.989990234375 1596.2900390625 1574.3599853515625 1593.81005859375 1591.72998046875 1589.5699462890625 1591.530029296875 1593.050048828125 1606.52001953125 1639.75 1664.8599853515625 1670.9100341796875 1664.3399658203125 1671.31005859375 1678.969970703125 1692.1500244140625 1699.949951171875 1707.97998046875 1714.7900390625 1713.0899658203125 1697.6199951171875 1683.8800048828125 1675.7099609375 1676.6500244140625 1686.18994140625 1696.5999755859375 1709.8699951171875 1726.989990234375 1749.06005859375
1169.050048828125 1145.81005859375 1168.780029296875 1200.0999755859375 1232.2900390625 1276.239990234375 1319.780029296875 1371.1800537109375 1413.3599853515625 1443.469970703125 1482.1199951171875 1529.1500244140625 1567.4000244140625 1591.9000244140625 1617.260009765625 1644.52001953125 1646.9100341796875 1632.0999755859375 1622.81005859375 1628.760009765625 1646.6400146484375 1640.969970703125 1634.06005859375 1626.6800537109375 1617.0999755859375 1631.1700439453125 1663.8699951171875 1677.1300048828125 1678.3599853515625 1673.2900390625 1677.8399658203125 1690.22998046875 1697.969970703125 1698.3900146484375 1689.18994140625 1680.8299560546875 1676.43994140625 1653.2900390625 1650.8699951171875 1665.6600341796875 1674.030029296875 1686.280029296875 1703.8499755859375 1723.8199462890625 1744.1700439453125
