resources/Input/dataET_raster/SWRB_raster.asc
NCOLS 189
NROWS 177
XLLCORNER 690600.0
YLLCORNER 5139200.0
CELLSIZE 100.0
NODATA_VALUE -9999
[rows 133 to 151 of 177, columns 132 to 175 of 189]
495.4825599215824 499.4280932436559 501.70608953894634 503.1823313752095 504.3495345709423 504.714880433999 504.87312487135097 505.46202105382736 505.89159336108816 506.63020945633184 506.76534671499223 505.60317503726446 506.3848046426184 506.3104279804045 506.9439471415137 506.3680438104916 506.03080678299284 506.44174349983723 506.1122524382687 505.46830845538057 505.3277937386058 503.9366785986525 501.7414487677577 496.90221875788893 494.97940903185804 491.62237285883145 489.4080393920965 494.7066971244327 496.1772858489385 493.8105999426813 494.6485931612433 495.35776169225653 494.6246011508807 496.18516682994294 492.7024867215456 499.9989929830332 499.0189285078043 494.2241843335538 496.2996091283307 496.8036531853705 497.099513363097 497.05020939301784 497.2135701043338 495.1073601220882
497.7318675410525 500.4067555448561 501.5745879282287 503.5843810281354 503.6037156392689 503.43835371653074 503.99108148073884 504.89576257175554 505.1385837120572 506.6285832786671 506.96775929998125 506.00044164930125 506.4421173529836 506.4057453063201 506.95041393085796 506.9455896094718 506.7507027496396 506.7939036213309 506.39460506405214 505.2003032613223 505.0321199614555 503.88797189332024 500.7965169528523 498.44206095008695 497.60796668251965 495.0163142550633 494.2362364633087 496.3959156591008 495.9588660909661 496.198518637294 495.9310098169979 495.6007072637039 494.48064961171565 493.62372620388294 488.8945420232921 494.3591483055767 499.50447337846583 496.2737615083596 491.8279714621146 493.35027322148267 495.32195475306503 496.78203423703485 496.2168497752711 493.90110423250553
501.7015992501404 501.39225882255477 499.97659145956965 502.95034272812654 504.863939851514 505.60952970648964 505.2226733223557 504.2349584512431 504.20634173977925 506.1302995615214 506.23950976126173 505.9681763021582 506.39969757004724 506.28741400977776 506.670288860592 506.5208351690301 507.18935849223544 506.5657165576225 504.2332960633594 504.87301974044397 504.8444830199715 503.2034970025111 500.1408672574222 496.4015574355674 496.8332778268324 495.7794951750501 492.4186879301194 496.7718738770154 495.1606131317922 496.99508602874147 494.5392287384438 492.324814726537 494.1721796025188 489.830916393836 479.7943972943872 493.3313558964242 498.59672462144454 494.48042825140146 491.1589428747868 492.1276332958106 494.1767840676678 493.2628757508628 493.49591367547504 491.4331821263969
501.8972112087592 502.7070356072747 502.0053932815423 502.16488974032586 504.30847327094887 505.5425170366516 505.58604274207084 506.294995633945 504.52345926642556 505.27261078804594 504.8339553799906 506.68054206489444 506.20240727143744 505.9461873747081 506.4290591589181 506.61878060682324 507.0693390520661 505.14948977148265 502.9969774562142 504.80575007922346 504.13679825384355 501.86799173533046 499.70110169482257 497.70304372203464 497.0795215416291 495.35966081773086 494.8652209282599 497.18548233543163 495.7532398313306 495.8243660688975 492.34511750385326 491.7592769515069 493.4821480294144 489.3636802446713 478.9596190775497 487.6324598367743 492.40609904237493 496.1749801224719 492.7214229555308 489.78868131757076 489.12232117586836 487.92091118095493 489.9925385205927 487.8519462530354
503.45900973233495 501.75780596659945 503.5826575996542 503.5605593007468 502.8352360126472 504.85556904938636 504.2328124388273 505.56633287196416 505.90421428571665 504.7690128461181 503.08586610151525 505.9814773173139 505.6467226265612 504.70304103991396 505.9297766010409 506.903354959633 506.6401698297951 505.46004675689414 504.3815289039311 504.847477075813 503.57491782695394 500.86527320193426 500.73715699434547 498.57194179260176 497.71824828429806 496.3754672065047 494.9554944225979 496.67149672662686 495.92652958823453 495.03282720196086 492.1238177744907 492.3673376374282 493.08515177764986 490.3550998345289 482.00576576925596 481.5614199004399 484.0224505878084 497.1783851743046 481.8236114267156 485.8986372553179 479.9027492945323 483.8245496816394 485.74878955987725 483.6284971669151
505.1299699196931 504.38501872938815 504.5388412433952 503.94031100644406 503.8059610526048 503.8242440518587 503.4340092406155 502.35826160077784 504.911682811148 503.5548881519238 505.17969526259867 503.09881056225976 504.1424045022576 502.06889098987665 505.0167526703642 506.2862663681027 505.85582689061783 505.5547241866576 505.2949198936292 504.4229946290087 502.1053593300975 500.39505347949705 501.18304325313676 498.90037327874103 497.1915972838479 496.1125165757426 494.4149523509034 495.69585755092464 496.2248678739635 494.72803736557535 491.9273168768756 491.19575903922106 492.5372181377329 487.72460305270874 482.1959416402838 476.1747781248156 472.96149350044584 488.43230686464005 489.3607755203683 488.415034476399 482.1718213584718 485.0904554798169 477.3259177064038 479.83172684976694
506.1439151243351 505.31209778590056 505.6729917059745 505.3735117228915 504.91459667947095 504.0723923935442 504.1665346968512 504.3240486009556 503.437066800091 505.17374829600266 501.701351374534 500.40443517512483 505.16063779159856 504.0991031448819 502.4971407825083 504.4043119951479 504.656316526603 505.49708765693396 505.60198876494326 503.73369626919157 501.6245487286445 502.10683420075475 500.99698237143895 498.3867736715523 496.4909508595963 494.73736369427024 492.0453995781872 493.2684594108882 494.4023381538871 491.7207104879657 487.6398081579238 487.793453951774 490.7248253441537 486.7018806339231 480.86605732491523 467.8668945393768 474.4084613691816 494.7122043421314 499.11635383359135 489.1587251510052 485.33905592972474 490.03890447320714 469.5431768844451 477.0232305289349
505.6352714409089 505.80248296661813 503.86709417364693 501.87539618797285 502.6219463274165 504.2172278585746 505.99720815488934 505.9787565076856 506.19194600658597 505.94447138680187 505.1058727316076 505.68019498316255 505.8857568340116 505.76619029919993 505.51279539676335 506.6946368637341 504.5536825452334 505.3971655743689 505.4590603902104 503.391102477774 502.3028690128931 502.1855104950391 500.9858275136407 499.3743367145671 495.65233640978886 491.89908144492114 489.37672338002295 491.70928543431046 492.3806850687788 490.95637500109194 484.9640396626496 486.9091863453344 490.5069147458606 489.38035543399405 482.5911545136375 472.17175318142984 476.78989290803906 498.9228507669769 500.1325017313279 481.74883662761414 491.0818345450375 486.3865603855002 468.6544016449333 475.90961124193643
502.7223689853434 503.7427123127703 503.9413165412542 504.3901811684714 505.0365574820823 506.37830017935005 506.93731793716574 506.5376383087025 506.79698718198506 507.0427126508862 506.8866702361073 506.5930229314598 507.2045846921104 506.5590529093557 505.1996781974344 506.076293673881 502.94641746958916 505.28163144329744 505.43187956117595 502.9854658783784 502.78350579669666 502.0658735314638 500.6636174254136 499.1899383403068 495.2218854989834 491.71166786552635 490.6565328618434 489.65256018386174 491.1816317843782 490.78459551504517 486.21520711180915 486.2193998846249 488.57554608351734 485.59505693514467 479.955801526358 468.7781404711357 467.3594555331896 489.15772463497007 501.7356592432051 484.5430274195071 498.27353487724355 482.8671635824466 476.14408457809077 473.07700341630425
504.7983331280947 505.78971404464573 506.142159007758 506.2555258504001 506.8633691089319 507.08836630661364 506.8348067124242 506.7552808813132 506.88649482906305 507.2521412098671 506.5360570135683 506.95256126382674 507.3269192946583 506.65237456138993 506.1265823094495 504.65597935940514 502.8046798063277 504.95214021325364 504.7584251362045 502.6626646846506 502.01272411784976 501.7537226872067 499.67150861334846 498.27308259237054 493.2469333160389 491.7353240849719 493.7435074258784 494.6061065947996 495.1151281866568 492.36023033357503 489.13156901150575 485.7224039027731 487.56384871533743 479.88974004035504 472.8342149329792 474.4556107587058 480.13280377078667 483.2242779190708 498.9517008296862 493.77744040214037 494.606280079057 477.12569152292315 481.5294538004692 474.2412447293873
506.33101782740096 507.2501503385966 506.53813490218266 504.9137307028576 505.12039750776387 506.7533317721953 505.0686019281758 505.08626039462456 506.641848563163 507.25641527108394 506.1660172344063 507.0785665185523 507.2680644229455 506.61920672099774 503.4448560739203 501.09726958952456 503.29126581276637 504.5655676635498 504.0262692637393 502.0590029878 501.45260223474713 500.66693737509024 499.4167616361305 498.24401504090577 494.55539961669183 493.10760764498536 493.48608750521777 494.450606386756 495.7625142311147 494.42316381461717 488.76680699229377 487.5795647099549 488.12823872736374 474.54653758968897 488.23339734483477 487.8462141427435 480.69100848493724 470.9431349205491 485.5797891761754 503.76367586636695 491.2683371331704 489.1188437646684 482.7218112574537 477.8893890122331
505.2811654813778 505.13193544531737 502.68919864157897 497.82546295031807 499.3732625546768 503.9214293425559 497.74206867111616 498.1332791791017 504.4705288195437 506.5520097205108 505.8063496833054 507.15038128767253 506.5794952574892 504.7643620032526 501.8948795442199 502.9488230805802 504.5077986022968 504.72326889516256 503.62114534872376 500.7174033019654 501.4165605950579 500.7660037566129 501.33218776857404 497.9260859527463 491.91021042923643 487.09611841489016 486.5543364393849 490.4964776387853 493.34925521983394 494.27129270578166 488.62487991960876 487.09007965812316 488.0619618198308 485.9811549049711 476.59385610829486 483.8072521705567 484.5466473775997 468.23802968492566 474.4277863288311 505.33291546988636 491.5215452252657 492.87802352902287 478.0567829365224 474.1898513261018
503.319571340631 501.93958083555964 501.7675703945592 497.99547298713543 500.1940872164881 502.34939790909596 496.22591847216734 495.0236357563587 502.660422801464 503.883381869767 503.6765494485733 505.8494101419486 503.44075188976416 500.3918768124538 504.1219513185565 504.0859229719893 504.8033992070542 504.6646019954637 503.1478080976038 499.88366393216813 501.7235544817123 499.71324193221017 497.6272991366143 495.9967966841083 493.8486423894964 495.3676161449896 494.07748603268493 494.78977542715336 493.3182973765528 493.72196371079445 486.7658003534834 490.83379862515625 489.9644240423875 488.6163340631796 485.16340932093465 483.39921672456853 480.7204425312029 471.30604884904557 469.57692124452217 494.95200810491565 502.46952530194733 491.62194793750047 466.41134309083446 472.09974302457806
504.08843737217626 500.65038146527195 504.07454307938065 502.4653202776473 502.33328593492433 500.3330568462072 502.2820633565677 497.45648738026495 502.53155135583745 501.7418125743985 501.9311388817747 505.72428001224125 502.68562238187724 500.94400264473944 504.7970669661962 504.45293207057233 504.5683295690996 503.9699005316213 501.891941981419 499.84067927547983 500.9095067964619 499.98157702578703 497.00316079714315 495.79019835993665 494.94027444780335 494.5200661238743 495.06286569424475 495.724060809075 495.3404489630172 494.9808285117137 491.24379571307634 491.05422907851164 489.7201067544374 489.29294672253326 486.5289165382263 483.5380772903908 481.5611196294535 477.08810154801927 461.9314072990869 484.6624753301832 501.6656962199553 487.74002018464887 474.6214925868742 474.1272028044143
504.646678533383 502.65117726426894 503.6052805153032 504.77175122783524 503.1903707590474 506.0565739573358 504.9169112951755 497.20879757167324 502.80558461944287 503.100316413862 502.7133316134753 506.8127466502416 504.37398243008073 504.03482873907524 504.8361899606613 504.6326204035337 504.6236389437917 502.4930317525712 501.87528369242244 500.90470896549937 498.7949251248144 497.8092422049411 498.172115316122 497.95638471011057 498.29283979628303 497.45257640966383 496.9793905420051 494.5700111091045 493.6956581133338 492.05854557760784 491.5451567732624 492.5090961147923 491.1998575860832 491.0817780530086 488.2987217071814 487.85505564658075 485.62059004375607 480.51636645460206 468.1810934459156 482.86717508841735 501.7911544017162 483.809679268163 474.4575678225714 471.34288204135004
504.71131071947184 502.0918411499635 504.56194438211236 505.26900169202025 506.4151045097059 506.5130137689375 506.32845093701144 506.69296542793586 505.67732772382095 503.6724841637526 503.36670402994974 505.98510236374045 506.4421627851059 505.1321904054972 505.27108940528393 505.163516961967 504.3128007548732 502.6974695194991 502.73176603991607 501.3224941997865 500.3959735427559 499.82154498220905 500.45294830758024 499.6946521615608 499.20461742637406 498.7005306072457 497.4062512878432 496.2948150322173 495.1570743523045 494.29735592273687 493.8855382570923 493.82998891101533 492.61401375759 491.2301203538191 488.77015404916347 488.3972270268556 486.0607927438076 483.19013989236754 477.0851155923257 482.5650552079826 503.5287912620156 491.6389003748746 473.41296597287845 471.77738633398303
504.5518216074514 506.5266517455141 505.0434685934737 505.3174721030401 506.7130529678356 504.3099991695485 505.97028629508475 506.43694373389906 504.9368850893735 506.17279781781843 504.38483910651394 505.72408986370425 506.65614220546126 505.54340738606544 505.62043885075565 505.5343572610093 502.8581592872556 503.2938596369084 500.74939431103815 499.08612958628095 498.817810296223 499.2820934222711 500.47629236177164 499.1017096228263 499.5568769464474 498.1746921726805 497.0388410060855 497.2889650982778 496.4897086376356 494.6951704233585 494.0129535817749 493.805932330987 491.7522339578345 489.72590792829624 488.3853273400021 487.4527494896312 483.6157395698528 480.00100223619205 477.89875434457133 482.9606394201386 493.3007086384126 499.00212424410915 466.84274634563553 458.288813313089
506.69766679374715 506.50298065276536 505.3093808846749 505.23562429363255 506.826415691244 503.13683552021917 503.33514260829827 503.89655252871245 504.8390041312938 505.9673779917826 505.8722059335556 505.8866010476289 506.29165917065825 506.06778835200413 505.67634365928114 505.24530763154644 501.61906954687487 502.28191586540254 499.9240473168168 499.9128145080343 501.07956277520486 499.3441235913469 500.29691253413927 498.9245498000258 499.33436476160927 498.55663759587856 496.92177459484526 497.12323434894193 496.6363094641727 495.739121598995 494.95180744044217 493.7538055240734 491.232527007867 490.09182547671236 489.1924884621474 488.0732183570467 485.2247531395057 482.152836878875 478.692624553966 488.66913746255085 487.27726527441155 501.22747014110496 463.0208402017467 455.2702489424579
505.2582200479428 502.0546926138364 503.72380362261174 504.71520145945834 506.14932142083603 502.1540677401124 500.7279198279779 500.8788632206891 504.163056405338 506.0250718092637 506.33508780189163 506.48099163975235 506.3457740554611 506.4451968052573 505.9713809018733 504.5563913756192 502.0615345315541 502.30729396145955 501.58811426402957 501.30653715621474 501.9022157900872 500.01782991202504 501.11983006770316 499.70730170968034 499.702700485251 498.53578161774067 497.1636685037569 497.118537192556 497.0051588144828 496.02733507910875 495.03844396326485 494.0126663001769 492.7807699858547 491.6935515584848 489.6549285295807 486.63149957168685 483.5023325013055 479.96530438174636 480.10744374525655 488.2019592369854 492.25544353363404 502.8667056633085 478.8271053298531 476.40852755849517
