resources/Input/dataET_raster/SWRB_raster.asc
NCOLS 189
NROWS 177
XLLCORNER 690600.0
YLLCORNER 5139200.0
CELLSIZE 100.0
NODATA_VALUE -9999
[rows 19 to 37 of 177, columns 0 to 43 of 189]
-9999 440.0540061826286 537.4886302816154 530.5785430552057 522.545531595399 518.2962120267708 519.219899073884 521.2833481343922 521.6746096095598 522.1780418778262 520.9510250647093 520.4329354156581 521.0769323647357 519.949282925321 520.0946240746165 519.6198185014978 518.6543453347426 517.3065300111685 516.6922536492343 515.9812075560839 515.3809267774919 515.0486100185573 514.6386020545362 514.5692062958215 514.3404050888066 514.4295324904622 514.3510064002303 512.2717271993104 513.4202656652583 513.1685245863855 513.2440697476101 511.7738252390756 511.7070569583107 511.010800210995 510.06879903521224 507.8242613438025 503.8819957889015 505.8345244104151 507.0780726027854 506.4584458566374 504.92496682973365 503.62951072419514 502.83683909836265 500.2847431058762
-9999 437.9152068043209 531.2024480170745 524.1349270348355 517.1675493909677 516.8393833811886 520.2943655290268 522.4865583575493 521.8281107475093 521.8206942764496 518.3728388297837 519.4607073162829 519.6053102505239 520.035001719031 519.7411595238784 519.8878828789357 518.9346265457907 517.5788786945485 516.6954161539176 515.7191494136262 514.9199765805644 514.4911063484818 514.377482634505 514.2468865408687 514.0065859580648 514.7181469402501 513.5880303037034 506.2956265301938 512.741052680857 513.3483395099587 512.0508074901329 511.8949724477327 511.57156620893386 510.38652090477683 510.25669648870286 504.27136313123503 504.78223528194513 507.2947118909158 507.00266103793297 505.7297355949 503.9892164012281 502.57417183148726 501.5572341648029 500.3164232661338
-9999 434.023115513098 527.1664260589832 520.7606452638709 516.5926130092146 518.9688084622879 522.7558770315098 521.6504653763305 519.9818109682358 520.803289748626 519.0649362375256 520.27980468803 520.4512358732161 520.8820012802639 520.5998966992137 520.1436391132676 519.3402423574203 518.2981417317212 517.3868105452322 516.0964882574764 515.2105041102121 514.6709692044416 514.4486154233144 514.1833354521001 514.0079399626899 514.7089665348312 511.16292592472814 509.35524109516695 513.2052086546543 512.7128474175651 511.82599862222946 511.74482343868567 511.6333164304001 510.14189890136976 508.68282934117696 504.52334853352454 506.37899526011734 507.0677645084444 505.99798550648916 504.79677011561364 503.41957553708227 502.6704383247067 501.0204780796417 500.5599601026621
-9999 428.903619064651 521.9499141968773 518.7537129497372 517.0988597210464 520.4119371941003 521.2657325913648 520.9678103130989 518.3449162096833 520.9963445281554 519.7040626276786 520.7903170362849 520.8893477191984 521.1726718059065 520.9464598899267 519.7939887418574 519.5709835956928 518.6112044002249 518.0671042490293 516.8002206671144 515.7140310048519 515.1745040372595 514.6330875971074 514.4065351645186 514.5530928107045 514.249379646245 509.07203520723243 512.8109277607047 513.7140297953932 511.58645002322265 512.0878557550562 510.7906954694487 511.2872868787519 510.705826337761 506.7226849938066 505.3960826199127 504.71293506542446 505.6820608124456 503.6695469574568 503.39241587022485 502.30918065570654 501.57000832222855 499.7366052526841 499.71217191353014
-9999 424.5725914827627 521.1556682535581 520.27012234191 519.7425581213057 520.7904462874449 521.3183734828239 521.2015125208936 520.3249029889096 520.7658350133045 520.1767515338585 520.6527469978604 520.8016727717481 520.8671262777527 521.2851901683434 519.6644180345133 519.2676943771078 519.0789658790846 518.4072682674539 517.726341790906 516.7136420279137 515.7913618002706 515.3866713213795 515.3374764592352 514.791498811571 513.194578025824 512.240136234471 513.2729057725633 513.2684062541084 512.14071581904 511.49670372797044 511.053023614824 510.65635934478104 509.91387109539517 507.4815917306524 506.2359775687192 501.35956988670057 500.8592064604212 498.25341881635245 500.20630337936774 500.909937921164 500.3956656049703 498.27583359543064 498.7398693362226
-9999 421.6168723233072 522.3008260639318 523.6828642908077 523.2906018928747 520.0200246991168 521.2877860295584 521.2786671527258 520.4377233169788 520.3687122891545 520.8673049153808 520.4542485386751 520.5884634838111 520.8173215804811 521.2128888232365 519.531251388766 518.6234681876805 518.6613674525657 518.6369249085634 517.9812425550975 517.0107046483214 516.2165451576582 515.9628216333767 515.6664207870446 513.8798763629477 513.1681093162514 513.7798851802706 513.5139762823022 513.0974374702587 511.1257566955593 511.10597935037373 510.35913760856863 510.0780913800467 506.9853792878676 504.7555008067742 504.93441611342655 501.1418168662227 498.57231426132427 496.34439432964245 497.9850562121207 498.2408070761237 497.02671158054824 495.99354697488235 496.8938943742583
-9999 420.4837803475296 523.5715318034252 523.9241409259482 521.709932807805 518.1768855982626 521.0417693816902 521.7245475461559 520.7852301731618 520.7915271118335 521.7831674516691 518.750126111712 520.5362201951557 520.5114837716176 520.6962774012039 521.5975520293528 517.5361161873484 517.4280444718041 518.4956673044315 518.1974715067719 517.3571185313964 516.6822918782589 516.6785628400369 515.6633388757319 515.0322702849239 514.8558385628428 514.3561387737047 514.2445779451078 512.6246687273933 510.8474902851373 510.14062826086143 508.954120273249 508.5787582763025 502.5317103246692 506.39004832025637 503.36152164280657 502.74259424119805 500.838763133254 498.9350786123726 499.48494256271886 498.4482321525433 495.8770151612592 495.6516899073947 494.82252897519083
-9999 421.0059776132272 520.8043658277993 522.0085923579836 520.5137865310375 518.637014872333 520.806462757154 520.9984792537649 520.6103941113872 521.0302186201601 521.2360191325901 518.7392144055815 520.2963183953736 519.7586776215873 519.7577988051212 520.6450866555682 518.051419075616 517.3836817532086 518.6206050461926 518.3301414991927 517.4391984493798 516.9777205621998 516.5481119739545 515.9893020017126 515.1473178701866 514.7589794463893 514.4251391813643 513.3883512354357 510.85585130988943 509.2962315644611 508.969008565355 507.4412904774438 504.8780544344444 506.35320192330784 505.367392409941 504.2018552899581 504.5325630479707 503.449500828091 502.4544646512852 501.7997107146525 499.8979426413525 493.61504293325453 493.66342342923485 493.1295685242535
-9999 425.043340367338 521.4820380454709 517.3359515631014 515.9868502588658 517.6332187394688 519.3131952012229 519.3114049171692 521.1445850692093 521.6195015707301 521.3043000408763 519.0986594212355 520.0680789121783 518.7045258931487 518.5551841317564 520.1612909660241 518.9747886507841 518.305363309179 518.9189484539784 518.7732850378891 517.4840229827689 516.8793901143488 516.4853540938216 515.9716499723097 515.4041231939998 515.2910751676519 513.6737397717924 512.0308358393439 509.56755778730565 509.8667279103291 510.2443999930997 509.617063566339 509.5573396994601 509.2823760434405 507.94129518281227 507.50681587153963 506.59659923187127 505.4294101961727 504.5510296598275 503.54547458864056 501.07189613316586 498.3691630542919 497.80124844075 496.22180210676765
-9999 428.0316784388504 523.2695653076755 512.0650321734972 513.0736636218571 516.9400062453338 517.6770083496431 518.3660574675008 520.4533523074674 521.3129700203374 521.3875315711716 518.446210114799 521.0608200772481 517.8030795737774 516.5876601358908 518.3435828692228 517.5082716885082 518.7957274668184 518.79971326201 518.6729307387254 517.5883831583716 517.0833844071698 515.6962087393374 515.6916322875916 516.3286041988061 515.0980558628569 511.0464055848825 510.5812712352739 512.6288950481621 513.0522215985268 511.8646665280585 511.404588154609 510.59052216119375 509.3640680980788 507.9174864150294 507.41992232534903 506.3149935006374 504.8928007357947 503.563991433231 502.99628759750357 501.4625835070588 500.0448856607408 500.214637792374 496.7338350517286
-9999 437.83066941708637 526.3993424541437 519.7265095383216 518.3276753271252 516.8270655136809 514.3285379386309 516.6003079531204 518.9497700717084 520.6595158014755 521.3579369031477 516.6172698190301 519.7200356055309 514.587671139545 516.4259715159162 518.0834822224192 510.6722310844113 517.3333784150999 518.3794895945281 518.571503106206 518.2508508307762 516.0105126999491 513.7476438448077 515.8597239742622 516.6614375942802 513.6747669159454 508.7636771063633 513.9791686799763 513.7606999740029 513.1747836594235 512.1163617795488 510.97641222404985 510.5826426765264 509.3260735627944 507.90339964549645 506.8713937970281 504.99923886641636 504.79223047508975 502.617804588142 500.9803969735801 498.56809425876844 500.0107162126611 498.09335156096313 494.0028405166938
-9999 444.64721908811504 533.3415704753781 529.2958408509674 523.226655059551 515.8832215327643 513.3624781086924 514.0570326610948 514.4364392261783 519.2021205971383 522.9172239930306 521.227160634188 514.740287853523 517.1312370856001 519.7442558489225 520.7406629985466 514.7370744647981 516.7997954591787 517.2039293589876 518.1549564354999 515.496005349208 513.1339525392656 511.71737995605525 516.1433604779614 515.7524572622856 512.6809050898061 514.3223929549412 514.4024673451428 513.7188323275965 512.965045397031 512.2113586470592 511.44970658965485 510.389684432527 509.52098198624896 508.04909698072385 507.30474109321057 505.7076367857588 503.9293882478286 502.3477564760679 500.1983404046706 499.13297069565954 500.53184325827755 497.62831803227766 494.1284427127422
-9999 436.1950540495577 533.0504671556862 522.0330763156755 526.126176445719 524.250503097903 520.3933293398393 516.5993117650228 510.97834245405943 512.7013715189709 518.9457961881607 518.5100032777842 512.0069293070733 518.7566797315294 523.3005087632142 520.7456417940892 521.6096211689548 519.0029076418917 518.5475071903309 518.0300070372384 511.7801452647534 517.3494987192079 516.6185360778775 517.1306677604606 512.0710804262832 514.3153573761505 514.5057029680808 514.3758251088748 513.6982871148325 512.9091884026269 512.138637851108 511.1431494567402 510.2028442216135 508.6266119818932 507.8922555758767 506.565525343546 505.05831966620156 502.6091888668012 502.1430131746032 501.2153490447724 499.0626902085531 499.4905636551411 495.37975250882647 495.89463025861534
-9999 433.17483882196376 530.6427827107862 519.2440937172737 523.3499079638237 519.161550789781 519.1008182611662 517.7877425810416 516.2851359706169 511.81295783729416 518.7485157612175 516.4739531955125 519.0656839813928 521.2006701475906 525.031621704175 517.0484297674051 524.1940655987487 517.001610615559 521.3955588720339 516.5275579363065 517.9693243807367 517.2172474446917 516.1040459335691 516.7312653008808 516.1479933758711 515.9964479445081 514.853224795899 514.1579542493555 513.4212859211293 512.7917396827761 511.86956351361016 510.8613588953529 509.9117379072267 508.6246421017629 508.15750455882517 505.60146310946334 504.19666531078076 502.58331235203207 501.2759531212984 500.1069436685198 498.86138932263873 498.27947649621797 496.25846739198164 497.1610616364185
-9999 429.0107914098244 522.3024327168297 522.9479021195408 521.0959641867096 519.9584166996767 518.5376206651669 521.6642879663563 520.824494984855 517.7414318643968 516.9203421626084 521.4766991163732 522.7856392873967 519.3143809479325 524.5714683941906 518.2997475966467 522.7993969566355 523.0444161292103 518.7227887593724 519.2928180669801 519.1555661987994 516.9639293652102 516.711669963463 516.5252593247338 516.2162174654009 515.757162524759 514.9630051809092 514.2029001733044 513.3033434636718 512.4514997422249 511.6845578634492 510.93750051586 509.7433620106573 508.2064137800444 507.19685979556715 503.39184561395064 500.85834783368773 499.7470971517866 498.1587725557506 499.5583538613844 497.79072845809725 498.83984098625996 498.9926136706907 498.1043767030474
-9999 425.26609461932867 517.6666163482791 522.4412806000221 524.4658565878059 523.2139681856656 512.672688362077 522.4851714870919 516.0164294994441 513.2990262040173 515.3367289856407 517.5714531305553 522.21216419068 512.9916590718306 521.870759803373 523.2594615239229 516.6416133291299 522.3456482998716 519.887052889778 520.3053589071384 519.3070793930303 516.8621353714764 515.1893992074777 515.1620346298296 516.1989567268128 515.6537400692638 514.7599797647989 514.1941144383283 512.4028217218893 511.7988412953345 510.9958786887472 510.6544387939654 509.43422945218714 507.08380747112665 505.52671237780544 501.58088523173785 499.44611714954294 499.23246071180245 498.0920868277578 499.3701283488023 499.8945230299918 501.49694079677465 498.9359530379269 498.83670709645986
-9999 420.7084137689644 518.5011877138672 518.3364348498385 523.3502443788519 522.2151592955261 520.8241622454468 518.5237615535946 515.654331083894 512.3245681624494 514.2489158941434 517.9197922425095 520.3749649892268 521.3288453637624 519.2513334540145 521.8992836942842 516.5908592423219 519.7686818975623 518.9535775422466 518.1625936295616 518.9389453711111 518.5389246599345 515.7922336068491 514.2666551201954 515.4609358512823 515.4006310692514 514.7681080533482 514.0566683141386 512.2200236710495 511.69716062230117 511.05107791163994 510.31131152038006 509.12050312297407 507.4815885884767 503.9276899134398 503.41488320766064 503.239866336545 503.147146575038 503.6564872406435 504.10666484799447 502.4698911231984 500.90213239749164 496.53953076963523 498.72303501954224
-9999 418.7217051497637 520.6459573465628 518.7455557788693 521.6705333578416 519.4371755689338 518.4362548492884 518.6606891256871 520.2301007728216 517.4021138030344 516.6284950374705 517.8187144351294 519.4825156861605 520.7206758451622 516.0245036516125 520.2554264348778 519.2302929753174 519.4155458495693 518.7671649382434 517.0180449300977 513.3512071559932 518.0735531853379 517.452981732861 513.1001635551595 515.4962470735654 515.0340572267747 514.6286443771229 513.4256566178508 511.76118999586265 511.3058371036886 510.8623018936321 509.42424202205956 508.75001475992855 507.1199416799003 505.11497435863265 505.7119773695692 504.9375159770219 503.32504275429966 502.8212440560351 501.1655632381135 497.96827871028154 496.36689787900235 492.98121127440425 495.0676912452645
-9999 417.49264420767287 519.250460798559 519.2024079668732 520.8496231340325 520.2109403681794 515.7857632275267 519.2173365563292 520.4240097820318 519.4256894982955 519.9113041862748 519.7281814466803 520.2488275829287 519.9420420753934 518.8287694188723 519.4894303662272 519.4680149968352 519.3337804173972 519.0813017585854 518.0922450905983 517.3539110829943 517.4731682349247 517.7785411299482 515.8050664563887 515.0353325299045 514.8234047656059 514.2787655987173 512.8433483223233 511.67946697182344 510.9774012090992 510.23681564375676 508.5377905339955 507.277053182648 505.59122284986233 504.63590247877846 504.90022806905677 502.72178473502765 499.2787049269662 498.6732632219665 496.7914015175746 492.33056906747277 494.90688875024455 492.58039957134775 484.33163395575025
