resources/Input/dataET_raster/SWRB_raster.asc
NCOLS 189
NROWS 177
XLLCORNER 690600.0
YLLCORNER 5139200.0
CELLSIZE 100.0
NODATA_VALUE -9999
[rows 76 to 94 of 177, columns 132 to 175 of 189]
479.1715602329399 488.5738264977129 491.74095704298884 491.2055106501 489.41363052750904 494.43208616480206 502.6635206750432 492.16117055735845 494.96663207473074 500.3424075530286 487.08623223675164 492.57298222666043 480.32039463489195 481.0358077341184 488.45010169265174 493.13961476219845 489.98768624367386 473.7937638663311 479.96288895834425 485.67302422200106 486.98448452337846 490.81373541897057 488.2088539310715 484.6143909732752 486.55588295641166 483.7715702364002 480.5934116302409 486.3743436750178 481.87023778832497 487.66218515338767 487.34186838183587 491.9258672423497 496.25130538704417 499.33391285739236 498.47445044630956 500.29175765943455 487.84320758083095 496.3370867774073 499.5124043477672 501.40086416777785 501.82429642386626 502.83543611405435 504.237005804962 502.8692774250419
482.4368684511661 484.9943514032467 486.80394842686394 481.6850032820948 482.6319225135777 474.63604796268186 491.29289685304707 503.6203396524284 483.2427295417726 488.0362621419526 487.8336909543319 489.5286074680868 487.4542312677972 486.8809367526871 490.1405148858836 491.09023936904504 487.4460503102963 484.2634224967242 484.2431235589562 484.88525782072765 490.128176350602 493.17015952279604 492.4295186559451 489.75119304797863 487.88180680128016 487.73157117730784 487.349728327359 489.16097699407294 486.07941483571716 492.209224406289 492.3449379928269 493.03941306506033 499.07732973662485 501.0551846633651 502.30637496906843 501.3978336937048 489.5392319939409 495.04910353611183 498.94836786778734 501.59922326654555 501.60731152507645 499.1911271379547 499.76629182680017 500.891918003027
476.00204594345627 479.14088021314194 483.4247264974871 482.4829004585076 482.8445927484521 475.88737329291496 477.3801437579551 508.51926117377536 481.6599217499364 480.4741669896734 481.7202951969187 489.3782313287313 489.3066254435907 490.26931738948974 491.5414427776701 491.66791325290524 489.97788221546034 485.07171644715817 486.40100713453023 486.76930814420155 492.9992969104002 491.6088295425123 491.7235864334606 490.66337874510157 490.4528821252072 490.33883923732833 490.3901182021375 489.9761770409327 488.70650522201225 489.16562901294515 494.78910031080386 492.7814929350894 499.75954401686533 501.0451762163263 501.6871673728624 502.40018890987693 497.8515419260244 492.42313738695077 498.4118168298301 501.3440449666173 501.44938293359843 498.1898313016559 500.91366283615497 502.02986737113105
469.5533997108313 478.4980793849447 484.7168949449782 485.725638234168 481.9588590505396 481.85491539607824 473.79606830812185 502.551876852592 484.90640597642766 470.3648696047577 483.27745736901284 486.08065645333846 492.1074309636393 492.1918836762918 490.6389499902433 492.0193120735146 493.44976722266756 481.87157353409737 483.8649962330544 488.74273117407097 493.6944922814107 492.9348024910427 490.6689391631262 490.20576299409447 491.57793556357916 492.16652280612846 491.8402092785202 492.01879132062766 492.51208130752457 487.4007567715971 492.27383368600243 496.07588212730883 499.61182380029345 501.37218069768386 501.3115060094707 503.53401242993993 499.8661670319307 498.31051433606797 499.4259349102625 501.02565469955863 501.4671563387228 501.6104726454503 501.75663843219206 502.6890393240704
471.5726229756011 479.5524411986721 483.421165249966 487.7364486767574 485.51145475611787 487.46780427053693 481.30878558662056 488.7273471356882 500.2061034899116 482.1407652525388 481.5516903043223 483.71959563514844 487.1420767463319 494.83929967017946 490.7824401924838 488.11376683304917 492.14447167926573 482.0891630953752 491.7657764320959 491.30234734319737 494.90545861352876 492.58668437910416 493.43394519429586 486.7274005565118 488.1250110625851 495.03112315569604 493.0715346452363 492.0072019878273 492.18151867228846 489.6999107275533 487.7268360953112 493.49808907082394 498.07954674154774 500.3739809098966 501.449491997372 502.4881188802699 498.94861377575495 499.3203795303055 500.98184181425853 501.55147412079907 501.853560337069 501.50023140911276 501.7987115146746 502.28350638400866
499.3807029385819 482.0252217078668 491.46311010578023 487.63047332117833 486.81630258025245 485.20921022162497 488.6640349110186 478.70783639818484 504.48281787601786 492.084989714156 488.7510360228435 480.89560050694445 480.90129090881504 492.00154387406326 489.64317619129963 487.49552581736174 485.21462041092144 490.78514604344934 490.64300805469975 493.0666689140986 493.75533597002476 494.51122394658057 497.6141719176491 491.12286883189324 490.1192035983138 494.3299536522372 492.68968919889505 493.4774947455723 494.5434761821183 493.0464431381942 490.7292177819344 493.92994501954354 495.051267895047 498.7983748390494 499.9387212745675 498.89667279129765 498.23904669098926 498.91647156322244 500.7645994626438 502.282484828096 501.3416555616481 501.5121837048741 501.1530246912474 501.17555598739483
486.47970265532825 491.2189753425853 498.32750475346063 497.12201272402297 486.99808181683187 480.3647820821338 495.6021439006557 486.31686953478703 495.97130691684083 500.0719603040482 491.651332034456 485.4121704251231 481.6263724087848 490.7661505330874 486.22520675962176 488.9423559417854 489.4509346084799 488.17445066909306 489.37857582132006 492.30755820802074 495.559418861992 495.7408520051874 497.64222712262233 491.3184282179358 491.33003384696525 493.689536140944 496.09741037910874 497.61894292295625 497.50544728315845 495.7657274103733 495.6003843878119 493.5091013491938 494.2633590718923 498.62827171929223 498.43573975726423 496.9897351796277 499.51320058687145 499.6752310507835 501.1156718375943 501.3157123632647 501.6619804749332 501.3381207168819 500.5612991051982 500.55851924374053
492.11234804303916 491.377111991465 494.59960851452195 493.88225582788857 489.39935921798383 482.3544459480215 488.7329448542172 461.3585052805529 490.6947421122724 495.4930877725982 501.8898708351813 479.69112298458816 482.8309641431855 485.0678678853034 490.39756192293953 490.08364967875775 487.1056382149257 488.64455954107416 488.41630099275574 493.31804593755646 495.83230224579785 496.48478114805056 498.08992114658133 496.8843694077149 489.434579047989 496.40976897390135 498.3808481267902 500.0672819940977 499.1377887730881 496.4536184660152 497.28450254470476 497.5694934023678 495.10970601146016 496.6532693804445 499.05899053164126 500.55150875014755 501.7271934875267 501.9521477097655 500.9847562531662 500.9919847648953 500.07097440109777 500.5122427616808 500.4967023184874 499.7177634814989
492.4173671650859 491.36647334782083 490.05648000960355 491.3390530406563 491.39430539616046 490.7392365068714 486.31473273645275 460.16080777729104 485.4969709566798 457.80380476439615 499.24400567413386 482.7723161476301 482.3866477075214 486.19058304490983 489.6254589042625 486.86660539071937 480.5684771073364 493.4726202383565 484.69246325096304 491.94754931940156 495.95749286077483 497.48695753453546 500.75270977084585 499.23767214678367 492.3495680828576 498.15795398588654 500.47797777946704 501.2854508807007 501.4274254263797 500.9398150422567 500.5182878442742 500.6988389303765 500.6534156572012 498.75200089099957 499.72858654260233 501.3267905725936 501.62215837106606 501.5667545258441 500.15433442824485 500.8065533412241 498.79438911992963 499.57943852150896 498.38565502894375 497.3630038453374
494.1397146324031 492.53029116414655 497.34992440774226 494.4609281781836 494.7870657940378 493.97909396424654 478.99861782058724 464.7257256571103 486.9155890292444 468.33513215871847 470.3744694913746 502.02717761391307 482.107859068704 493.2699585319739 485.91951899046967 478.55344797045456 482.3303219491115 495.0947078192158 487.6443497819972 489.1718192232919 495.29761234030633 498.93370871512326 502.4446378056922 497.7308717604523 491.5454471489132 500.1727003629911 502.32821029683805 500.8255865060198 502.2288054947746 503.1435121977681 503.3342171755537 503.7960552655797 503.7934632628457 500.93805920647105 498.2179351316587 501.92737735934907 500.9921293067722 500.17073025929636 498.1489526174347 500.2189910353007 498.05863877150585 499.65334682980995 499.32449522417505 498.5762694632584
491.9654812413317 493.98819854824654 497.13256129009085 496.429726125245 495.58323744229733 493.7504247914725 482.2509393297542 457.8254287401551 486.0621798163197 463.24118458784835 468.03140424127525 497.11443018516394 476.63559364619346 496.034445960443 486.83435959478567 480.5430725662844 502.9031445935197 495.9636840882741 490.6449492231708 494.88811119850044 495.459764991492 497.02732053900786 499.4614741514598 495.2590715946595 492.8936039466025 499.3952545545867 501.61797839534796 501.26876969536045 502.20849755630127 503.75275663883696 503.7603271518338 504.3834618424564 502.86941230394655 499.74601428902423 497.04866019540094 500.68891034149004 498.9043557444263 499.84970739849706 497.42408488699243 500.18522500090484 500.3487837516741 500.15008545439116 500.36216521524756 496.6561008265683
486.8981034918096 488.78479868239265 489.5155350232064 486.15335520906683 487.21958989253005 496.8509515462082 480.67711015129527 457.9858143784767 486.05709856988517 464.03604040782886 467.22971167931706 480.53522839799325 471.59673202647906 493.0018210237497 472.11608352056606 479.67178525741485 502.1771925405153 485.4140673476591 499.70348950360176 494.2476234420782 494.06787492969875 497.81833226360715 494.6843713655074 492.3675387618537 494.5816755979529 498.07465656924103 501.3265337124816 502.63084950279995 502.08963344841436 503.70654652898276 503.0232644901054 503.5919694377807 501.26653705287697 500.87208759491 499.48032462696057 498.8062457729496 500.2921522710004 498.9363984285509 496.7090928798087 500.7033611735473 502.17510076070704 498.965904538979 499.15482059389365 495.24531724530357
485.6692008196694 484.413371527313 487.3645173546138 469.90692107612364 461.16875643734426 496.61750823204767 488.55531380335015 463.1582103315419 478.62352520196265 477.1471861911068 468.09417441871625 479.4789526146919 477.76964398595715 491.17124784685655 475.3943608625094 474.2042998750804 503.3998584581709 473.7466250353601 496.9981658826942 488.14533255832237 485.53964089655653 493.8932087473014 492.95493158850957 496.18583472110515 494.78844151844976 498.81100772432126 501.753640227093 503.2513284523051 501.7585662638324 503.75077259663004 503.3611124313638 503.14864263025606 502.49290858346563 502.0085522731156 499.00318901855167 496.38405633668106 500.03097936158525 497.1836217050219 497.3722870697248 501.8466222601614 503.35277699118103 498.80597732139216 499.5055158969317 495.97939665684487
497.491151205002 502.1710707753687 488.39203360044485 480.05237730229146 457.2570087339378 491.6909922695786 489.0780846442393 469.46510169394423 479.900594548963 482.5335890958638 479.37450304663616 481.8998723956558 481.3940499514972 481.8482797801222 473.66415490081283 471.06056854044635 502.904716355871 487.3139655814684 492.7393322888181 488.37303444131123 493.96369039258656 495.4507943340585 496.50062298325514 499.1218805266044 499.3983970735587 499.8000312329025 502.5388107764069 502.9673373521481 502.6312250887146 503.9067613053178 504.31488961977954 503.5116176891918 502.63812338498695 501.9172459199256 499.2229346507846 496.3694471802967 498.10616404879113 498.10525425501885 499.0971713273103 501.34130855135857 501.39311371206213 498.198835758859 498.4250782010625 496.90696882796954
461.14646691452486 494.804730530941 482.5881563277916 479.03957527492975 460.896901783756 480.60072888853097 479.8539987251588 473.701041970446 481.5930892309136 484.0405882513135 483.8822994861805 484.8248821658179 486.9240877999364 477.8323288645646 478.2841933803692 466.8129554377813 489.5834578368155 495.4327658555759 482.8232352707863 493.33277185864813 494.2365282682848 497.0107116873313 499.6798015491371 497.40068687344217 500.5075248874803 501.7753065300501 502.33661739400407 503.2171157983544 501.2796591498772 502.93550590534284 503.56387372212134 503.48177739108667 503.4015497515761 501.0867983169445 499.71551314546696 494.7411649396928 493.8145370026413 497.5414954876181 499.3234347592629 500.98559005630693 498.8801523042938 497.3408477827516 497.8836558641981 496.94819116413464
469.92510060447637 480.8439137245739 488.4338741187562 478.06473373721167 474.6165110413033 473.2366396382743 479.00198968200783 481.1248959386042 482.9159421060397 485.51906189242993 485.17630907657036 487.24494765137433 487.9258926443855 480.1238564436162 488.37695688309896 474.02242782878784 491.8816099613609 494.32158272814576 489.31724426485874 498.44389271748855 493.76712564188574 497.9427478401203 500.75820625230165 498.5043081876272 500.60736711438415 503.5683877561225 502.4570953724509 503.15047109969913 501.0252994859783 502.13862772601817 503.8757721618633 503.88555245632045 503.1652115891768 501.60841580089885 498.86082393993627 493.50900041046623 492.70848943119375 492.9143649000545 496.8490163962474 499.6506128872204 495.2565064995623 496.65714687228484 496.67361360831075 495.3164425423156
483.49173812214605 483.4567986353966 479.63166012147025 475.9629625670311 482.14585277498117 482.43125334425065 482.10791745218086 483.8818325627474 485.83092878191076 487.0312675911184 488.1583639496372 487.45640186705987 485.62541441237727 485.73786157053223 486.84386893621723 483.28715112235443 495.8018443371777 492.6712084482462 496.9945550948262 498.10336838539376 495.9842104604241 497.56050483489616 500.188385249211 502.3937453318905 498.9214006211296 501.8530567750774 503.411608717032 504.237958544422 502.7510104655231 502.2443439365255 503.66354004110303 504.30064137280067 502.4015747196967 500.26730134339334 497.5205424225417 494.13813432453446 490.3958251347051 490.5614523507778 499.3279925110394 500.51944723597484 497.833086968078 496.85628609693555 495.54293147990467 494.9099586444355
489.9369031622635 467.32638709389454 476.1396755494934 479.5062716878684 484.5825493980374 484.60465805474996 486.68145429993183 487.6994638989336 486.62268828747654 489.30044427135755 489.66616906437514 489.0937766668051 488.99481945116133 487.35938273427905 477.5280170306096 485.17377452941486 490.21864631457277 493.8968204326223 496.60844898766834 493.36866316433293 493.44910941783576 498.10018252967586 501.391532213975 502.1052306161934 502.72001977169924 502.2300608011097 503.5401384660947 503.57012943883177 501.2502590803803 503.0493998620115 502.96472008607196 504.7000561408491 501.4361576682014 499.0204818689548 496.4681297118883 492.7892147543812 488.6912578670202 492.9507327882603 500.3989441657586 501.2591866171462 499.4229175331325 497.7837531122117 494.76937856671077 493.4074781583199
495.5132024953486 475.96887118079167 483.09765989600623 487.79065038537817 487.9846821155158 489.1976892347167 491.13661685376167 491.2819453527945 491.23645457309044 490.5581121230287 491.412278892215 491.1552588299738 491.6520320264091 488.0629363355357 488.7264302994743 484.4685902760314 483.02693044665625 489.4329181407695 492.4549787731585 491.47459825530336 496.4962132278239 499.88976353869754 501.797175737181 502.6144264954603 503.4095214160978 502.8751066551302 504.2680548819601 503.9008948797805 503.38432218787955 504.84040009355516 503.76837578478455 503.73276296773884 501.89763049148246 501.1595833877713 497.2156696438119 491.25310751743524 488.2003642117567 491.90856542066024 495.7994392578747 497.31255270687313 497.34049958551316 496.61491578063345 493.74146566206923 492.0878732515142
