resources/Input/dataET_raster/SWRB_raster.asc
NCOLS 189
NROWS 177
XLLCORNER 690600.0
YLLCORNER 5139200.0
CELLSIZE 100.0
NODATA_VALUE -9999
[rows 95 to 113 of 177, columns 88 to 131 of 189]
500.5199462190539 498.9870170462872 499.74373723801665 496.8604872964065 494.9673728496966 492.7131983310242 491.02758434461265 488.8739727394406 490.11147019063594 491.9951098834962 490.35087152433755 489.1139025018732 486.560249192771 484.2933685103269 481.51129558384787 474.8717447837784 467.2809230485461 473.3723531055967 507.4963870522591 477.1888929733123 482.06508420323036 487.24062399134414 487.11302554073467 493.21272853170194 494.73596777940054 494.2615883757548 494.0671015048446 492.65390039457463 493.360931451917 492.6288447160835 493.06688790115425 490.8789708189165 488.8526746926624 488.2631643344202 487.2239136770231 485.38159196094125 486.83406868768446 481.31235801634796 484.4841157754402 476.4412933212958 478.2047125425554 476.00601184264855 493.56823057163155 473.6319403096335
500.0525066820138 498.33926642867635 497.7602603451988 498.29495222596574 494.0745343820107 490.0872864665124 492.70322015936995 492.1886913509618 492.17207930278437 491.1355943564021 490.4376602014136 489.9614525641983 487.33390679502617 485.36621374212166 482.03177171055364 478.80767685848934 461.61820310295747 485.03970756885144 496.8671152696666 478.7481759726962 487.8720114846766 489.24237350930485 488.85105841755006 491.8507520252595 496.0688151111034 495.7599309837366 494.9011963877216 494.3122774973171 494.2016194951168 494.23569519798724 494.4176278977483 491.78683337607873 491.1750341191528 490.08943798236453 488.9439924980325 486.47085067193683 487.8299097880551 487.22684791999814 486.41199848047864 483.942409423218 469.36539301714987 461.87747595128064 476.8270272872632 482.41906625729627
500.72493083297286 498.2037835833834 498.350671238828 498.1300358302592 497.4955696333112 491.09081849103836 490.8366848165707 490.28995022054505 491.61063137639815 490.3924660967124 490.4658515410141 489.147307302598 487.00498667849604 485.7384504305236 477.70189855577553 483.03974428323363 457.0951126461437 494.65732147449495 484.4995480533978 482.3024120165112 490.0213415587724 489.6635503515934 490.9872811333438 491.43625766295816 494.50184622746974 494.7231053278885 494.4599367416115 495.20627786854357 494.35827118060035 494.3181921151007 495.00488273271077 493.7772117786146 491.628259319606 492.2196236176283 491.2060450465644 488.56366378938196 489.3783993029587 488.0281798175371 488.3218088585266 488.7767867451816 481.46198330453035 476.9299781531 464.42586392957463 475.00752548942137
500.66428853455164 500.5359246799562 499.92385131381116 499.314173312087 498.34197073168355 492.73172733350816 490.17935725444624 490.5664547435824 489.44057890060196 488.2958296821407 488.7698717403487 487.5927471761243 487.037051778459 484.85100675077285 476.55702510393144 480.54582561999774 459.154270010142 493.6882392331014 488.65109171125005 481.84314455593255 490.2026632289355 493.1963795712454 490.6821115804595 491.65188270177697 490.7305844439761 491.8804768397396 492.9190603146147 494.4657602344239 494.15751568725193 494.4764454425351 494.936857617321 493.81305293506637 492.9231095016602 492.71740308757717 493.1486803323118 491.92402283475786 490.6286186941917 490.0898589233573 490.23977815074613 490.148370908989 488.3558718242275 486.5103838018137 482.1269584482485 479.59458462470536
499.65943553537113 499.7982047413576 499.2342987638667 498.7459756485728 497.92587378171197 497.44030222485554 493.9947954428143 489.1240815318978 488.6524110372295 486.7747737858281 487.8505502516601 486.3645932493593 487.08167005142866 484.5787982470179 477.4232375734171 482.40006376564884 469.4444583691891 487.5378396882119 498.2726313894206 478.6059064500628 491.04756241796747 493.1323610261688 491.71683266008546 490.58866855952164 490.2698846810082 491.46506840861656 492.5782004003417 494.28084069002296 493.9538200935295 493.62835663383856 493.6022161211608 493.74453854483863 493.81362653083363 493.9803733205793 494.3646046387617 493.42108373145095 493.58289359197033 491.5105115179634 491.30354905911315 492.3813669384525 491.2937671729942 491.830813515134 488.0456058570063 487.3984066827328
499.8060932523823 499.5827998298247 498.7738473334575 498.11067126499984 497.70549848759265 497.5318974473536 496.35346928695753 491.7609734538605 491.3518054465607 487.2327277657914 486.6307795845441 484.7158569453836 486.509402255021 481.7918948303069 476.2821157008522 482.16471372447006 475.4441491821411 493.61488837769787 499.43062897651475 479.14973254567724 487.92966047029694 490.40513066336314 492.1848035406445 488.2409966720369 490.2951874697779 491.66411123510716 491.8563191846962 492.6252482705612 493.50089723209595 493.4135482090563 493.6101607011155 493.90677318979994 494.10498128546243 494.02810672930946 495.5357271696655 494.41040490941964 494.34753164523676 494.05402155802807 492.4390748780292 494.3296121961001 493.39714542413145 493.00613014761416 492.9218325433019 488.7939518831189
498.64840004779404 499.1561811269573 498.8900547811521 498.84149413922853 497.9586078024392 497.66943456093315 496.8051064735141 496.97447376734266 495.66020945454665 492.75493953579485 488.9009300669053 484.8111955648205 483.54066090048906 476.7956525097195 483.22508386044706 483.70664917636987 486.6939407251241 502.2053229566792 496.3656104416075 483.22537027479666 489.0385051743071 490.64593074911886 491.4215572144657 488.04604479459147 490.24459568036366 490.4083391036626 492.8047353730891 492.8799105911254 492.8072469548745 492.7525539143524 493.56102286365206 493.3316401958609 494.17394894606645 495.0591974892615 494.7121716463905 494.10462034193006 494.2261627776624 495.241478257103 495.11775555037747 495.54912807304737 496.56153173113483 495.24268683573985 493.9611369092449 492.9826121432838
499.7606736516627 499.17457249308404 498.85737166402345 498.8220455298296 497.9979521769884 497.9336455825059 496.80080741822667 496.94287849600755 496.09018302832163 495.0470755899953 492.9927310029446 492.0125789139211 483.01869789146525 477.0872666339876 485.306603494248 484.6810870629955 501.6244426863338 494.927253538418 494.04190773539875 491.1391697666899 493.35991285174754 488.65251322133986 491.4136525813813 487.5074189298647 488.5778075520042 492.1897477242151 492.7000442425755 492.8682167419106 492.4153419507195 491.81320990718393 491.92938015540676 491.7615921522771 492.9581225779441 494.3621853861845 494.76805052922094 495.87753391455414 496.3895364259855 494.99415735751734 495.7801640338325 496.49193237047774 497.33744653490476 497.40093330010063 494.7592850810929 495.33019109953347
500.52581484672476 499.7945809976257 497.48050202499485 497.7336726551382 497.92827754297696 498.0581881031486 497.3697263980147 496.26779202141785 495.48846252978944 494.4496626737375 494.5026777413691 493.11489479754056 490.96521637768853 489.30341699974605 487.10051280406265 476.42019004996587 508.1762744222147 484.96124938628185 488.9229683550053 488.77360906340164 496.98178649837826 486.192074607271 492.1467810044243 494.0056145812541 489.1099578740369 492.7500716393676 493.33153717069285 491.4016395965324 491.1822643854635 485.4690601338726 490.17979624470325 490.1780670981785 493.1541226838144 496.0000237829098 497.86011437895166 496.90623056693914 495.15338502069767 495.52314840357747 494.7688810465287 495.29931434884907 497.17604782727005 497.43408508191055 493.90246787391476 495.1485125520064
500.06322899664383 498.88678675593303 498.3702562003756 496.66027170670367 494.9356702308423 496.49180975720634 497.2531274275224 495.92824204668057 494.93034115751504 493.26125789516345 491.4138622583994 488.69842268710045 484.0390141175876 482.68447825479194 482.46029559846306 467.724302585254 505.10801100350227 480.47461840604296 483.8713020366124 487.2344414304479 496.0099710039143 492.90094747542526 489.5587257375773 492.4073412684882 490.6334376780022 493.0900186216879 492.5158577154723 492.2714242575226 487.37273698149977 488.21923862258683 492.36139972987144 495.03742938078045 496.6157655641033 496.8626746142366 497.8979566187986 498.6930600853661 499.0155458734772 500.27397143997155 497.8652943189022 498.18993820706584 498.8151728439943 499.77748390502313 495.3844820372149 497.96383843296655
500.31102241798465 499.36430642118603 500.79362435261885 499.83942269188344 499.2248165787818 498.7996582744214 497.605962993462 495.17320456068086 493.60477780279757 490.7087716245953 486.3790615628111 486.99150268733894 484.55269829912896 476.6941923052722 478.4797465124757 465.56022477973397 492.9947779124084 497.18237321150406 484.1106309767902 488.6715123028194 487.69425727530046 491.8102671590288 483.604166616331 488.5743724604393 492.73644952656736 494.1261490323161 490.752120006011 492.0904369517624 485.08371399173956 494.61469970405017 500.6430439802351 498.7544907199284 493.3697423007038 494.76928760714526 497.6125791998757 498.10856257585027 499.850160420183 499.61123287880554 497.4481714822273 498.58668348276836 498.5929978195457 500.4611681345648 499.60626825764405 497.6724673984953
501.0051262810117 500.9496061868749 501.0213644721405 499.5382322871062 497.80621649992656 494.4346730862567 493.2624372230021 492.7816160970133 491.9980642041475 491.0450943311489 489.776245768815 487.6127931251331 486.1818998482586 478.75416298761206 481.977594537012 472.1092736685997 475.7520398889497 488.6111915971844 485.4730280117852 483.95695116262664 488.22105729572996 492.1280514025709 480.856680491893 486.1595705911857 490.87815290664935 492.1283881693558 489.7023889419203 492.4734667320344 488.1143114797288 500.10457627141614 496.7115982079331 486.0890029582027 489.75883750442483 496.171798260365 496.6680496492434 497.9216816743405 499.7991333096635 497.4962324005559 497.27212182924507 498.48826973791597 499.4270117371627 500.57583522464427 500.8511412809896 500.5399435866446
501.6670910876391 501.617301665148 498.7389211002193 495.694310098415 494.4841867918233 490.5044196564745 493.95325250277745 494.25889246377653 493.2159221342148 491.7296157559937 488.3559986847711 487.7895249000752 486.33216333930704 477.093257890195 472.3517954531353 467.11112133629865 477.4800849030732 486.94836103634896 498.7856384638542 498.6248593235448 500.42461829232036 488.25920860986076 482.05583389345844 482.72009812814815 484.3123219786899 486.6190467374073 489.3076859152383 487.61777227747984 494.7744157669005 499.211444538334 489.13736279266186 490.61169533963346 493.89314908578183 495.9294363912516 496.85452377167695 496.8192289827751 498.99302894055484 498.3952203518515 498.10298985135086 498.71750896955876 499.8992175651341 500.5936550645437 500.3293130775247 500.1557869203723
502.7411436125975 500.8372145159399 496.61296731845107 494.74392929844026 493.9604682970694 493.8559545584446 494.3810921729131 494.01954195826096 492.05044696333897 490.81988888735475 486.37273713501764 486.21766191518793 484.7950424346722 476.9063435170626 465.8158883510166 474.8287966062396 481.88640840648213 502.58396630458617 500.12529239087297 494.9381199581933 497.96469091125516 493.59226281921997 489.53288830805354 486.2472013588056 484.00877535508334 487.14925279380327 485.46552414422126 489.49716303587 496.6735478272 496.3940683040602 491.10744821529784 493.09292955867596 492.9526138317016 494.4596189334009 494.3002002008778 496.92280215574016 497.73315546123774 498.6297570134041 498.0742841436414 498.99461100745134 499.12154077107783 499.94959140268736 499.7095185654747 499.7636186028159
502.27114697844087 497.9900664633106 494.35177834531396 494.86465521887516 495.5347548867479 495.7659931141421 495.1050274785945 493.7889992091151 490.3477800639024 486.9135877853041 486.7266868738627 485.8907362828425 484.89622781903927 475.43942066441105 455.7318642183334 474.16715323192193 500.2139227701814 499.6871281914333 492.83763220101775 487.8034275437962 489.41431107107206 488.94687828612973 501.9744911258391 496.1931300111753 485.9760990251171 482.60251906740143 486.8557463881569 490.03821589724635 495.15877631649494 491.7673701457811 490.6918563239124 491.71320847304156 492.0376633015859 494.8691094605757 494.9200699100029 498.22650957870616 499.3455562355784 498.94557487563355 498.55484302171806 497.8776658846789 498.82190368353724 499.16648859847714 499.7714421998745 499.7759877415856
500.07303574868 495.5493442303524 495.90777367642136 495.18094601656475 495.67593122538585 495.77763112156526 495.120748813418 493.2570927057967 488.7647133080095 488.43049096122036 486.26232814184044 485.54156275170965 484.5174162369666 473.645727638974 454.489489573947 480.3545685696935 498.61667890979 494.9446644337183 490.0077242854634 487.4807130677934 487.6520214935656 483.0025716343215 495.9252389420744 494.75027119377836 490.10576117610907 478.1740972564587 481.247404025798 493.50031147278867 495.7855640430155 488.81712583076796 490.4678174910008 494.17237155309226 495.0062406453798 498.1108066197748 495.2438959831075 498.07057247787236 496.58357684780975 498.2656270075393 498.3112716045412 497.187818756498 497.3831952970243 498.2329023069094 499.5204024881106 498.33088526749526
497.21120327486364 497.3354392178239 496.20204869790206 496.5037619174233 495.7152558041855 495.2649833320538 493.2716005868769 492.81731626581086 490.0708409922423 489.43369033813974 487.58163352193145 487.52775469918953 485.164949143918 471.7376598281206 456.86879613268155 482.89928762186025 498.60268601446296 496.4536846535216 488.7622601392776 488.53377078429367 487.5776484478678 480.39787616753495 486.13218699124445 501.3018407414007 502.16835382789515 494.16478578614476 488.0494660272989 499.22474160465646 487.7141785068455 488.0699240236207 488.9588994448071 492.2508815869268 495.90802275695023 498.7386608994048 497.20208637532113 498.70414198393155 494.9660453879137 496.44234819367296 495.9380174607106 496.08100136460024 495.93188207579516 496.8205861292175 497.2848095333072 493.0193078647666
495.78461910436187 495.8468189960669 497.03237094490584 497.40929685447355 496.8064598177407 495.45240179337424 494.62077536524384 493.33068141440924 491.3388010503463 490.20097578765314 489.6000893073778 487.0863444479164 484.88355529387235 472.8854739144093 461.26196700531943 477.4537559639119 499.090931645643 492.850265378356 492.3113300026952 488.9417763579448 487.0927599344978 480.00130498195466 477.44326341402723 500.71039730709253 498.4654501323298 489.1939226734409 487.4717189594118 499.7474706821615 492.1419764795951 490.2005373742609 485.8062863641327 490.5144955873967 493.29391919779283 496.942460000845 495.29790826773905 497.25340123780495 496.39536596615324 494.54736429297884 492.4401369838861 495.39713161918024 492.8127202079053 494.7998863422587 493.20681753810084 489.5159840381041
496.1509048595192 498.2997100992355 498.10603901516765 497.5923944598459 496.9699456517057 495.93261075977153 494.555672565433 493.3345157704711 492.42047433230226 491.6962837493151 490.2787472951319 489.38589389236586 486.64506653850106 478.14033614107535 469.9071085844853 461.72351828269285 493.56310156479157 485.79970074633 489.08102532479097 489.42869859744263 487.1505151510929 480.70112945014387 484.82005960480006 497.593823130656 497.7295640788758 476.47591384486435 480.6968412346304 495.4382832874226 503.14423147129554 497.6354364291747 491.1554027873219 495.23431680389933 494.2764683537694 492.86709430973804 492.05746591324146 493.8748266687878 496.315422083609 496.62950711009006 493.7992231880968 492.89347271070545 488.71491074861154 487.65216602262115 488.15751014936836 499.3973101394378
