resources/Input/dataET_point/TestCase/skyview.asc
NCOLS 106
NROWS 69
XLLCORNER 592848.0
YLLCORNER 4475576.0
CELLSIZE 240.0
NODATA_VALUE -9999
[rows 23 to 45 of 69, columns 0 to 51 of 106]
-9999 -9999 -9999 -9999 -9999 -9999 -9999 -9999 -9999 -9999 -9999 0.49782472490925256 0.9625550176243997 0.9639419578273314 0.967745390697805 0.941858764246133 0.9284483564542065 0.9381007784945695 0.9432445236643736 0.9434084510697196 0.9514926567276175 0.9496695732440824 0.9513245216338113 0.9329055544921808 0.9474130944078414 0.9619556636777495 0.9680759633985121 0.9534774418323326 0.9475235141225564 0.9380341060675438 0.9545389596188746 0.9465870048847643 0.9403151288827178 0.9478776593687294 0.9539299577169432 0.9506199627639029 0.9484855947122195 0.9476099744439136 0.9557191526089767 0.9611959555850752 0.9705398136923085 0.9667911547831747 0.9673121924286564 0.9686620540161371 0.9644217405978988 0.96469975748158 0.9689133372159687 0.9707268656578728 0.9681874642906391 0.9635917364372294 0.9633422383264426 0.9696804947875725
-9999 -9999 -9999 -9999 -9999 -9999 -9999 -9999 -9999 -9999 0.4846118156928916 0.5258694428356311 0.9563135821637707 0.9469305260143072 0.9645081687178672 0.9616494592775807 0.9356533366616943 0.9427362394100705 0.9420820545934151 0.9435326594307893 0.9441068768068563 0.9480978840724198 0.9440476023576636 0.940354433041534 0.9456607667335349 0.9432082482887381 0.9601524261716149 0.9569715042082775 0.9465507615098416 0.9327484397434229 0.950932703775015 0.9478251475018529 0.9445722430221705 0.946629152052946 0.9588734970462318 0.9532771607072463 0.9530625521878099 0.9502803703372574 0.9523686797843174 0.9575919099502032 0.9640567337371935 0.9576643176636732 0.9616384828589041 0.9665486032740596 0.9693756514980998 0.9714275725327356 0.9643586907723428 0.968441512302955 0.9602139403898017 0.9599495770346287 0.9627084014136162 0.967602052086366
-9999 -9999 -9999 -9999 -9999 -9999 -9999 -9999 -9999 -9999 0.4957619676176476 0.9588276180635642 0.9569297194500291 0.9516312757065136 0.9585391692457881 0.9595687953561176 0.9592939488701204 0.9521813723226421 0.9448994838634304 0.9149230826065846 0.9372732797015333 0.9416464484535695 0.9439190246695612 0.939382678702764 0.9476341786828874 0.9361778275523184 0.9457307382012669 0.9400363625599418 0.9491800743133546 0.9407831620879938 0.9367640595260087 0.9333347555038044 0.943079094346906 0.9531134412783162 0.9606047086008478 0.9590714554533225 0.9521149065224856 0.9537860294727846 0.9590308876566496 0.9596395409909432 0.9547439166743892 0.9570868633004037 0.9554162541214407 0.9588189935927484 0.9594159162305609 0.9671174439536335 0.962781927852701 0.967407970127672 0.9593633320340674 0.9613884804571478 0.9622513168060642 0.9637364034685098
-9999 -9999 -9999 -9999 -9999 -9999 -9999 -9999 -9999 0.48597138097349507 0.5126616195041312 0.9479929503090382 0.9519673639405758 0.9482168958237437 0.9554332059850935 0.9510642125370756 0.9534797898848723 0.962022004549573 0.962699712155992 0.9384494611455376 0.9348514979468648 0.9379597654302152 0.9400903244727756 0.9351491573283742 0.9383710497480996 0.9495698620467458 0.9468515129996358 0.9314201030840445 0.9412109657218021 0.9457332079649025 0.9114041276526429 0.940323132703739 0.9431746568882425 0.9478159569779929 0.9599020241977948 0.9599025253720112 0.9589651161822154 0.9574321609755239 0.9624161072934189 0.9631247827467342 0.9569886848437873 0.9597856073797122 0.9544309967499541 0.9463480792014206 0.9490176854277166 0.9598539371739626 0.961392452005512 0.9636672224382777 0.9507499554254986 0.9521874455345809 0.9573725669447418 0.9584847759842311
-9999 -9999 -9999 -9999 -9999 -9999 -9999 -9999 -9999 0.5044748358632574 0.9486823238984436 0.9392069642721879 0.9426999910879086 0.948298251804783 0.9526212617903715 0.9513702712253709 0.9472457940414888 0.9450887345786944 0.9623173955383546 0.9637194738841005 0.9470457446320042 0.9376031947823943 0.9286756145256045 0.9316838320886788 0.9245967877568627 0.9447830715050223 0.9394686868402606 0.8948426868590854 0.9151088942120252 0.9180932020203638 0.9400846254690683 0.9470824405080449 0.9417315856754318 0.9296237900864655 0.9431536317963827 0.9583053324565284 0.9614376828758068 0.9643054581187493 0.9622787067747872 0.9618414421475744 0.9582659491132003 0.9610995131532409 0.9587487579812907 0.9496326354408581 0.9452652692638942 0.9559911346215719 0.9495838659728721 0.9621843808900824 0.9533281379134652 0.958082623210591 0.9555000089227199 0.9559598017266666
-9999 -9999 -9999 -9999 -9999 -9999 -9999 -9999 -9999 0.5032504603611565 0.9455282124279368 0.9134976455798469 0.9393503929385093 0.9429300984841268 0.9437395043493928 0.9434783655826694 0.9515875884790468 0.9446501873853709 0.9467786905460229 0.9622241801276828 0.9614840449588458 0.9592497956337395 0.9594618869161121 0.9579734488932022 0.9434594022956071 0.9360199932681466 0.9277514056201946 0.9346353480322587 0.9453490086604872 0.9255235830164315 0.9304203871915182 0.9407981565860312 0.9546284360903112 0.9531854051679247 0.9524180755324362 0.9532912976270603 0.9639119240729583 0.9643313351733372 0.961557457843859 0.9621342622490234 0.9598538238475087 0.9589795973449461 0.9581838252439246 0.9486839387792804 0.9579648022696787 0.9599978798604673 0.9515297030718224 0.9614525057608886 0.9551839144193457 0.9585893900071008 0.9589519962532833 0.9642322914242312
-9999 -9999 -9999 -9999 -9999 -9999 -9999 -9999 -9999 0.5006559680245439 0.9456891888883905 0.9404413079168589 0.9253129755924302 0.9447729091362974 0.9414716572584958 0.9401263965898089 0.9477390861519064 0.9513623526267069 0.9482897346566045 0.9483599924583673 0.9420966299158744 0.9096811601289352 0.9317762533889917 0.926347687014808 0.9286252102956045 0.9507090797385589 0.9455588148011745 0.9441585655966203 0.9381310287666933 0.9483571205448222 0.9543549094335279 0.9528995506459423 0.9441693446623617 0.9468280649947893 0.9481764222383796 0.9503157503480115 0.9627120463702434 0.9614776362860915 0.9612614959114163 0.9622020421685414 0.9632016034294756 0.9619977291846571 0.9473003046926562 0.9496232543002402 0.9559380244190621 0.9607386912508528 0.9571172745265492 0.9639473254397741 0.9512259407417885 0.9607088454142487 0.9610875669085314 0.9625801621183726
-9999 -9999 -9999 -9999 -9999 -9999 -9999 -9999 0.47890780833922014 0.5240607311361595 0.956536315013141 0.9547107941690377 0.9480266565981212 0.9250502774854258 0.9571082106798142 0.9565934479655311 0.9538849416821785 0.9488144058106807 0.941698454338817 0.9337705587863846 0.9300033777004391 0.9254010127445825 0.92392773912377 0.9485801309132609 0.9468352852042322 0.9350244638378663 0.9551177247828277 0.947453615295107 0.9447364153093212 0.9205022181954927 0.9471676117660496 0.9581886289348536 0.9613887932104527 0.9560290017864488 0.9372680797644382 0.953245083793148 0.9568074658226469 0.9499775365366344 0.9596541511151526 0.9600176126420692 0.9621354954768178 0.9633379636154342 0.961368828584332 0.9604987927794237 0.9507738461602774 0.9554231664698749 0.9543850547954553 0.9616017784938077 0.9568707839185211 0.9610222297701352 0.9630436076326981 0.9639291397951155
-9999 -9999 -9999 -9999 -9999 -9999 -9999 0.48634788577153004 0.5025114584938617 0.937473121132644 0.9473489800987311 0.9479615368171763 0.9519422703348016 0.9535837711720753 0.9531199941202545 0.951130827075748 0.9580726072118984 0.9582094615704916 0.9572863263626695 0.9503872515360502 0.9379913866400655 0.9327153288607405 0.9369356573240883 0.9521778293900981 0.9577653471883897 0.9462306689726891 0.9590514959478212 0.9460281682872113 0.9432268233176027 0.9402153842536107 0.9400842145830007 0.9373595106643051 0.9586900084898655 0.9614212742016593 0.9319826299206722 0.9498233178627662 0.9423538276892058 0.949163742153752 0.9607528011253655 0.9556137949061421 0.9570145926181902 0.9619309651031818 0.9546273957743013 0.9431509953326667 0.9543797925722435 0.9519508112757522 0.941923958954592 0.9502913311448755 0.9496445836987296 0.9545615468448643 0.9636271587980642 0.9662679751168534
-9999 -9999 -9999 -9999 -9999 -9999 -9999 0.5126283440988278 0.5420953085785711 0.9211537387801045 0.9424014653293906 0.9438962185591379 0.9323591460435536 0.9389973256195585 0.9044059604067405 0.9359797880205886 0.9524499356995664 0.9535211081465177 0.9543574798649942 0.9442918115815866 0.9244281518632725 0.9153788390590978 0.9444168199080244 0.9527554067076794 0.9600162254445983 0.933456338869038 0.9558777242104243 0.9615188659837426 0.9384258305463774 0.9419550633654762 0.9431239544192965 0.9502656834823968 0.9606034422276365 0.9675851306146741 0.9569024705463357 0.9537556245618498 0.9400709371369631 0.9493120337824155 0.9586686384351594 0.9522780995514356 0.9459303087516163 0.9399838667576098 0.9477191496652656 0.9470828298730616 0.9559639161203549 0.9522148741173353 0.9506169592985148 0.9376590339907527 0.9367513831546407 0.9549792248162673 0.9637651837026977 0.9639872382470704
-9999 -9999 -9999 -9999 -9999 -9999 -9999 -9999 0.5174354967310248 0.9336533344997743 0.939976369014846 0.9327552109231919 0.9311490298710887 0.9360002330582604 0.9289866081755432 0.8743785437816847 0.9146073237278411 0.9439500029359627 0.9462773673538386 0.9371580434817486 0.9469192420404748 0.9537329347858771 0.9483017558146826 0.9540279089029007 0.9671832836848399 0.9397909079069703 0.9439063523939235 0.9662108255920531 0.9450747698295446 0.9386766307877102 0.9432705076333356 0.9505476412865356 0.9524897637564158 0.5572074456808941 0.5303588363824999 0.5289958467102145 0.5527514007302101 0.9519445395728554 0.9491236275937444 0.9378747835251691 0.9452579610585201 0.5505601581403864 0.529313174457885 0.5306586712312188 0.5314626006624988 0.5290452068409994 0.5584496742377225 0.9516459607395054 0.9502056937535276 0.9319328480030699 0.9468016786485836 0.9539142294947565
-9999 -9999 -9999 -9999 -9999 -9999 -9999 0.48533912807539065 0.525106193788825 0.9373842165727709 0.9356331189223969 0.9348057236812444 0.9496957409204378 0.9566770051334075 0.929890538503931 0.9332576406960359 0.9290253510274786 0.9480025762917477 0.9418864862347844 0.948177095654928 0.9502491933687611 0.9502670737956196 0.9419240887337014 0.9434551055354105 0.9669217420028046 0.9552042729995545 0.9399319416100385 0.9597191003644555 0.9559040663906175 0.9359743815357956 0.9377386558681907 0.548264446067953 0.5219257279196736 0.5130522645142616 -9999 -9999 0.5121206223877276 0.555254920653857 0.9483161046197005 0.541008745147126 0.5230910548193705 0.5134722261901914 -9999 -9999 -9999 -9999 0.5123539003226432 0.5288825020855039 0.5579938265097278 0.9546682230034604 0.9459497063319913 0.9505730579170559
-9999 -9999 -9999 -9999 -9999 -9999 -9999 0.5045581178600597 0.9699593183106281 0.9554019055600632 0.9354165136954791 0.9480204494093287 0.9637662601471361 0.9359058688873753 0.9351052232600149 0.9413384878199439 0.8975880349977716 0.9218119024093573 0.9296982931913783 0.9465791321915263 0.9560264796296628 0.9611793498040776 0.9556745915893253 0.9403036330838687 0.9633920310026303 0.9635330281692192 0.9516908036329778 0.9610087581181285 0.9662394008695806 0.949625496282532 0.5439074059693814 0.5108323931208479 -9999 -9999 -9999 -9999 -9999 0.5122945212790845 0.531791969536544 0.5145473787947586 -9999 -9999 -9999 -9999 -9999 -9999 -9999 -9999 0.5126754876862215 0.5286099143748353 0.5555601289494445 0.9512430564731779
-9999 -9999 -9999 -9999 -9999 -9999 -9999 0.49895826739889243 0.967906503631137 0.9660836261607123 0.9456078669716079 0.9695812193406896 0.9575826778504873 0.9341066250825389 0.9417658559130362 0.9152549236048909 0.936428504398196 0.9197559492391102 0.9284097744696385 0.9385525617431679 0.9515827142944334 0.9658633309695073 0.9638423459987224 0.9450002797711206 0.9555325781665029 0.9648632642238615 0.9454851289269275 0.5555654452096506 0.5448188181593991 0.5424398091807159 0.5046770499331492 -9999 -9999 -9999 -9999 -9999 -9999 -9999 -9999 -9999 -9999 -9999 -9999 -9999 -9999 -9999 -9999 -9999 -9999 -9999 0.5119106139870332 0.5580225727011304
-9999 -9999 -9999 -9999 -9999 -9999 0.48372389588172704 0.5231824834534824 0.95558782573605 0.9660945111775631 0.9578702861858877 0.9548799137361469 0.9408432579884227 0.9480032777741989 0.9506680190652689 0.9361293971800511 0.9443402423395698 0.9358756819871066 0.934543901057731 0.9410568549528857 0.952056372118025 0.9638925968478697 0.9663529331238045 0.9555018015640581 0.9496785516116292 0.5574329477130371 0.5295989976565205 0.5121031601316418 -9999 0.5325638694791318 -9999 -9999 -9999 -9999 -9999 -9999 -9999 -9999 -9999 -9999 -9999 -9999 -9999 -9999 -9999 -9999 -9999 -9999 -9999 -9999 -9999 0.5130997993821961
-9999 -9999 -9999 0.4830509743824189 0.5032426802124726 0.499490821062309 0.525366104353791 0.9498230648931286 0.9371430507316758 0.9620528626994301 0.9498466469078933 0.9335303597946812 0.9378118837919858 0.9500169457106956 0.9427547545346735 0.920443248945131 0.9523243384587354 0.9492482764783312 0.9370624957372494 0.9400765331548938 0.9463891654575409 0.9587083838343705 0.9670769941353733 0.9604794265845348 0.5457981946244498 0.5122679079959758 -9999 -9999 -9999 -9999 -9999 -9999 -9999 -9999 -9999 -9999 -9999 -9999 -9999 -9999 -9999 -9999 -9999 -9999 -9999 -9999 -9999 -9999 -9999 -9999 -9999 -9999
-9999 -9999 0.48141058619748106 0.5121148920916565 0.9349593721343413 0.9467670130946814 0.9512876145992016 0.9504897072945266 0.945779128215348 0.9557322546873878 0.9510326748416686 0.9261205382284963 0.9471825765128128 0.9533943074591631 0.9439848129667378 0.9531930263443811 0.9577708903795985 0.953677955930275 0.9516914212856706 0.9510259109049644 0.9480056379051133 0.9459025740450173 0.9614712809179659 0.5547387813688104 0.5088833564085153 -9999 -9999 -9999 -9999 -9999 -9999 -9999 -9999 -9999 -9999 -9999 -9999 -9999 -9999 -9999 -9999 -9999 -9999 -9999 -9999 -9999 -9999 -9999 -9999 -9999 -9999 -9999
-9999 -9999 0.5021281221617483 0.9268470177477034 0.9294175717924728 0.9377507328779676 0.9466396391048226 0.9488311685702483 0.9521138216228509 0.9417679905874471 0.9518916017241081 0.935679013814367 0.9439194696752599 0.940527268103741 0.9479389342658167 0.9499280494294435 0.9522865077046826 0.9534634590371601 0.9474998842065236 0.9431973609956831 0.9564870437347152 0.9580870192775605 0.5566117903201406 0.5125205462837262 -9999 -9999 -9999 -9999 -9999 -9999 -9999 -9999 -9999 -9999 -9999 -9999 -9999 -9999 -9999 -9999 -9999 -9999 -9999 -9999 -9999 -9999 -9999 -9999 -9999 -9999 -9999 -9999
-9999 -9999 0.9027577368167148 0.9322453652942516 0.9467983153881481 0.9345961891937596 0.9413883663206336 0.9454799910195012 0.9465467003575843 0.9397760776755046 0.9451375374185791 0.9455104966510073 0.9278422421254299 0.9336264575795168 0.9364188794293792 0.9443360349140103 0.952310838053648 0.9491104862127626 0.9403644687792692 0.9473450733235551 0.9590920578393556 0.9560910999466367 0.5292727680292681 -9999 -9999 -9999 -9999 -9999 -9999 -9999 -9999 -9999 -9999 -9999 -9999 -9999 -9999 -9999 -9999 -9999 -9999 -9999 -9999 -9999 -9999 -9999 -9999 -9999 -9999 -9999 -9999 -9999
-9999 -9999 0.545099110898697 0.9317190057767825 0.9159740815069666 0.9276095429955156 0.9361871265698755 0.9423074880529685 0.9466317284140097 0.9359952679761213 0.9291825781413611 0.9396792159649917 0.9530214751373352 0.9519829935411336 0.9420520894448913 0.9510813285977847 0.946401523778746 0.9490364262467089 0.9484938317167367 0.9499529201910598 0.9578077681193787 0.9605764653814802 0.5312424704402762 -9999 -9999 -9999 -9999 -9999 -9999 -9999 -9999 -9999 -9999 -9999 -9999 -9999 -9999 -9999 -9999 -9999 -9999 -9999 -9999 -9999 -9999 -9999 -9999 -9999 -9999 -9999 -9999 -9999
-9999 -9999 0.5260101435534061 0.9183134513173967 0.9282618090007303 0.9416837450129715 0.9301288263628693 0.9473495298967879 0.9505693269876737 0.9429153189998412 0.9455826284430265 0.956430316460667 0.9559946178602929 0.9515484488657246 0.9530283882190407 0.9495065747711778 0.9431806301470183 0.9550052273414122 0.9556622537329742 0.9203145523959227 0.9526331850957704 0.953230637409106 0.5303064587470201 -9999 -9999 -9999 -9999 -9999 -9999 -9999 -9999 -9999 -9999 -9999 -9999 -9999 -9999 -9999 -9999 -9999 -9999 -9999 -9999 -9999 -9999 -9999 -9999 -9999 -9999 -9999 -9999 -9999
-9999 -9999 0.5121724355055427 0.5572446754216641 0.9338370900008367 0.932971285168565 0.9348034561890233 0.9507348813351212 0.9581913804695747 0.9607261668836838 0.9635741352937841 0.9632552727199408 0.946365661417574 0.949253525102849 0.9352531366979373 0.9453182187418332 0.9446483295241017 0.9508772996535054 0.9592935889949771 0.9499386825830662 0.9233330919398495 0.9506388086695592 0.5304030391445749 -9999 -9999 -9999 -9999 -9999 -9999 -9999 -9999 -9999 -9999 -9999 -9999 -9999 -9999 -9999 -9999 -9999 -9999 -9999 -9999 -9999 -9999 -9999 -9999 -9999 -9999 -9999 -9999 -9999
-9999 -9999 -9999 0.512067132282357 0.5243177610520976 0.9254000713776682 0.9536469637844801 0.9531971982935158 0.9571748467622602 0.9560599341489757 0.9498123140075723 0.9475834419295892 0.9488748447995116 0.949264284505619 0.9448143258737074 0.9521735904556351 0.9541406115853699 0.9534391740875872 0.9605425165613132 0.9596416266623496 0.9387362656940943 0.9520746632695328 0.5306942627466932 -9999 -9999 -9999 -9999 -9999 -9999 -9999 -9999 -9999 -9999 -9999 -9999 -9999 -9999 -9999 -9999 -9999 -9999 -9999 -9999 -9999 -9999 -9999 -9999 -9999 -9999 -9999 -9999 -9999
