resources/Input/dataET_point/TestCase/skyview.asc
NCOLS 106
NROWS 69
XLLCORNER 592848.0
YLLCORNER 4475576.0
CELLSIZE 240.0
NODATA_VALUE -9999
[rows 0 to 22 of 69, columns 0 to 51 of 106]
-9999 -9999 -9999 -9999 -9999 -9999 -9999 -9999 -9999 -9999 -9999 -9999 -9999 -9999 -9999 -9999 -9999 -9999 -9999 -9999 -9999 -9999 -9999 -9999 -9999 -9999 -9999 -9999 -9999 -9999 -9999 -9999 -9999 -9999 -9999 -9999 -9999 -9999 -9999 -9999 -9999 -9999 -9999 -9999 -9999 -9999 -9999 -9999 -9999 -9999 -9999 -9999
-9999 -9999 -9999 -9999 -9999 -9999 -9999 -9999 -9999 -9999 -9999 -9999 -9999 -9999 -9999 -9999 -9999 -9999 -9999 -9999 -9999 -9999 -9999 -9999 -9999 -9999 -9999 -9999 -9999 -9999 -9999 -9999 -9999 -9999 -9999 -9999 -9999 -9999 -9999 -9999 -9999 -9999 -9999 -9999 -9999 -9999 -9999 -9999 -9999 -9999 -9999 -9999
-9999 -9999 -9999 -9999 -9999 -9999 -9999 -9999 -9999 -9999 -9999 -9999 -9999 -9999 -9999 -9999 -9999 -9999 -9999 -9999 -9999 -9999 -9999 0.48490478702113066 0.5268712944812647 0.9499268749614392 0.9397520820721627 0.9499046516973804 0.95848567395749 0.9577338078813387 0.9575430660266532 0.960484445804277 0.9633532187755066 0.9579656946538356 0.9594733108959492 0.9611932293250162 0.9625208228828898 0.5314327876034884 0.48518209827699643 -9999 -9999 -9999 -9999 -9999 -9999 -9999 -9999 -9999 -9999 -9999 -9999 -9999
-9999 -9999 -9999 -9999 -9999 -9999 -9999 -9999 -9999 -9999 -9999 -9999 -9999 -9999 -9999 -9999 -9999 -9999 -9999 -9999 -9999 -9999 0.48603546649059776 0.5297036484136387 0.9368608829887904 0.9506635526167083 0.943368607189856 0.9442601229571933 0.9539891431086472 0.9517754376558879 0.9584550990842776 0.9572925063560231 0.9601394683824978 0.9595999757420295 0.9601851230744711 0.9596514422048089 0.9605485119411414 0.9630175786828695 0.5321652605841096 0.4850639364262548 -9999 -9999 -9999 -9999 -9999 -9999 -9999 -9999 -9999 -9999 -9999 -9999
-9999 -9999 -9999 -9999 -9999 -9999 -9999 -9999 -9999 -9999 -9999 -9999 -9999 -9999 -9999 -9999 -9999 -9999 -9999 -9999 -9999 -9999 0.5025779681729929 0.9474168420558544 0.9536501926583316 0.9560379166770592 0.9572261513697726 0.9568319532681936 0.9565040449034775 0.9508319779206402 0.9535174910819225 0.9444904571668833 0.9541351431187779 0.9588638967286826 0.9596147739929469 0.9579171212195587 0.9601812532058307 0.9631576935460999 0.9633871454755828 0.5282241373542848 0.48533426785010003 -9999 -9999 -9999 -9999 -9999 -9999 -9999 -9999 -9999 -9999 -9999
-9999 -9999 -9999 -9999 -9999 -9999 -9999 -9999 -9999 -9999 -9999 -9999 -9999 -9999 -9999 -9999 -9999 -9999 -9999 -9999 -9999 0.4841164652422318 0.5280968517292897 0.953814189473329 0.9583442531261702 0.9654893560226306 0.9647302983742689 0.9591049384058907 0.96159111535363 0.9539904635196294 0.9465209281287514 0.9415652774951407 0.9520704358194013 0.9500809817811496 0.9522537171552294 0.9569949885424284 0.9616736492210973 0.9633053560475239 0.9608771922338734 0.9587750978546762 0.532121352582953 0.5031034764704835 0.5054029217250854 0.5052257509299797 0.5051750071311111 0.48645598394369427 -9999 -9999 -9999 -9999 -9999 -9999
-9999 -9999 -9999 -9999 -9999 -9999 -9999 -9999 -9999 -9999 -9999 -9999 -9999 -9999 -9999 -9999 -9999 -9999 -9999 -9999 0.4859120529800358 0.5225861693045902 0.949643797391314 0.9648385810767474 0.95453461769829 0.9659494403507489 0.9650630005674286 0.962097438698946 0.9647726762368537 0.96022080232248 0.9479825591794123 0.9512295245413162 0.9515579242489016 0.9452556691640189 0.9432113912858577 0.9504386628552284 0.9555136245610693 0.9547917622929675 0.9624020225907208 0.9591556978506737 0.9631942954376445 0.9635836849772974 0.9652125939034837 0.9677360251321866 0.9645548520837316 0.5309588303240276 0.4854010105973941 -9999 -9999 -9999 -9999 -9999
-9999 -9999 -9999 -9999 -9999 -9999 -9999 -9999 -9999 -9999 -9999 -9999 -9999 -9999 -9999 -9999 -9999 -9999 -9999 -9999 0.49767897656024024 0.955769775464015 0.9554442769891116 0.9641336317643936 0.9576756501966381 0.9655383427420879 0.9671712377498599 0.9681694619886793 0.970037530551359 0.9699018814629765 0.9649991132344953 0.9596915895427396 0.9498886173511354 0.9469009265523621 0.9504844746317904 0.9366692435391814 0.942287944166466 0.9399234466182915 0.9619579050129771 0.9581813066577579 0.9618345937702426 0.9581329342415857 0.9623785347230994 0.965956295769297 0.9622898402828269 0.9639334511592312 0.5302612563451179 0.48367852367741604 -9999 -9999 -9999 -9999
-9999 -9999 -9999 -9999 -9999 -9999 -9999 -9999 -9999 -9999 -9999 -9999 -9999 -9999 -9999 -9999 -9999 -9999 -9999 0.5044765611282411 0.5174756580735995 0.9532404653800338 0.9586387648510655 0.9642419969729222 0.9648095283363757 0.9687669383775243 0.968642658801441 0.9677976747815242 0.9649913537672391 0.9660869877711818 0.9694277621469253 0.9691259252077578 0.9551320096172623 0.9491025112431408 0.9483998484123138 0.9521760410472835 0.9553213848675405 0.9398016331021232 0.9607716971951088 0.9598942785980331 0.9591763961513836 0.9465870714731297 0.9577743660351137 0.9629341076457014 0.9623452367871222 0.9615820006769417 0.9645663234633909 0.529603188552353 0.48522979801263344 -9999 -9999 -9999
-9999 -9999 -9999 -9999 -9999 -9999 -9999 -9999 -9999 -9999 -9999 -9999 -9999 -9999 -9999 -9999 -9999 -9999 -9999 -9999 0.5240876382195085 0.9382413338673873 0.9601995756871163 0.962242568707021 0.96549832580814 0.9679221494058878 0.963279657059778 0.9630516412643609 0.9630899802219302 0.955278855422989 0.9600924853848022 0.968476390923202 0.9553184311111803 0.9443856938033003 0.9484031018048554 0.9550701155846263 0.9554764333216319 0.93981612754948 0.9594932019150163 0.9583564239656778 0.9588306567979228 0.9528014382852286 0.9542966956431332 0.9620286672639934 0.9634092443716886 0.9638394519292706 0.9633253484434469 0.9628296070175788 0.5332339372226366 0.5027027458583261 0.48642780330927987 -9999
-9999 -9999 -9999 -9999 -9999 -9999 -9999 -9999 -9999 -9999 -9999 -9999 -9999 -9999 -9999 -9999 -9999 -9999 -9999 -9999 0.5017474929092495 0.9453274897917384 0.9594475826290281 0.9570800985801173 0.9648716699118385 0.9628060217406218 0.9554123944531902 0.949914826543796 0.9582605289654856 0.9451765231053451 0.9396982155566834 0.9632535220269196 0.9680679533236721 0.9605057212506624 0.9526396633985827 0.9530055773231311 0.9534738790880039 0.9437977080206393 0.9454393386809155 0.9536370764026222 0.9544420022425777 0.9554477007480741 0.9577423595365834 0.959632183151571 0.9634926045195239 0.9499157906694927 0.9574939953789021 0.966189095394152 0.9639785777040026 0.9618856700987121 0.5318749461693739 0.5025309565142682
-9999 -9999 -9999 -9999 -9999 -9999 -9999 -9999 -9999 -9999 -9999 -9999 -9999 -9999 -9999 -9999 -9999 -9999 -9999 -9999 0.4921016746973944 0.9538091983282926 0.9616027474240137 0.9621034951700731 0.9556836064995027 0.9488343838249874 0.9439452882559822 0.9330815654563184 0.9463987305861642 0.9433607226596761 0.9318266516503582 0.9526293904311359 0.9647411692219732 0.9697832972562459 0.9655381164358504 0.943570924806354 0.9373602408808758 0.9422103174791224 0.9313678847960974 0.9481215258506406 0.9288890524650609 0.9386286246518954 0.9495572009424978 0.9505573119671572 0.9571831576855541 0.9598761701180752 0.9643795442325513 0.9668215907828777 0.9619076228364823 0.9601712552174668 0.9567596341363122 0.9560455807398702
-9999 -9999 -9999 -9999 -9999 -9999 -9999 -9999 -9999 -9999 -9999 -9999 -9999 -9999 -9999 -9999 -9999 -9999 -9999 0.4863901379228016 0.510477584460481 0.9545320823477172 0.9626513074450831 0.958744055574754 0.9543933110784578 0.9582557857445609 0.9556415081848927 0.9532549998014813 0.953698729934736 0.9471797261485682 0.9474282951120655 0.9469091881057435 0.9531898014885386 0.9590756596731262 0.9683646963070349 0.9658084542537886 0.954254452591386 0.9464293336818337 0.9499455166110553 0.9596414254855739 0.9580515235051962 0.9594909237331283 0.9623385327338823 0.9594590164003823 0.958182768344336 0.9415578527111574 0.9556358927087405 0.9589538493188069 0.9577216027398233 0.9588093508411824 0.9548333421658856 0.941846993090451
-9999 -9999 -9999 -9999 -9999 -9999 -9999 -9999 -9999 -9999 -9999 -9999 -9999 -9999 -9999 -9999 -9999 -9999 -9999 0.5044872850345948 0.9502132153501257 0.951709626475412 0.9594896349225643 0.9633672120167028 0.9617019521702496 0.9586446865485452 0.9575463144689875 0.9630129096412735 0.9608995259472495 0.9577229036186453 0.9410616530002541 0.9353877504832637 0.945059941561308 0.9479615814412443 0.957884042074988 0.96899741831025 0.9674520608451674 0.9654175209789817 0.9652690551788484 0.9673466045075381 0.959654070296611 0.944049900148702 0.9560592227294797 0.9497360036174565 0.9571164245497417 0.952473180840146 0.9489107352456004 0.9504076517479673 0.9531439294552813 0.9509407066922316 0.9534670362457459 0.9533991130493563
-9999 -9999 -9999 -9999 -9999 -9999 -9999 -9999 -9999 -9999 -9999 -9999 -9999 -9999 -9999 -9999 0.4859713809734952 0.5049635018451861 0.5037416949141548 0.529261100660229 0.9593307929707018 0.9428590986021786 0.9414507284670828 0.9474794583881019 0.9533855014982738 0.9589542672945448 0.9588244471041288 0.9616320803139986 0.9600289282514063 0.9583016328238825 0.9555667302978734 0.9500031045106943 0.9296948117750945 0.9434156382747185 0.9539117868784127 0.9664213578956419 0.940199313428937 0.9579365002484453 0.953282621183845 0.9567388914897973 0.9423178172836999 0.9452808693828136 0.9455411662078158 0.9481750047467516 0.9519068224540315 0.9585153996841371 0.9394482994868625 0.9481397393797694 0.9425310141152363 0.9377891458098775 0.9457658185618948 0.9479630502560945
-9999 -9999 -9999 -9999 -9999 -9999 -9999 -9999 -9999 -9999 -9999 -9999 -9999 -9999 -9999 0.4750625828735686 0.5145219103884007 0.9495756750033284 0.9591261097236243 0.9673881975326486 0.9657998739732085 0.9386867097976175 0.941869864690614 0.9430527277690284 0.9391350124818413 0.9530188258605613 0.9507775859858808 0.9559201749831432 0.9620913896249603 0.9632802922199484 0.9645959051337921 0.9601139864032403 0.9539510132907771 0.9383503704228731 0.9411849084547612 0.9679004987798182 0.9473685392998742 0.9537427780881138 0.942460404297967 0.948263994041567 0.9456673892650598 0.9426995306752047 0.9539978931110682 0.9574288248765187 0.9567539000249169 0.9577612821642933 0.9530330339233445 0.9517280453732299 0.9495267255714109 0.9462926125675004 0.9481034545362329 0.9450611622842533
-9999 -9999 -9999 -9999 -9999 -9999 -9999 -9999 -9999 -9999 -9999 -9999 -9999 -9999 0.48442066782711757 0.5200742340772818 0.9406501305342622 0.949168120107738 0.9502430334608881 0.9498265704632365 0.9527204806865879 0.9541681473160808 0.9456005679667739 0.9296185916832874 0.9427730276477694 0.9503326802039934 0.9496684611690136 0.9476158011711262 0.9486226127367221 0.9561419191262623 0.956118579344795 0.9589699713480712 0.9556042483857982 0.9514465983117937 0.943628732118318 0.9612103784799408 0.9506530712112908 0.9540222277897911 0.9499476895736692 0.9315764575198053 0.9380408323357188 0.9423149303079418 0.9537507287998955 0.9603633167976429 0.955890785359466 0.952901837373179 0.961398152210053 0.950745769028561 0.9549320729687022 0.9565245725522753 0.9449169224890303 0.943741275966503
-9999 -9999 -9999 -9999 -9999 -9999 -9999 -9999 -9999 -9999 -9999 -9999 -9999 0.4828271226918157 0.5174228722569079 0.9513013939234094 0.9390588616762907 0.9432326511208518 0.9413401533581819 0.9374399272578757 0.937049174053295 0.9644369641031588 0.9592703036665944 0.9276383114080811 0.9381280492534623 0.9502461907682476 0.9531064421438354 0.9546779912442833 0.9464937151869408 0.9491365620718174 0.9505806861510426 0.9534567300943652 0.9555870204572556 0.950499190446245 0.9459829839363435 0.9405874902398303 0.9368464978670807 0.9464557252279397 0.9361822604233753 0.9350014489747869 0.9499083411692738 0.9550480660080125 0.9469617608842937 0.9563712786029342 0.9576223701985618 0.9446607900648806 0.9578144431917899 0.9474511145509827 0.9514167866993962 0.9584787660269629 0.9440006207738846 0.9501042376421592
-9999 -9999 -9999 -9999 -9999 -9999 -9999 -9999 -9999 -9999 -9999 -9999 0.48597138097349507 0.5189293086962588 0.946547949837754 0.9500769494968093 0.942216549615842 0.9412092009783624 0.9474586985894733 0.943182359760899 0.950715192568217 0.9588961705036658 0.9690630530903482 0.9645306302889907 0.9515441691361933 0.9377188656434636 0.948284334930888 0.9270747176827449 0.9537270887525187 0.9513123675884662 0.9544718836844004 0.9551255943698551 0.9547254360169184 0.9396323444342134 0.9335187060007005 0.9375983467491006 0.9338855542030401 0.9326375533453833 0.9415468832581443 0.9429791531205455 0.9486432561562494 0.953753929034672 0.9516682814065781 0.9484448030017425 0.9542176509917024 0.95348196947041 0.963016763339636 0.9604535741539445 0.9504600062714442 0.9556927208801064 0.9416043066669421 0.9329987284037231
-9999 -9999 -9999 -9999 -9999 -9999 -9999 -9999 -9999 -9999 -9999 -9999 0.5047020013830056 0.9251580928218616 0.9391131263341447 0.9421611717513341 0.9423922939695993 0.9404002562135172 0.948176162736295 0.9358556146416307 0.9372688305498961 0.9520704862107836 0.9585896522559834 0.9685708384183248 0.9514856109056318 0.9187317728999144 0.9349889693244635 0.9384140976650508 0.9499055200307954 0.9504509594736639 0.9543408804599434 0.9577703253419905 0.9535184545388186 0.957685499674292 0.9630682320626042 0.9522489281363832 0.9486692002031321 0.9339268243532398 0.9459987986677957 0.9461518914521863 0.9549540593890533 0.9539174080392674 0.9519140913907737 0.9378538167927067 0.9464447543497356 0.9425994795859152 0.959411645562147 0.9590385620149038 0.937996513100062 0.9430489866997658 0.9399798142524941 0.9136391072035313
-9999 -9999 -9999 -9999 -9999 -9999 -9999 -9999 -9999 -9999 -9999 -9999 0.5052509272390636 0.9240876192744581 0.9268304825888521 0.9377646782462169 0.9398393905884448 0.9443819378876852 0.9473285259886965 0.9411590997047637 0.9444752756798281 0.9562088935537536 0.9531571922371559 0.9636904577361326 0.9667555149069952 0.9531861201479115 0.9362108666661841 0.9304690961633405 0.9435354158717602 0.9542409955678155 0.9563842992636131 0.957780499090976 0.9599543695594496 0.963032126946198 0.961586960939363 0.9289558030724945 0.9371838250985371 0.9239474979745517 0.937472407797383 0.9507010013366581 0.9579650599735486 0.9531897939685011 0.9573609945010344 0.9503165146912482 0.9462364717475552 0.9533924055094465 0.9585036420005723 0.9606354026184702 0.9631159889812071 0.9647757754405779 0.9584631136033291 0.957986718806946
-9999 -9999 -9999 -9999 -9999 -9999 -9999 -9999 -9999 -9999 -9999 -9999 0.501832326445285 0.9251895802472166 0.9136624836229005 0.9252268573407522 0.9409969497630944 0.941323488986706 0.9463025279221347 0.943703962721695 0.9428377228268351 0.9461714496802233 0.9435997554095681 0.9543757945522667 0.9656857343486678 0.9641031561046397 0.9382047442156046 0.9379697494583632 0.9582047203361481 0.9609480856960122 0.9621358531808055 0.9627116666169809 0.9631958886879671 0.9624254044950277 0.9561073189048909 0.9249564235010098 0.9326746293860256 0.9307082644072231 0.9379179813478887 0.9547901438252551 0.9584780722623132 0.9465750112640273 0.9380948916150196 0.9124176054049996 0.9297624602593333 0.9467778242996515 0.9586154696760874 0.9649742907308109 0.9556287597974982 0.9638265440750641 0.9716047946549804 0.9697239817274771
-9999 -9999 -9999 -9999 -9999 -9999 -9999 -9999 -9999 -9999 -9999 0.48545335323911204 0.5302678511028812 0.9645105047504595 0.9470103858692784 0.9311983647881391 0.9418530674926467 0.9330614218106512 0.9399901531384934 0.9462188739871892 0.9470712150781243 0.9460037787712611 0.953031644611705 0.9278386870887105 0.9538694455464323 0.970397618137855 0.9569815271421799 0.9400428955562542 0.9384986286859648 0.9568450395928557 0.9598847644205005 0.9576011498099742 0.9559484497606897 0.9570103688731008 0.9452830678941824 0.9535958709276254 0.940335581629176 0.9353877072276003 0.9421562035060463 0.9511808372285898 0.9622910655208807 0.9625307873147229 0.9527888626243565 0.956602545667244 0.9588455375502374 0.9628102056043861 0.9670120748658939 0.9669699800289079 0.964695997574845 0.9630877697392544 0.9657550753159628 0.9684160188114445
