resources/Input/dataET_point/TestCase/skyview.asc
NCOLS 106
NROWS 69
XLLCORNER 592848.0
YLLCORNER 4475576.0
CELLSIZE 240.0
NODATA_VALUE -9999
[rows 23 to 45 of 69, columns 52 to 103 of 106]
0.9638104864796481 0.9480956394778626 0.9555363981362118 0.9662278322098334 0.9705915357691843 0.9679495482136172 0.9639377986423475 0.9616440971586186 0.9569187803558776 0.9552120594193644 0.9582095345848716 0.9613257950663776 0.9636664295554557 0.9654397269765651 0.9582719935663372 0.9583450580647557 0.9671509615108461 0.9682219957060886 0.9630457348615312 0.9569091079365607 0.9594939710467637 0.9539571796374073 0.9628308922476345 0.9507354208610141 0.9599805373083306 0.9413715017612317 0.9555021681607747 0.9505104178208759 0.9611709466294622 0.5299959668261062 0.4859843613545393 -9999 -9999 -9999 -9999 -9999 -9999 -9999 -9999 -9999 -9999 -9999 -9999 -9999 -9999 -9999 -9999 -9999 -9999 -9999 -9999 -9999
0.9695808494158853 0.9578769641113087 0.9634497484492326 0.9667228314504658 0.969944101199258 0.9672106487584852 0.9632960128653374 0.9621200828804198 0.9591551043019081 0.9531865340233041 0.9604486978404636 0.9546270022631287 0.959027394188162 0.9602790233814741 0.9592344810048079 0.9587973249553468 0.9594730521775511 0.96704958841804 0.9674458216397791 0.9642713446532427 0.9556043297498903 0.9585698945739419 0.9593550406732724 0.9598506263252378 0.9584366980745423 0.9538775786844654 0.9579392104898307 0.944472261051653 0.9602769919124446 0.9474943749080322 0.5035370698171868 -9999 -9999 -9999 -9999 -9999 -9999 -9999 -9999 -9999 -9999 -9999 -9999 -9999 -9999 -9999 -9999 -9999 -9999 -9999 -9999 -9999
0.9695303412229809 0.9690181729527491 0.9702784168380362 0.9707435099025363 0.9592882131889053 0.9680953187740474 0.967758751505729 0.9663038071635995 0.9489770603033517 0.9456502063139277 0.9625509839320595 0.9628278837422524 0.9651882144805257 0.9653114654703754 0.9649579847831521 0.9525941900105612 0.9611905803439043 0.9609364795544827 0.9622478557223303 0.9650678643789738 0.9631450816033281 0.9628412208031029 0.9637704533819613 0.9602818228388346 0.9613209071524981 0.9588557625229986 0.9524948041367655 0.962548044733396 0.9535848514530907 0.9366109239850877 0.5310653006963985 0.4853173463784082 -9999 -9999 -9999 -9999 -9999 -9999 -9999 -9999 -9999 -9999 -9999 -9999 -9999 -9999 -9999 -9999 -9999 -9999 -9999 -9999
0.9683833665168958 0.9697493536269114 0.9658288202953667 0.967070656182288 0.9595042299760193 0.9634322080164249 0.9662074977940444 0.9700441413612519 0.9625250735280158 0.9595946801450446 0.9667357095695637 0.9641189523532884 0.9631265861090232 0.9637468259608578 0.964622866439789 0.9609054219779403 0.9529742346904208 0.9586223345884639 0.9625553238387936 0.9638723186560118 0.9649406996345472 0.9647208256853622 0.9639035156483043 0.9647574838049302 0.9626971630219283 0.9605967827059047 0.9624516941170425 0.9632308418050387 0.943274339852757 0.937303971354932 0.956666824092475 0.53221562635633 0.5029743519829253 0.5048359534976259 0.4862675230741148 -9999 -9999 -9999 -9999 -9999 -9999 -9999 -9999 -9999 -9999 -9999 -9999 -9999 -9999 -9999 -9999 -9999
0.9668831318502246 0.966960860866561 0.9599332382865309 0.9656654879784762 0.9643124536634032 0.9609800907526422 0.9649810891458239 0.9660362520919131 0.9607953213260295 0.9505670041295831 0.9586607372122585 0.9614624573522722 0.9630718956918176 0.965054600387329 0.9616150026651601 0.956710123272189 0.9626137342083533 0.9509894356429633 0.9567682518066642 0.9623746151715697 0.9633716056326274 0.964512995297505 0.9625163047611471 0.9661831289450099 0.964386681906913 0.9609259116315367 0.9626619075669363 0.9575526224798134 0.9504969300845014 0.9460173400235509 0.9624865076429914 0.9586904504545061 0.9466715670608955 0.9517719947232753 0.5232146332297003 0.48648711084969043 -9999 -9999 -9999 -9999 -9999 -9999 -9999 -9999 -9999 -9999 -9999 -9999 -9999 -9999 -9999 -9999
0.9636617265228221 0.9660319386150052 0.9614895154452819 0.9633396679840155 0.9655722819358273 0.9675019944770569 0.9661020983539459 0.9660161236090423 0.968530436044057 0.9662637118253498 0.9626113793626301 0.9611344200149693 0.9607271077706722 0.9586419991515718 0.9606806089864155 0.9668124411228023 0.9675630791123614 0.9558208287372619 0.9563939597273405 0.9579163569828477 0.9624020311426823 0.9642491984570677 0.9630675072722243 0.9589616405318463 0.963868338273306 0.9593143330985632 0.9642994765464031 0.9610516458982508 0.9606203225960409 0.9602566907371409 0.9545372341692747 0.9655862389690498 0.9499698738312193 0.9483567865318105 0.9639830591709575 0.502499465633735 -9999 -9999 -9999 -9999 -9999 -9999 -9999 -9999 -9999 -9999 -9999 -9999 -9999 -9999 -9999 -9999
0.9628795381264424 0.9652009586163868 0.9632394985807685 0.9641771187049142 0.967663659613173 0.9681868939918588 0.9663985362181179 0.9648637383647378 0.9655760490942337 0.966528896768252 0.9679925265490485 0.9646582423818908 0.9643273649842711 0.9662286421863424 0.9671173766957315 0.9680025208303599 0.9684561392217442 0.9688961275065539 0.961142674352498 0.9638244259150044 0.9651430859062918 0.9632413953639984 0.9646623736050138 0.9620183838562513 0.9561793534797496 0.9672518119128862 0.9658468309627725 0.9660895131135507 0.9519861423321802 0.9637437873984934 0.9495433395553742 0.964834028520596 0.9574940324682638 0.9509708728107428 0.9612547188564726 0.5268462524172239 0.48692736420727617 -9999 -9999 -9999 -9999 -9999 -9999 -9999 -9999 -9999 -9999 -9999 -9999 -9999 -9999 -9999
0.9651686593270916 0.9655463718774507 0.9651201516914342 0.9644436978435867 0.965973951892958 0.9681928503442617 0.9675560645856384 0.9622586063623021 0.9628315849344214 0.9623548556122037 0.9665051294139839 0.9698337947391035 0.9685952745762352 0.9681647959194364 0.9700936494682606 0.9678918329478159 0.9651632194839513 0.9665372800436892 0.9632452398467467 0.9655513799666279 0.9658508887673634 0.9667643201179802 0.9626456634419344 0.9636750917123091 0.9526375100649308 0.9672625341709571 0.9660274920944774 0.966970978354662 0.9599709088505641 0.9658265719705882 0.9586865991448961 0.9528533920329653 0.9541703449590073 0.9526406351177287 0.9622136168659685 0.951823878043954 0.49656253945262147 -9999 -9999 -9999 -9999 -9999 -9999 -9999 -9999 -9999 -9999 -9999 -9999 -9999 -9999 -9999
0.9664983511231309 0.9659016109781368 0.9650341593294631 0.9641794235839961 0.9646319997185804 0.9667456170298627 0.9679315472264646 0.9604644411188831 0.9634867639095311 0.9670964540558545 0.9630334589377572 0.9674909419984317 0.9693188019352802 0.9671125830963376 0.9665519396921415 0.9703800173855955 0.9697716584058135 0.9673452300678655 0.9647266476960737 0.9575764754865165 0.9649822327006207 0.9666720543119243 0.9616943854156965 0.965198923499821 0.9587690070231103 0.9671441363123079 0.9668400227158561 0.9627737120879999 0.9550029757742536 0.9676906751509169 0.958562162903292 0.9555409594853339 0.9629551665595555 0.9654906000806768 0.9543640108504463 0.9511854575252742 0.520258715009403 0.48707486614619977 -9999 -9999 -9999 -9999 -9999 -9999 -9999 -9999 -9999 -9999 -9999 -9999 -9999 -9999
0.9644552791328671 0.9665854391861725 0.9645612330869497 0.9656046648618253 0.9622471965775673 0.9664223849804684 0.9688643203359217 0.9636710670534937 0.9583091135116064 0.9667092770064936 0.9659331963898539 0.9650300398070488 0.968752068859049 0.9687363406549377 0.9637016392220463 0.9656184246263416 0.9693240739479723 0.9704728177956056 0.9662776713387924 0.9647350469479594 0.9666844241438632 0.9662344925289535 0.9613821148413513 0.9654752814049843 0.9629102922984695 0.9675294515732377 0.966072432844137 0.9631465566376373 0.9586088778576127 0.9701270188791153 0.9631201589210511 0.9591888901346309 0.9653792909067936 0.9624215412330043 0.9554898460364424 0.9491941923370617 0.9477731918462728 0.5312340919935404 -9999 -9999 -9999 -9999 -9999 -9999 -9999 -9999 -9999 -9999 -9999 -9999 -9999 -9999
0.9625958042506862 0.9667768495794611 0.9590078573124166 0.9664066322151686 0.9620611349896363 0.9656746238025193 0.9661276677789112 0.9676522196103632 0.9504617205790343 0.9613040744837659 0.9650597837259872 0.963876338747794 0.966135222979737 0.9661737484845718 0.9612109960312256 0.9583574791006974 0.9644110571893609 0.9702616188250891 0.9664272835493078 0.9630151552879634 0.9558600993384745 0.9665464175903086 0.961839235185685 0.9653647995709429 0.9663823852728719 0.9652315609159665 0.964430555364481 0.9616606759844164 0.9612662136244464 0.9696971788845079 0.9602753990502867 0.9639980969966274 0.9595046397598819 0.9610180133425082 0.9571524944242147 0.946688077635471 0.9496541212053713 0.5312937594516662 -9999 -9999 -9999 -9999 -9999 -9999 -9999 -9999 -9999 -9999 -9999 -9999 -9999 -9999
0.9554877916632909 0.9651851666766196 0.9543256103426713 0.9669501857025379 0.9584593304514967 0.9665617666642736 0.9605674047274402 0.9678756626874783 0.966583466401487 0.9562695853173987 0.9566542433484928 0.9654239319740517 0.9662250662433282 0.9630385704403008 0.9569832390686113 0.9606717228707784 0.9629687322429045 0.968784780358171 0.9677601631958841 0.9656718910791554 0.9662207579752463 0.9535510755730225 0.9609926126136994 0.9644555987090143 0.965195267873697 0.9633965265174405 0.9682350802489688 0.9646067487984652 0.9639988900162986 0.9699753640583956 0.9612485336778114 0.9615703064159671 0.9603768396012842 0.9538261256296774 0.9485918415150608 0.9568483855560168 0.956743049460894 0.5054597590862421 -9999 -9999 -9999 -9999 -9999 -9999 -9999 -9999 -9999 -9999 -9999 -9999 -9999 -9999
0.9452680209265777 0.9573866920337151 0.9547626180623561 0.9640166410304529 0.9580416548168467 0.965294269710955 0.9634304107810576 0.9588503596126671 0.9617534489458972 0.9656830090032864 0.9630907095413372 0.9609355106385501 0.9643915487976193 0.958065155841973 0.9543451984747796 0.9566850672351084 0.9586196715955052 0.9620949967972998 0.9677672366281739 0.9677524086929825 0.9677665276897658 0.9648937383831283 0.9598074153806657 0.9644897476367903 0.9645651342441007 0.9593309644941456 0.9669630578110741 0.9674107551687621 0.96910568004219 0.9668740673626516 0.9688613070505336 0.9632907147860084 0.9579398645638423 0.9539144953738155 0.9629118389724337 0.9645067857299425 0.9598372338754511 0.5349750592136987 0.5053751723439898 0.5053337880697722 0.48565377234388935 -9999 -9999 -9999 -9999 -9999 -9999 -9999 -9999 -9999 -9999 -9999
0.9581618196792979 0.9371951063173106 0.9345537879132068 0.9444756600531075 0.9531917191541377 0.9610132146970335 0.9580650530703044 0.9623390245170323 0.9643761871617011 0.9608708406488498 0.964192567982733 0.9591636537985956 0.9604872290694081 0.9573064203814557 0.9595805986528353 0.9549364629564647 0.9544420434903912 0.9562906735593357 0.9635198590609156 0.9663369559982324 0.9686518660107853 0.9662240523319311 0.9480297698402514 0.9626723307360776 0.962898328727232 0.9574096987783292 0.9669654738542105 0.9700927028171551 0.964844540701034 0.9580411877138852 0.9682465444633822 0.9643758448031163 0.9522507146221741 0.9641613936193398 0.9637265260940165 0.9590783064746643 0.9306321846300686 0.9430573672414357 0.9524600076842925 0.9595483362130446 0.5285893003827695 -9999 -9999 -9999 -9999 -9999 -9999 -9999 -9999 -9999 -9999 -9999
0.5291654190513032 0.5539818743530857 0.9498259280328717 0.9515243953966973 0.9389532046594283 0.9380943660527524 0.9466482719033225 0.9546825756780823 0.9568175070243221 0.9624042812026323 0.9555958016591599 0.9534309011816824 0.9635779472075144 0.963895446205547 0.9635111070428295 0.9574379548215477 0.9550434534952713 0.9582745453457604 0.955440052096558 0.9550959483426025 0.967656279707595 0.9679862681308634 0.9654083778133776 0.9621451354037193 0.9587848304241944 0.9649632058805486 0.9573955455984996 0.970329170894788 0.9668190879650886 0.9691731394142963 0.9664435520955419 0.9578603748585678 0.9624102966326497 0.9662797321494624 0.9620327204910635 0.9534596016588133 0.9576991183099776 0.9657301640079351 0.9549946621446689 0.9631661956173215 0.5006956619223623 -9999 -9999 -9999 -9999 -9999 -9999 -9999 -9999 -9999 -9999 -9999
-9999 0.5119126608239142 0.546356636874672 0.9524174256826905 0.951571134657952 0.9549495158849711 0.9556640233597229 0.949864677605963 0.9423725027444648 0.9543960876066226 0.9514033463127581 0.9600627062675603 0.9596685531448381 0.9609086343594593 0.9610320732390467 0.9568906679546485 0.9569505959793936 0.955802284169274 0.958180040768275 0.9583648394750672 0.9646144067073653 0.9668609706426189 0.9648865516447418 0.9607968032254885 0.9583574740557926 0.9659268081232382 0.968945060442737 0.9692831498347351 0.9663925572950347 0.9622239214037079 0.9685489397321329 0.9630819357074912 0.9629033450064666 0.9688078115648322 0.9585231045061682 0.960194834638458 0.965662008337864 0.9677913687276353 0.952146507997587 0.9655931314091691 0.5306172882527291 0.4864484131317904 -9999 -9999 -9999 -9999 -9999 -9999 -9999 -9999 -9999 -9999
-9999 -9999 0.5142104316927086 0.5312539824445719 0.5599909157765077 0.939951607618448 0.950874983389509 0.9590113264756353 0.9557436724193585 0.9570635199406822 0.9459387071561761 0.9603047569510709 0.9658388198878088 0.9623806663044602 0.9619183753014853 0.9589599974675451 0.9587985852271305 0.9581326395596163 0.9520549828335017 0.9555348366417952 0.9550815462061407 0.9632429935696107 0.9557332106760943 0.9641871100601888 0.9584403422282035 0.9525541749686088 0.963206125845363 0.9620863628790043 0.9604750569773336 0.9675211856756647 0.9664427500084785 0.9660339270661273 0.9655671559034326 0.9681913853856003 0.9503294439759206 0.9647819126332194 0.9645197489977985 0.9689611457498153 0.9629889052708093 0.9652130836558693 0.9671910288657929 0.5029225435808854 -9999 -9999 -9999 -9999 -9999 -9999 -9999 -9999 -9999 -9999
-9999 -9999 -9999 -9999 0.5277293686569535 0.9459076687245573 0.9427292985326534 0.9661084157565496 0.9671255602039991 0.9641314000826054 0.9594823022838311 0.9596503698970966 0.9655087735450504 0.9576918929715675 0.9571019378616623 0.9515714561119941 0.946382282358091 0.9504110568368094 0.9596560875515704 0.963113623998852 0.9616015085265052 0.9658975841670685 0.9642905006700913 0.9613205820942329 0.958760922494334 0.9615042398596376 0.9669143507747803 0.9610652334106246 0.9599931088722724 0.9695444848656888 0.9685738073879224 0.9649548251297431 0.9650086897604804 0.9651662248521173 0.968074292541397 0.9657071330728118 0.9659771387875634 0.9699362986761595 0.9577601208478328 0.9627646972039503 0.9679595382500331 0.5317667930795 0.4848440925770748 -9999 -9999 -9999 -9999 -9999 -9999 -9999 -9999 -9999
-9999 -9999 -9999 -9999 0.5044733432970391 0.9676856829225009 0.9670536701581577 0.9647369189612804 0.9688700453146059 0.962842994230116 0.9393663063911039 0.9547285690023248 0.9501670349081892 0.9497659395590717 0.9639790543504272 0.9612373173324035 0.9538152579780137 0.955564596743163 0.9593842527293731 0.9596463845869235 0.9635201261299786 0.9629827705811902 0.9623644496641587 0.9607334001561282 0.9550667126951423 0.9388398498198793 0.9680101184079014 0.9654158492937054 0.9622267251704372 0.9622802895471169 0.9660907709401998 0.9631738425357083 0.9673180756617169 0.9685757816752968 0.9647346032772162 0.9642309464801699 0.9600948705908318 0.9699258851576137 0.9661076804757746 0.9553382377985509 0.9680637906967536 0.9682659323541027 0.5281652026313239 0.48698644513264705 -9999 -9999 -9999 -9999 -9999 -9999 -9999 -9999
-9999 -9999 -9999 -9999 0.5029491232740646 0.9642444521935223 0.9661420607158624 0.9674202343488304 0.9681486219005438 0.9576217303624186 0.9579202442240621 0.959517528476035 0.9604923253654654 0.9634136349103598 0.9676038282285254 0.9647276418339922 0.9596237936377122 0.9606985967231665 0.9588419740446004 0.9647292276878954 0.9640317888936801 0.9616381767009997 0.9632219393995042 0.9636017722948278 0.9608181757728885 0.9312553082309194 0.9636047623087658 0.9677386052022238 0.9652214996507159 0.9603208637600454 0.9635640885772647 0.9661836243686637 0.9702954411020456 0.9678933648777656 0.9668137564453517 0.9692255695136104 0.9586132533576752 0.9671470766512947 0.9707355221346683 0.9659354909290978 0.9567666655123803 0.9684099078098211 0.9693439481229017 0.5015174612945538 -9999 -9999 -9999 -9999 -9999 -9999 -9999 -9999
-9999 -9999 -9999 -9999 0.49786281426605766 0.9543890780558346 0.548506195734176 0.5300915869759335 0.5312946690751386 0.5313606510440269 0.5324064645609587 0.5302034834617997 0.5324202151328788 0.5329693666148999 0.5298349639728279 0.559503313220991 0.9637036915199749 0.9647857163159914 0.9662478203855719 0.9651527454373445 0.961720240770202 0.9535466994180428 0.9608464357357589 0.9616833148475815 0.9587272037837603 0.9338783366773381 0.9606308735383016 0.9620306587920963 0.9587636063669455 0.9574323131191775 0.9643438686859563 0.9682528148557124 0.9693841016248278 0.9646753384092992 0.9692247054526293 0.9694187457900757 0.9621595867057918 0.9671057538762576 0.9702199428984689 0.9706422899765353 0.9675640919195233 0.9672064191466492 0.9695965962169222 0.5311845449266765 0.48745545204565977 -9999 -9999 -9999 -9999 -9999 -9999 -9999
-9999 -9999 -9999 -9999 0.5123431284205321 0.5328850373994384 0.5147680984015801 -9999 -9999 -9999 -9999 -9999 -9999 -9999 -9999 0.5281517460445586 0.9682683620641546 0.9674460358174184 0.9617177523390948 0.9574427235206012 0.9599426906757813 0.9617917967406416 0.9646722183116296 0.9662355570900223 0.9670371457633667 0.9555911646211034 0.93043584539389 0.965448184600698 0.9673491147515062 0.9602377981245007 0.9584356992388273 0.9689283648334569 0.9693160761355376 0.9681523869093065 0.9575128339927284 0.9624879422373049 0.9645037759117392 0.9695270588493379 0.9688153734820293 0.9670189040883576 0.9698082998325378 0.9670883618408536 0.9689205004241382 0.965370624172115 0.5317392479227442 -9999 -9999 -9999 -9999 -9999 -9999 -9999
-9999 -9999 -9999 -9999 -9999 -9999 -9999 -9999 -9999 -9999 -9999 -9999 -9999 -9999 -9999 0.5049548325217661 0.9681847728492673 0.9668609674738889 0.9591588021559585 0.9564359186886112 0.964488684696613 0.9655363981256505 0.9652167085555862 0.9651023960063383 0.9650789138391228 0.9584387218669852 0.9467392763732921 0.9571118867575474 0.969798276254991 0.9623107003401913 0.9602566891028742 0.9660488493492673 0.9684383949089259 0.9634224764345006 0.9644809833139356 0.9706671878414234 0.9638162375514917 0.9694088764953271 0.9703460304300396 0.9661924883484465 0.9700178528192366 0.9704057183412143 0.9660446050360012 0.960057505811191 0.5044900835256488 -9999 -9999 -9999 -9999 -9999 -9999 -9999
