resources/Input/dataET_point/1old/skyview27.asc
NCOLS 105
NROWS 69
XLLCORNER 593280.0
YLLCORNER 4475520.0
CELLSIZE 240.0
NODATA_VALUE -9999
[rows 0 to 23 of 69, columns 0 to 52 of 105]
-9999 -9999 -9999 -9999 -9999 -9999 -9999 -9999 -9999 -9999 -9999 -9999 -9999 -9999 -9999 -9999 -9999 -9999 -9999 -9999 -9999 -9999 -9999 -9999 -9999 -9999 -9999 -9999 -9999 -9999 -9999 -9999 -9999 -9999 -9999 -9999 -9999 -9999 -9999 -9999 -9999 -9999 -9999 -9999 -9999 -9999 -9999 -9999 -9999 -9999 -9999 -9999 -9999
-9999 -9999 -9999 -9999 -9999 -9999 -9999 -9999 -9999 -9999 -9999 -9999 -9999 -9999 -9999 -9999 -9999 -9999 -9999 -9999 -9999 -9999 -9999 -9999 -9999 -9999 -9999 -9999 -9999 -9999 -9999 -9999 -9999 -9999 -9999 -9999 -9999 -9999 -9999 -9999 -9999 -9999 -9999 -9999 -9999 -9999 -9999 -9999 -9999 -9999 -9999 -9999 -9999
-9999 -9999 -9999 -9999 -9999 -9999 -9999 -9999 -9999 -9999 -9999 -9999 -9999 -9999 -9999 -9999 -9999 -9999 -9999 -9999 -9999 -9999 -9999 0.48598436135453965 0.49948831849747816 0.5262014930701522 0.9550785054537446 0.9562431761036226 0.9576747332001133 0.9575896694799861 0.963901190461182 0.9541870058457649 0.9566028885938116 0.5315768485473675 0.4856856375086856 -9999 -9999 -9999 -9999 -9999 -9999 -9999 -9999 -9999 -9999 -9999 -9999 -9999 -9999 -9999 -9999 -9999 -9999
-9999 -9999 -9999 -9999 -9999 -9999 -9999 -9999 -9999 -9999 -9999 -9999 -9999 -9999 -9999 -9999 -9999 -9999 -9999 -9999 -9999 -9999 0.48413693028847743 0.5316764800796829 0.9488089649821371 0.9502120285449758 0.9493276715641221 0.9451392016928166 0.9544897995823585 0.9503883741876876 0.9610982719051512 0.9554234679678862 0.9540503172305973 0.9600882218646744 0.5301243176423742 0.4853173463784082 -9999 -9999 -9999 -9999 -9999 -9999 -9999 -9999 -9999 -9999 -9999 -9999 -9999 -9999 -9999 -9999 -9999
-9999 -9999 -9999 -9999 -9999 -9999 -9999 -9999 -9999 -9999 -9999 -9999 -9999 -9999 -9999 -9999 -9999 -9999 -9999 -9999 -9999 0.48637900226327047 0.53046714603897 0.9580023407523098 0.9578259520873332 0.9575770411761229 0.9565027127945601 0.9503344305971403 0.9537123105466573 0.9425803953930038 0.9514984585746628 0.9549764651028437 0.9578290168312191 0.957692064915619 0.9598039499925173 0.5302402512404717 0.48533426785010003 -9999 -9999 -9999 -9999 -9999 -9999 -9999 -9999 -9999 -9999 -9999 -9999 -9999 -9999 -9999 -9999
-9999 -9999 -9999 -9999 -9999 -9999 -9999 -9999 -9999 -9999 -9999 -9999 -9999 -9999 -9999 -9999 -9999 -9999 -9999 -9999 -9999 0.5022612579079027 0.960610223287902 0.9666412680509109 0.9650237543892827 0.9597313701763026 0.9615098254260296 0.9540665998341392 0.9482055297505283 0.9414489665321714 0.9545919146916672 0.9482170789897268 0.9488227555044599 0.9578037978600242 0.9616227719563949 0.9633396405460345 0.5295512884554701 0.48326194128145517 -9999 -9999 -9999 -9999 -9999 -9999 -9999 -9999 -9999 -9999 -9999 -9999 -9999 -9999 -9999
-9999 -9999 -9999 -9999 -9999 -9999 -9999 -9999 -9999 -9999 -9999 -9999 -9999 -9999 -9999 -9999 -9999 -9999 -9999 -9999 0.48019245861835747 0.5303934576177423 0.955711939165096 0.9674193506992358 0.965636179022876 0.9632380323738996 0.9645231161512826 0.9602292630583259 0.9475819222431023 0.9499031492509178 0.953830309923781 0.9443438774627348 0.9381125819188685 0.9528867051699031 0.9556201807445015 0.9551350583292532 0.963170891554784 0.5289769649711957 0.502598093377654 0.5052422914161359 0.5053183762026877 0.5053691303096598 0.4870241120392277 -9999 -9999 -9999 -9999 -9999 -9999 -9999 -9999 -9999 -9999
-9999 -9999 -9999 -9999 -9999 -9999 -9999 -9999 -9999 -9999 -9999 -9999 -9999 -9999 -9999 -9999 -9999 -9999 -9999 0.4864237234899934 0.5256648432054721 0.9656814724041153 0.9593022793077011 0.9665736027803504 0.9676397593616362 0.9692099665868896 0.9702317037044068 0.9698854626313116 0.9645771063737233 0.9596915895427396 0.9516451211552318 0.9473592597174129 0.9510133717787853 0.9339011653365178 0.941743126034588 0.9405533704632016 0.9618481522697444 0.9584569816479838 0.9619022178209484 0.9586131176495694 0.9621679943667235 0.966040964449425 0.5295303118766875 0.483640650309959 -9999 -9999 -9999 -9999 -9999 -9999 -9999 -9999 -9999
-9999 -9999 -9999 -9999 -9999 -9999 -9999 -9999 -9999 -9999 -9999 -9999 -9999 -9999 -9999 -9999 -9999 -9999 -9999 0.5038635936851107 0.9643039780947859 0.966628428995603 0.9666141143030552 0.9698093793479986 0.9695804788890523 0.9682256662028186 0.9652592491852712 0.9662114736471124 0.9696468457792351 0.9690168713958438 0.9551235488814164 0.9492885134515247 0.9492906604808066 0.9518140309110066 0.955311905774153 0.9397806656195509 0.9608715077025006 0.9593655612353994 0.9593623871489876 0.9475399732039798 0.9578081986703939 0.9634042585206748 0.9624631211096377 0.5283984875840242 0.4844782527990436 -9999 -9999 -9999 -9999 -9999 -9999 -9999 -9999
-9999 -9999 -9999 -9999 -9999 -9999 -9999 -9999 -9999 -9999 -9999 -9999 -9999 -9999 -9999 -9999 -9999 -9999 -9999 0.5024115221367227 0.9638076624715829 0.9615452448482766 0.9673479471696241 0.9692444857390183 0.9636717296629838 0.9634527858935197 0.9629929419311957 0.9550387793192106 0.9604468968540509 0.9689213042672512 0.955630396019759 0.9446968089936644 0.9462180458435884 0.9554482555847238 0.9549039894727438 0.9383856826598072 0.9595790406847559 0.9586233096596646 0.9587393870154428 0.9530546923636474 0.9545324544311238 0.962355695834464 0.963560951021381 0.963140823760492 0.5308316613819585 0.4852054128808473 -9999 -9999 -9999 -9999 -9999 -9999 -9999
-9999 -9999 -9999 -9999 -9999 -9999 -9999 -9999 -9999 -9999 -9999 -9999 -9999 -9999 -9999 -9999 -9999 -9999 -9999 0.5020730655587102 0.9618958594242203 0.9556562845668831 0.9658036296533201 0.9627134261851202 0.9563096464405679 0.9519777037163946 0.9580380180311723 0.9448661551521551 0.9429333170224576 0.9637915525245374 0.968705099301025 0.9605226427223541 0.9520568681834862 0.9521336728242471 0.9548777982798717 0.9456818678854049 0.9467911038100785 0.9529918327151263 0.9541464712496265 0.9548735632553352 0.9576936189825381 0.9596318536939935 0.963636220659189 0.9508529246290748 0.9577611544015683 0.5333096762937536 0.5037478646004675 0.4862927302949498 -9999 -9999 -9999 -9999 -9999
-9999 -9999 -9999 -9999 -9999 -9999 -9999 -9999 -9999 -9999 -9999 -9999 -9999 -9999 -9999 -9999 -9999 -9999 -9999 0.502732358130059 0.9642044829904932 0.961724650811068 0.9539951320659901 0.9500776292477889 0.9455364303391329 0.9373146364435062 0.9452195736671113 0.9419523414432378 0.9353035224821514 0.9525271565815429 0.9648418030166126 0.9697501216314884 0.9655465771716963 0.9435496207892684 0.9387392852712297 0.9427199111018477 0.9343633972452555 0.9473564376139013 0.9276592907570077 0.9374489285222625 0.9478602895817403 0.9515271908868552 0.9573855360025093 0.960103878713217 0.9642703777210591 0.967134081660402 0.9630989733303458 0.5306065641402218 0.5033772734401573 0.5040467618575275 0.5050057617158198 0.5042566763100779 0.48637715220800387
-9999 -9999 -9999 -9999 -9999 -9999 -9999 -9999 -9999 -9999 -9999 -9999 -9999 -9999 -9999 -9999 -9999 -9999 -9999 0.503749479663731 0.9628741946476415 0.9578143606182042 0.9543253009849127 0.9584606664576643 0.9560353306801616 0.9530172446138141 0.95023017205228 0.9452939336117147 0.9479791740902871 0.9463069741788309 0.9529131058718259 0.958907319839685 0.9679778471116334 0.9658507476249147 0.9543812811768063 0.9464684415923896 0.9523941310776997 0.9595838924855367 0.9581863185396867 0.9593892513424184 0.9622905225714028 0.9587419201981002 0.9584705628724339 0.9426641155135557 0.9552646609303361 0.9590211339048462 0.9584422159765575 0.960115097961263 0.9556422472103593 0.9443299425522269 0.9543045297252881 0.9545406275535409 0.533757558384314
-9999 -9999 -9999 -9999 -9999 -9999 -9999 -9999 -9999 -9999 -9999 -9999 -9999 -9999 -9999 -9999 -9999 -9999 -9999 0.4997303608178451 0.9579407870363771 0.9626074863387934 0.9624277470214937 0.9590696568927629 0.9583827728650269 0.9626658478735343 0.9604895337392955 0.957518022905542 0.9426993155612104 0.9354004973375188 0.9453432460869597 0.9478690793262665 0.9562722195630591 0.9690473911967931 0.9674605215810134 0.9654936469853881 0.9631878607975299 0.9676495862086648 0.9596794421960454 0.9460370348506494 0.9562615603278635 0.9493838226853125 0.9536799662567466 0.9538650633328308 0.9501658546900735 0.9505249599462102 0.953369064239556 0.9521461709790597 0.9533191525150112 0.9541770646210332 0.9525416887105307 0.9439477495809812 0.9573962455235766
-9999 -9999 -9999 -9999 -9999 -9999 -9999 -9999 -9999 -9999 -9999 -9999 -9999 -9999 -9999 -9999 -9999 -9999 0.4844721020109944 0.5193544171894612 0.9462528106149569 0.9473789474107904 0.9534712448722247 0.9582290697333714 0.9592965390669661 0.9609392492852298 0.9607281804307019 0.9584825942675391 0.9559224038754403 0.9499580219965237 0.9292187468126449 0.9445324508445575 0.9540704756154421 0.9666142987161919 0.9407439183240262 0.9582180921081295 0.9543995910384088 0.956799051880409 0.9423002837421683 0.9459017649126882 0.9458594860548502 0.9496720476425852 0.9487578656447454 0.960110686373402 0.9417489941835946 0.9475430820299864 0.9439751065506763 0.9424115538328253 0.9476829428955795 0.9490262158626784 0.951803511332777 0.954488668561437 0.9512477478380328
-9999 -9999 -9999 -9999 -9999 -9999 -9999 -9999 -9999 -9999 -9999 -9999 -9999 -9999 -9999 0.4864239705580819 0.5045015546308812 0.5038809028115498 0.5309996591590492 0.9378392334812179 0.9433545853121974 0.9410991533192911 0.9390005495523137 0.953405526885818 0.9511503819760935 0.9587020313735231 0.962605147971188 0.9633690074343692 0.9651116941511368 0.9601478190385204 0.9522462770034152 0.9373333519833011 0.9416280601622055 0.9675978553411335 0.9480709760770362 0.9533116008736161 0.9446838914712427 0.9471322108190366 0.9452929116227565 0.9432147723683193 0.9534956813878526 0.9582765107102935 0.9563710449314036 0.9607696363625214 0.9525773788725881 0.9499884765387538 0.9509858577268046 0.9484698945672344 0.9488020728251199 0.9440781397503556 0.9491467435800514 0.9533854166735303 0.955217978971986
-9999 -9999 -9999 -9999 -9999 -9999 -9999 -9999 -9999 -9999 -9999 -9999 -9999 -9999 0.48160142830503966 0.5264265526514218 0.9509060165136553 0.9498688638343626 0.9531964052767956 0.9549961659198691 0.9458092001992969 0.9295121773186836 0.9424949640619347 0.9519723421938876 0.9536772241856488 0.950191857947052 0.9486338490722688 0.9562401040251398 0.9563494666996497 0.9588936265032219 0.9568279495477947 0.9507879955931353 0.940699780797345 0.9611347566168003 0.9507966049614669 0.9536917935468587 0.950256550537102 0.9303312058811741 0.9390459918878123 0.9414387606666254 0.9537128641763775 0.9614812488271569 0.9554616723050668 0.9566548633031017 0.96157230153244 0.9491162764495717 0.9554193818692204 0.9568267642783286 0.9453460376000661 0.9431547445816615 0.9497992248124724 0.9555597756033152 0.9477784087569269
-9999 -9999 -9999 -9999 -9999 -9999 -9999 -9999 -9999 -9999 -9999 -9999 -9999 0.48440695244898424 0.5140642599640656 0.9462987489203688 0.9378337603411407 0.9377945571360302 0.9396688301151108 0.9640107463153025 0.9580059237825864 0.9274484033423462 0.9409137749850025 0.9527523867485705 0.9543128064628681 0.9548131360132532 0.9487718075899805 0.947380808268495 0.9494168932278335 0.9512822938711463 0.9570351465931605 0.9530769307264816 0.9502748866359956 0.9396833665791392 0.9365328268452197 0.9471859463118105 0.9399483620782512 0.9351392269221359 0.950287961967236 0.9548972538799892 0.9444752645506935 0.9563284219101187 0.9584543686153155 0.9505667922398626 0.9565647241809995 0.9444349192525359 0.9520261767010252 0.9583023661441825 0.9430597768961145 0.9493222543441076 0.9457994493109134 0.9482127783276368 0.9441719658480174
-9999 -9999 -9999 -9999 -9999 -9999 -9999 -9999 -9999 -9999 -9999 -9999 0.4826865712808812 0.5237413275762353 0.9492673557906771 0.9457552602719926 0.9465997301411785 0.9456564979703472 0.9517499225109607 0.9591667182344472 0.9683034254819975 0.9640042540805415 0.9515441691361933 0.9388179733991631 0.9486714744005249 0.9287452046107999 0.9529179784971182 0.9509760061624799 0.9548305350979992 0.955283426251928 0.9545762571645277 0.9391005293819252 0.9329803666379844 0.9348801005031192 0.9383258468447686 0.9358303311980573 0.9410210803986306 0.9445165254309968 0.9485285838086701 0.953492148287512 0.9487900363440291 0.9503985707605939 0.9531202341401508 0.9519773037553589 0.9629190328725443 0.96013648271526 0.9516244140401485 0.9549463276620845 0.9424596485153891 0.9340820949554356 0.9291700876381039 0.9183159940521974 0.9358238928248277
-9999 -9999 -9999 -9999 -9999 -9999 -9999 -9999 -9999 -9999 -9999 0.48604721869195844 0.519087469024831 0.9489003039561635 0.9465891506789157 0.9426501164367092 0.9480652256493725 0.9383339759217825 0.9390738904390187 0.952669195444046 0.9584834962522162 0.9685307645989581 0.9523646290302168 0.9200503401117505 0.9376300769915646 0.9385033407795726 0.9490302074429257 0.9510670542429615 0.9542000524390515 0.9578889343865618 0.9538948777084886 0.9574788897220602 0.9630432716088431 0.9517481200737021 0.9474279033782717 0.9339813311482967 0.9458974959346325 0.947115500180008 0.954661224423754 0.9531839975065053 0.9508156835107016 0.9434660680508227 0.9469984675909305 0.9442944131938239 0.9589628391338728 0.9592165916008569 0.9445988823777051 0.9428943875824416 0.941281904861878 0.9113731360791247 0.9467334382965341 0.9301413907962667 0.9498797294875593
-9999 -9999 -9999 -9999 -9999 -9999 -9999 -9999 -9999 -9999 -9999 0.5051579622006747 0.9328756281127955 0.944590793200734 0.9438499046176034 0.9473812738321186 0.9485625917783244 0.9448306818962587 0.9460918851182022 0.9571285401483989 0.9549449000965279 0.9638514891826518 0.967180558038802 0.9533278587540666 0.9377376786153113 0.9309337513528512 0.9437523403192062 0.9540986445507138 0.95653993002769 0.9578755928266702 0.9616506447642825 0.963440014850974 0.9615369880528201 0.9298776751315301 0.9389525152284355 0.9244016306511912 0.937017632667965 0.9519304880350614 0.9578651120984927 0.9528486963520718 0.956738141241468 0.9501558022896788 0.9462920409396538 0.9536126495110566 0.9580935666072281 0.9610830619646703 0.9631836645096508 0.9648433994912837 0.9584631136033291 0.9574138076429051 0.9550051057019443 0.930039087671023 0.9427024364140963
-9999 -9999 -9999 -9999 -9999 -9999 -9999 -9999 -9999 -9999 -9999 0.5043491379896894 0.9139079937208272 0.9367008333042177 0.947119223848262 0.9428806248293802 0.9464697291536198 0.9451621639715606 0.9452073225598687 0.9473643717181724 0.9445312255994865 0.9538015122090984 0.966445244018463 0.9642286287482186 0.9389958672159413 0.942095423055749 0.9569941374653358 0.9612817326568119 0.9622571688741629 0.9629285794244246 0.9631392664237919 0.962721960165379 0.9563407387391991 0.9260340108191784 0.9320686967095235 0.9308861458781018 0.9377097558271063 0.95477364410734 0.959304043649937 0.9464400926201931 0.9340923347272324 0.9221923108538073 0.927857999427178 0.9485851495268308 0.9590399067631111 0.9656351441283463 0.9553487045916468 0.9645298377071827 0.9716977906051205 0.9699089859574327 0.9530474703191597 0.9227599864862722 0.9426656827589149
-9999 -9999 -9999 -9999 -9999 -9999 -9999 -9999 -9999 -9999 -9999 0.5044743224352359 0.9487707836728272 0.9362831685064699 0.9427210011726596 0.9343490495542185 0.9407807912240508 0.9477666802035547 0.9488027866533805 0.9464583831237112 0.955072611441313 0.9256322798592151 0.9543255731296083 0.9705591423662613 0.9569815271421799 0.9388620968261162 0.9357020501230384 0.9549840938046598 0.9589985752355912 0.9575787394438148 0.9563884225414057 0.9566086896405385 0.9435929288318707 0.9537455510947902 0.94199829798401 0.9363797733986032 0.9418139720136199 0.952302247089233 0.9625607384309643 0.9624634103321054 0.954061673176842 0.956508402778741 0.9591063794986565 0.9631383841178657 0.966869435486788 0.9670122321801794 0.964722678047776 0.9622953345279923 0.9658311188826599 0.9679136660676269 0.9567172130591645 0.932065609164186 0.9444198052169925
-9999 -9999 -9999 -9999 -9999 -9999 -9999 -9999 -9999 -9999 0.4850214030169341 0.5295668370093117 0.9679567235857685 0.9422386813053882 0.9303157333461978 0.9368137927218028 0.9398456123718338 0.9421882808168095 0.9512280149988077 0.9494352923534392 0.9522834902861268 0.9289980973876294 0.9477675079790598 0.9624203343862605 0.9680514138891412 0.9534774418323326 0.9477585445263688 0.9412552373387822 0.95379434347803 0.9453871612775469 0.9438980010090386 0.9479556872070827 0.953862128246749 0.9513478283825599 0.9491780620405311 0.9474471490117922 0.9559216129140278 0.960960696453984 0.9706243179948515 0.9669594946166159 0.9673564133077915 0.9685940604916901 0.9623702780208674 0.9641942957744308 0.9698071890039324 0.9707606570732984 0.9682548823425122 0.9626318535082801 0.9631993218701735 0.9696636660134731 0.9638104864796481 0.9486950474826291 0.9567654667055717
