resources/Input/dataET_point/1old/skyview27.asc
NCOLS 105
NROWS 69
XLLCORNER 593280.0
YLLCORNER 4475520.0
CELLSIZE 240.0
NODATA_VALUE -9999
[rows 24 to 47 of 69, columns 0 to 52 of 105]
-9999 -9999 -9999 -9999 -9999 -9999 -9999 -9999 -9999 -9999 0.49687696597316017 0.9515869225947157 0.9648044893350537 0.9619354695325165 0.9348745407361446 0.9419894241343671 0.9409945489285508 0.9437848161074922 0.9464512201278258 0.9480384317321777 0.9451952780346219 0.9376779011702853 0.9465996196087586 0.9436384995784199 0.9603382635508003 0.9565219115670998 0.9465507615098416 0.9347969634761681 0.9516165946002104 0.9489149457466938 0.9447480180599742 0.9464093644239604 0.9589744938079607 0.9532810008201298 0.953433972285906 0.9500620576172731 0.9525377020320774 0.9588260676690376 0.9641074466243109 0.9580515051215167 0.9607640179853234 0.966624440992523 0.9694601558006428 0.9715711577606495 0.9615503448761705 0.9683570594781499 0.9599102271893402 0.9602640206562242 0.9625654849573472 0.9677541804396148 0.9695808494158853 0.9590677880072237 0.9634995992296709
-9999 -9999 -9999 -9999 -9999 -9999 -9999 -9999 -9999 0.48405751772945865 0.5250800662465905 0.9553088118587552 0.9596094831916478 0.9608120136308156 0.959829042558465 0.9547728174914817 0.9434285342090011 0.918995681086524 0.9400639861056045 0.9442734184365362 0.9452967451491415 0.9364352390757871 0.9485421049408382 0.9367417228818565 0.9460596564143063 0.9454406753830836 0.9458522642627465 0.9404406958568732 0.9366085792687314 0.9339912270646987 0.9433769355960054 0.9525162022276473 0.96080630469725 0.9590643512598807 0.9532999751973407 0.9540644300442601 0.958916923025259 0.9613907932955562 0.954552790211207 0.9569526439385724 0.9546137528565515 0.9596288202212244 0.9597433614925187 0.9670752432800998 0.9619411474219024 0.9673911413535726 0.9590799771323658 0.9615998500511722 0.9623514720325926 0.964521381824151 0.9696148455255239 0.9690012514810572 0.9703036651281268
-9999 -9999 -9999 -9999 -9999 -9999 -9999 -9999 -9999 0.4934997091401484 0.952463746038696 0.9510808713664571 0.9572617044078642 0.9530040936968537 0.9558065508667609 0.9616599416117171 0.9627757042449514 0.9384329094486015 0.9379780305819402 0.9371663082835334 0.9382492901020031 0.9316239678901137 0.9402292801013333 0.9500579196578205 0.9473231113103525 0.9341487510192594 0.9372878746709887 0.9461641032503578 0.9071621532465136 0.9393247836919736 0.9460556453495557 0.948240023839198 0.9599703577856393 0.9575636151634564 0.9589846194728332 0.9578532934672115 0.9625087737859817 0.9635700655645247 0.9560807409934929 0.9599371904200608 0.9524038812325696 0.9482012922737512 0.9487208630107646 0.9596686761698439 0.9625859615121498 0.9639625550841252 0.9502157571417069 0.952051811388215 0.9572711616837888 0.9587552989525435 0.9686369515561307 0.9697493536269114 0.9656215645881346
-9999 -9999 -9999 -9999 -9999 -9999 -9999 -9999 0.48603875795611257 0.5105401563042016 0.9419752905304188 0.9499387745196349 0.9542861934520597 0.9530293228343418 0.9501276053312759 0.9432016456210254 0.9627947849752799 0.9637949736411363 0.9465804218421365 0.9368714127860124 0.9275035217611078 0.9253639716517766 0.9265142122780008 0.9457902473102039 0.940954304270439 0.9025710662560804 0.9084294089262507 0.9143121961822254 0.9390805260875819 0.9472592410773321 0.9446535150904413 0.9290451831771198 0.9384965782102944 0.95497366752311 0.9616568999739503 0.9643645390441202 0.9627181789951282 0.962118212097142 0.9570961720910203 0.9596111250631763 0.9582987024167017 0.9511281101085027 0.9436151768442891 0.9574043717705134 0.9506076924760024 0.9620846473671104 0.9503989320447666 0.9586226167464589 0.956519507913729 0.9581182886326219 0.966707276377668 0.9669025199417645 0.9624279393771742
-9999 -9999 -9999 -9999 -9999 -9999 -9999 -9999 0.5046017867037316 0.917845879302434 0.9340676208409845 0.941635767437475 0.9439051374861961 0.9452518147169164 0.9535041016847795 0.9450762249606831 0.9468730106602558 0.9625602562644707 0.9617361401890123 0.9593256333522029 0.9599127678607723 0.9580573359018384 0.9415665716491193 0.9370217628916816 0.9287693343733285 0.9379411799443655 0.9449298755118162 0.9235026560431762 0.9291216383206408 0.9392187321778468 0.955427360515369 0.9533456133217042 0.9525213765848649 0.9526336597492068 0.9639889117344306 0.9645658616288301 0.9614480055980069 0.9621824252805915 0.9602691636718306 0.9588456639655213 0.9572323177084691 0.95056297181984 0.9570900603189351 0.9604824493269281 0.9511700651822851 0.9616370270654474 0.953534148572669 0.9592105960350862 0.9581771596886093 0.9650305886420136 0.9629352370706055 0.9657471621958061 0.963244493971979
-9999 -9999 -9999 -9999 -9999 -9999 -9999 -9999 0.5042806110640632 0.9424302458279971 0.9231763209222293 0.9447136158530873 0.9399782466101905 0.9443043937308477 0.9484440131263435 0.9503893086893878 0.9467363128493664 0.9493291091860538 0.9434232307727592 0.9099546391213793 0.9280330943678514 0.92231150774991 0.9307987792147432 0.9513467180478352 0.9463849800436342 0.9480389374341384 0.9321503739836473 0.9491547367132163 0.9547851607232097 0.9530855524027128 0.9472663160500333 0.9466677744515208 0.9451013792830508 0.9470480156293233 0.9618394688542201 0.9617680213164178 0.9611323360240427 0.9620229409646204 0.9627445660396694 0.9619977291846571 0.9471692905928849 0.9524132503315799 0.9553102027815643 0.9603191995326903 0.95690086034311 0.9638710047959139 0.9500982880555592 0.9609743920910102 0.961011729190068 0.9638452557715119 0.9601085392303557 0.9648994254040951 0.9652142822815186
-9999 -9999 -9999 -9999 -9999 -9999 -9999 -9999 0.5033277782623955 0.9558693719711984 0.9481462198646423 0.9161346992487692 0.9591528391151505 0.9574847450580697 0.9544675859143108 0.9470754168408124 0.9391810632621191 0.9339599809658872 0.9344640220402696 0.9316351972331712 0.9200398009285272 0.948840236466314 0.9485033365168134 0.9363367158615673 0.9553027290127833 0.9500184307884968 0.943999855281728 0.9208815045631022 0.9479165459191639 0.9585517090901516 0.9617435362392485 0.9560881651013087 0.9383536033219481 0.9514523614961177 0.955804313965703 0.9502947090659816 0.9595953690419449 0.9597378923687423 0.9618665302970087 0.9629971202456904 0.961005673540675 0.9606566246614966 0.9499492300857487 0.9557991059757759 0.9537692611901177 0.9616776162122711 0.9564635046174694 0.9607452153001534 0.9631529385217752 0.9645297886332508 0.9640879102727593 0.9653614803470734 0.9659147181106786
-9999 -9999 -9999 -9999 -9999 -9999 -9999 0.48552488321568604 0.5264112812282364 0.9526734958066638 0.95475210967283 0.9533043944887877 0.9544268033568699 0.9543992415301096 0.9588830341383014 0.9590391558118282 0.9585790926321983 0.9510138505947487 0.9398045050930072 0.9349544547498339 0.9382238868952156 0.9525280175089095 0.9580850649660232 0.9480413995763652 0.9598970755336218 0.94575249990684 0.9348889982661776 0.9337939063754246 0.9379430196488131 0.9376125911588812 0.9595746912175764 0.9614722650686163 0.9350705300766068 0.9498268932583035 0.9423538276892058 0.9496608669476084 0.9618274597710664 0.9551918178205415 0.957322238094971 0.9620642429734909 0.9549869012202735 0.9462218051917928 0.9538635476764128 0.9509508727135106 0.9428414876797973 0.950315026054606 0.9486732438849514 0.9537410622184954 0.9632906842273382 0.9670663969018843 0.9659514896638484 0.9658848541850442 0.965821620052027
-9999 -9999 -9999 -9999 -9999 -9999 -9999 0.5033561449440211 0.9531138331096501 0.9499431160914008 0.9355464562901604 0.9417640657525125 0.9038519509563063 0.9389642196848048 0.953258103825887 0.9548417461400522 0.9556678287742901 0.944192325126703 0.9237694198568046 0.9170217247345769 0.9453220938426647 0.9530291565904286 0.9599747956833902 0.9347146057231204 0.9578029362446372 0.9616707368604208 0.937710784019758 0.9418292400493861 0.9440139996553747 0.9506032682795159 0.9608315317580934 0.9675188227891939 0.9583836582227011 0.9537809964612841 0.9400709371369631 0.9496555218044117 0.9593443284985376 0.9527332195863624 0.9480015712736122 0.9389820101946916 0.9477677806296788 0.95014075552515 0.954968325073428 0.9499305316322998 0.9524024476178297 0.9371524072966876 0.9346098562340693 0.9563213507234365 0.9637651837026977 0.9646011064631517 0.9638771298904407 0.9666700154697223 0.9653561719790895
-9999 -9999 -9999 -9999 -9999 -9999 -9999 0.5029166810875141 0.9460890058384896 0.9364687474843654 0.9333043980084709 0.939493768766765 0.929803246164005 0.8761581543214532 0.9220002157482451 0.9419891171312554 0.9463679181170485 0.9351621261769306 0.947735263278676 0.954199407678892 0.9475457691406589 0.954624019559132 0.9673685037701183 0.9396593552632935 0.9434531441158764 0.9666161064208848 0.9466766748011269 0.9313421289744906 0.9439465531032604 0.9510445298592749 0.9530055154909551 0.5576622571894435 0.5303672558984913 0.5291057229121919 0.5528359050327533 0.9515194964410486 0.9499721339979559 0.9364045102288824 0.9439225610532446 0.550695323852309 0.5292647219434732 0.5310277048848726 0.5317161333213195 0.5293317085251823 0.5580130487977537 0.9521990263704404 0.9492903007688084 0.9329719397949505 0.9489687677975553 0.9533183706752588 0.9619102007500162 0.9669284326198098 0.9595944777867566
-9999 -9999 -9999 -9999 -9999 -9999 -9999 0.4926862875380783 0.9436785629813866 0.9394339232342193 0.9510832095708777 0.9567192985045336 0.9334590984265565 0.9348972303128625 0.9298173546568472 0.9489046279580383 0.9401627534893692 0.9480216817101216 0.9508366654537126 0.9505521442582522 0.936217582235346 0.9426987787804199 0.9675372950151765 0.9553990089641254 0.9419838400915868 0.9598370638680935 0.9559716904413234 0.9366046685835419 0.9393967377319214 0.548264446067953 0.5204939996119193 0.5131790209680762 -9999 -9999 0.5123403747916825 0.5556575406326888 0.9467810789405572 0.541008745147126 0.5213475172633166 0.5144074767568787 -9999 -9999 -9999 -9999 0.5125054833629918 0.529109922844316 0.5585906923678668 0.9527105631276765 0.9458797442627223 0.9493496879887826 0.9548285092634894 0.9652776687915974 0.955147618555308
-9999 -9999 -9999 -9999 -9999 -9999 0.4859629202376492 0.530582031026346 0.9377601557221708 0.9476203417236351 0.9641877731727458 0.9305641932866847 0.9359275362152791 0.9414566496706857 0.8968734065746122 0.9231029065536228 0.9314345638391052 0.9471999732390171 0.9568317213770146 0.9616344883642891 0.9559847112428674 0.9413996315681166 0.9641166378269163 0.9640723739893864 0.9511160958009983 0.9614731198723311 0.9662816530208521 0.9493131597755036 0.5443199653266592 0.5118352677382411 -9999 -9999 -9999 -9999 -9999 0.5124972389101072 0.5313722744735107 0.5144381198866883 -9999 -9999 -9999 -9999 -9999 -9999 -9999 -9999 0.5127345686115923 0.5285845424754009 0.5555601289494445 0.9504160250836088 0.9438210099299149 0.9576384682147865 0.9559062839671529
-9999 -9999 -9999 -9999 -9999 -9999 0.504828583201352 0.966100547632404 0.9463104191994482 0.9695568342089037 0.9577010457000618 0.9244881132484009 0.9416722568428031 0.9228171940106168 0.936705497686412 0.9188697694753032 0.9287066393696559 0.9391414545032715 0.952669886771132 0.9665544743327061 0.9642043159276275 0.9433357727425015 0.9557684657135571 0.9654114819245336 0.9469798623503265 0.5556117616194597 0.5451902355917985 0.5425579710314575 0.5046770499331492 -9999 -9999 -9999 -9999 -9999 -9999 -9999 -9999 -9999 -9999 -9999 -9999 -9999 -9999 -9999 -9999 -9999 -9999 -9999 0.5121548335108698 0.5584515493868343 0.958153358943452 0.9371180199908784 0.9382014628253483
-9999 -9999 -9999 -9999 -9999 -9999 0.49501634902235025 0.9667872613594669 0.9592112039676798 0.9550137213398184 0.9403778138192921 0.9480959643580302 0.9508452618413815 0.9382552636065269 0.9449563833653362 0.9317842249519346 0.9339463855207607 0.9423877899638339 0.9529050845853336 0.9649199692169451 0.966941871597607 0.9544969259394606 0.9506746704982 0.5575087854315005 0.5297001556460812 0.5120958493388047 -9999 0.5327497068583175 -9999 -9999 -9999 -9999 -9999 -9999 -9999 -9999 -9999 -9999 -9999 -9999 -9999 -9999 -9999 -9999 -9999 -9999 -9999 -9999 -9999 0.513158880307567 0.5293760830170227 0.5539057895665338 0.9529221620398808
-9999 -9999 -9999 -9999 -9999 0.4820665788140998 0.5182535321903566 0.9631835429343555 0.9511171899421055 0.9342536482411824 0.936785758235398 0.952720240575878 0.944510996456319 0.9365671050489971 0.9546239010921101 0.9505169048014985 0.9354746260955669 0.939286431926809 0.9466832234994105 0.9595660916409288 0.9677511351406302 0.9604066670682507 0.5467936289956074 0.5124447085652628 -9999 -9999 -9999 -9999 -9999 -9999 -9999 -9999 -9999 -9999 -9999 -9999 -9999 -9999 -9999 -9999 -9999 -9999 -9999 -9999 -9999 -9999 -9999 -9999 -9999 -9999 -9999 0.5119126608239142 0.5447160022270837
-9999 -9999 0.48446161635089063 0.5041216864373144 0.5008263221458945 0.5240813263922457 0.9481089875163032 0.9579465844894062 0.9529448276779967 0.9304384053747384 0.9479969541072125 0.9555838880959203 0.9454434347764583 0.9535081330571437 0.9583047803296969 0.9546116145985678 0.9514902371360012 0.9521471955913455 0.9483113859124152 0.9463807020667689 0.9633243791098156 0.554898917541583 0.5088833564085153 -9999 -9999 -9999 -9999 -9999 -9999 -9999 -9999 -9999 -9999 -9999 -9999 -9999 -9999 -9999 -9999 -9999 -9999 -9999 -9999 -9999 -9999 -9999 -9999 -9999 -9999 -9999 -9999 -9999 0.5143285935434503
-9999 -9999 0.5181948091089069 0.9476263242775292 0.9578332810552669 0.9543203483611497 0.9565487864438615 0.9448612755999265 0.9542540480220928 0.937374195857888 0.9467645485878861 0.942392163331425 0.9493477435591722 0.9532928497506912 0.9546994212795913 0.9526098062154931 0.9475147773806467 0.9452988886450998 0.95799950490807 0.9587644248648006 0.5561427760754265 0.5126809602857395 -9999 -9999 -9999 -9999 -9999 -9999 -9999 -9999 -9999 -9999 -9999 -9999 -9999 -9999 -9999 -9999 -9999 -9999 -9999 -9999 -9999 -9999 -9999 -9999 -9999 -9999 -9999 -9999 -9999 -9999 -9999
-9999 -9999 0.9503554082885322 0.9445468781653098 0.9484375995507802 0.9518633752781618 0.9500234763085048 0.9421454738064722 0.9491919840628963 0.9435966569440177 0.9225681429624655 0.9377778994925351 0.9331561693967786 0.94543720200195 0.9543098911480228 0.9492045750530842 0.9405102400835602 0.9482730162279706 0.9597229082476858 0.9562900392997455 0.5292727680292683 -9999 -9999 -9999 -9999 -9999 -9999 -9999 -9999 -9999 -9999 -9999 -9999 -9999 -9999 -9999 -9999 -9999 -9999 -9999 -9999 -9999 -9999 -9999 -9999 -9999 -9999 -9999 -9999 -9999 -9999 -9999 -9999
-9999 -9999 0.9231404793119984 0.9374014059113277 0.9474469406930941 0.9471584096074724 0.9514113960310109 0.9349135547245274 0.9317306884087897 0.9407549112389426 0.953650238305198 0.9527649733186021 0.9432584383140632 0.9521262822986818 0.9473479188167773 0.9509243281050409 0.9501966849682192 0.9517969110450574 0.9589260705067194 0.9612452066399569 0.5312424704402762 -9999 -9999 -9999 -9999 -9999 -9999 -9999 -9999 -9999 -9999 -9999 -9999 -9999 -9999 -9999 -9999 -9999 -9999 -9999 -9999 -9999 -9999 -9999 -9999 -9999 -9999 -9999 -9999 -9999 -9999 -9999 -9999
-9999 -9999 0.5460982891990506 0.9424084015071473 0.9285431022786038 0.9534696467049638 0.9535199090229135 0.9435301934503166 0.9475320379589125 0.9576710158506702 0.9557200302088643 0.9501689149132065 0.9527440994364129 0.9518718654510445 0.944962887818847 0.9562583525806183 0.9565075717056079 0.9192797550132198 0.9536574037275871 0.954662327049717 0.5303064587470201 -9999 -9999 -9999 -9999 -9999 -9999 -9999 -9999 -9999 -9999 -9999 -9999 -9999 -9999 -9999 -9999 -9999 -9999 -9999 -9999 -9999 -9999 -9999 -9999 -9999 -9999 -9999 -9999 -9999 -9999 -9999 -9999
-9999 -9999 0.5124523448843262 0.5418632828532488 0.9411080272000857 0.9563197363825069 0.9630699119416632 0.9657896366841147 0.9687045209711059 0.9647665969620219 0.9481316078395933 0.9489435946589645 0.9382417965798613 0.946991727698913 0.9471316794181849 0.953796598574762 0.9597301099808103 0.9509119348596283 0.9253658182393577 0.9513630352609374 0.5304030391445749 -9999 -9999 -9999 -9999 -9999 -9999 -9999 -9999 -9999 -9999 -9999 -9999 -9999 -9999 -9999 -9999 -9999 -9999 -9999 -9999 -9999 -9999 -9999 -9999 -9999 -9999 -9999 -9999 -9999 -9999 -9999 -9999
-9999 -9999 -9999 0.5076168996946906 0.5547524394892757 0.9614010001603858 0.9626427367158573 0.9612259274365323 0.9550703647932226 0.9503710063994487 0.9493857950980291 0.9459638559347276 0.9433323271049988 0.9541098111217955 0.955867187282704 0.9547468370848371 0.9617580682557073 0.9601203711384402 0.9388660738685106 0.952991995059046 0.5306942627466932 -9999 -9999 -9999 -9999 -9999 -9999 -9999 -9999 -9999 -9999 -9999 -9999 -9999 -9999 -9999 -9999 -9999 -9999 -9999 -9999 -9999 -9999 -9999 -9999 -9999 -9999 -9999 -9999 -9999 -9999 -9999 -9999
-9999 -9999 -9999 -9999 0.5277805826553398 0.9489933750888412 0.9532394958716758 0.9518702086079392 0.9530648522724561 0.9503290200797636 0.9484708639909498 0.9475092968407793 0.9465694205217253 0.9597602283303166 0.9549073207395937 0.9473217581205527 0.9584023745290421 0.9627928136925519 0.9447885026533193 0.9448331657037349 0.5298720171381603 -9999 -9999 -9999 -9999 -9999 -9999 -9999 -9999 -9999 -9999 -9999 -9999 -9999 -9999 -9999 -9999 -9999 -9999 -9999 -9999 -9999 -9999 -9999 -9999 -9999 -9999 -9999 -9999 -9999 -9999 -9999 -9999
-9999 -9999 -9999 -9999 0.5126368048346738 0.5441408347270746 0.950631700180829 0.9468793258749845 0.947425338320757 0.9525870270351895 0.9588393352883154 0.9486341232629318 0.9581438493598277 0.9589811583550744 0.9558736261272118 0.9441537791755434 0.9561342097065131 0.9643043442859816 0.9503432016752599 0.9370457115369504 0.5045295855390275 -9999 -9999 -9999 -9999 -9999 -9999 -9999 -9999 -9999 -9999 -9999 -9999 -9999 -9999 -9999 -9999 -9999 -9999 -9999 -9999 -9999 -9999 -9999 -9999 -9999 -9999 -9999 -9999 -9999 -9999 -9999 -9999
