@T,table
Created,2021-08-17 16:44
Author,HortonMachine library
@H,timestamp,value_1
ID,,1
Type,Date,Double
Format,yyyy-MM-dd HH:mm,
,2013-12-15 00:00,0.0
,2013-12-15 01:00,0.0
,2013-12-15 02:00,0.0
,2013-12-15 03:00,0.0
,2013-12-15 04:00,0.0
,2013-12-15 05:00,0.0
,2013-12-15 06:00,0.0
,2013-12-15 07:00,0.0
,2013-12-15 08:00,131.37579368025877
,2013-12-15 09:00,292.37551865194604
,2013-12-15 10:00,415.9851405648743
,2013-12-15 11:00,483.34131185952975
,2013-12-15 12:00,487.4039146278122
,2013-12-15 13:00,426.6993651440812
,2013-12-15 14:00,307.72527611189935
,2013-12-15 15:00,145.76460330082392
,2013-12-15 16:00,0.0
,2013-12-15 17:00,0.0
,2013-12-15 18:00,0.0
,2013-12-15 19:00,0.0
,2013-12-15 20:00,0.0
,2013-12-15 21:00,0.0
,2013-12-15 22:00,0.0
,2013-12-15 23:00,0.0
,2013-12-16 00:00,0.0
,2013-12-16 01:00,0.0
,2013-12-16 02:00,0.0
,2013-12-16 03:00,0.0
,2013-12-16 04:00,0.0
,2013-12-16 05:00,0.0
,2013-12-16 06:00,0.0
,2013-12-16 07:00,0.0
,2013-12-16 08:00,130.90805112365186
,2013-12-16 09:00,291.90158594243195
,2013-12-16 10:00,415.4634204367326
,2013-12-16 11:00,482.52135432408977
,2013-12-16 12:00,486.30214696892466
,2013-12-16 13:00,425.84267932714477
,2013-12-16 14:00,306.8988521575748
,2013-12-16 15:00,145.1037427255428
,2013-12-16 16:00,0.0
,2013-12-16 17:00,0.0
,2013-12-16 18:00,0.0
,2013-12-16 19:00,0.0
,2013-12-16 20:00,0.0
,2013-12-16 21:00,0.0
,2013-12-16 22:00,0.0
,2013-12-16 23:00,0.0
,2013-12-17 00:00,0.0
,2013-12-17 01:00,0.0
,2013-12-17 02:00,0.0
,2013-12-17 03:00,0.0
,2013-12-17 04:00,0.0
,2013-12-17 05:00,0.0
,2013-12-17 06:00,0.0
,2013-12-17 07:00,0.0
,2013-12-17 08:00,130.22687214415777
,2013-12-17 09:00,290.66783912592604
,2013-12-17 10:00,414.19048341171253
,2013-12-17 11:00,481.22988399542186
,2013-12-17 12:00,485.42796875614255
,2013-12-17 13:00,424.7356216061293
,2013-12-17 14:00,305.92228404148153
,2013-12-17 15:00,144.35478823115827
,2013-12-17 16:00,0.0
,2013-12-17 17:00,0.0
,2013-12-17 18:00,0.0
,2013-12-17 19:00,0.0
,2013-12-17 20:00,0.0
,2013-12-17 21:00,0.0
,2013-12-17 22:00,0.0
,2013-12-17 23:00,0.0
,2013-12-18 00:00,0.0
,2013-12-18 01:00,0.0
,2013-12-18 02:00,0.0
,2013-12-18 03:00,0.0
,2013-12-18 04:00,0.0
,2013-12-18 05:00,0.0
,2013-12-18 06:00,0.0
,2013-12-18 07:00,0.0
,2013-12-18 08:00,129.86377393987266
,2013-12-18 09:00,290.15903457023495
,2013-12-18 10:00,413.1331873686371
,2013-12-18 11:00,480.4714069532285
,2013-12-18 12:00,484.3227687348714
,2013-12-18 13:00,423.7696606429179
,2013-12-18 14:00,305.0776272840251
,2013-12-18 15:00,143.73772421975232
,2013-12-18 16:00,0.0
,2013-12-18 17:00,0.0
,2013-12-18 18:00,0.0
,2013-12-18 19:00,0.0
,2013-12-18 20:00,0.0
,2013-12-18 21:00,0.0
,2013-12-18 22:00,0.0
,2013-12-18 23:00,0.0
,2013-12-19 00:00,0.0
,2013-12-19 01:00,0.0
,2013-12-19 02:00,0.0
,2013-12-19 03:00,0.0
,2013-12-19 04:00,0.0
,2013-12-19 05:00,0.0
,2013-12-19 06:00,0.0
,2013-12-19 07:00,0.0
,2013-12-19 08:00,129.69626048539496
,2013-12-19 09:00,290.16683523042855
,2013-12-19 10:00,413.10680915710975
,2013-12-19 11:00,480.1751305406828
,2013-12-19 12:00,484.4779089450356
,2013-12-19 13:00,423.52272387587425
,2013-12-19 14:00,304.8035883072795
,2013-12-19 15:00,143.42801824245518
,2013-12-19 16:00,0.0
,2013-12-19 17:00,0.0
,2013-12-19 18:00,0.0
,2013-12-19 19:00,0.0
,2013-12-19 20:00,0.0
,2013-12-19 21:00,0.0
,2013-12-19 22:00,0.0
,2013-12-19 23:00,0.0
,2013-12-20 00:00,0.0
,2013-12-20 01:00,0.0
,2013-12-20 02:00,0.0
,2013-12-20 03:00,0.0
,2013-12-20 04:00,0.0
,2013-12-20 05:00,0.0
,2013-12-20 06:00,0.0
,2013-12-20 07:00,0.0
,2013-12-20 08:00,129.29327036389006
,2013-12-20 09:00,289.61005300889923
,2013-12-20 10:00,412.4993670211411
,2013-12-20 11:00,479.51203475968606
,2013-12-20 12:00,483.4800022801819
,2013-12-20 13:00,422.9622145790138
,2013-12-20 14:00,304.33292047755424
,2013-12-20 15:00,143.12114185888626
,2013-12-20 16:00,0.0
,2013-12-20 17:00,0.0
,2013-12-20 18:00,0.0
,2013-12-20 19:00,0.0
,2013-12-20 20:00,0.0
,2013-12-20 21:00,0.0
,2013-12-20 22:00,0.0
,2013-12-20 23:00,0.0
,2013-12-21 00:00,0.0
,2013-12-21 01:00,0.0
,2013-12-21 02:00,0.0
,2013-12-21 03:00,0.0
,2013-12-21 04:00,0.0
,2013-12-21 05:00,0.0
,2013-12-21 06:00,0.0
,2013-12-21 07:00,0.0
,2013-12-21 08:00,129.03583227563877
,2013-12-21 09:00,289.5950378529931
,2013-12-21 10:00,412.4034475842015
,2013-12-21 11:00,479.49205443830107
,2013-12-21 12:00,483.6686065572364
,2013-12-21 13:00,422.93222086834106
,2013-12-21 14:00,304.51063706857974
,2013-12-21 15:00,143.00514750935497
,2013-12-21 16:00,0.0
,2013-12-21 17:00,0.0
,2013-12-21 18:00,0.0
,2013-12-21 19:00,0.0
,2013-12-21 20:00,0.0
,2013-12-21 21:00,0.0
,2013-12-21 22:00,0.0
,2013-12-21 23:00,0.0
,2013-12-22 00:00,0.0
,2013-12-22 01:00,0.0
,2013-12-22 02:00,0.0
,2013-12-22 03:00,0.0
,2013-12-22 04:00,0.0
,2013-12-22 05:00,0.0
,2013-12-22 06:00,0.0
,2013-12-22 07:00,0.0
,2013-12-22 08:00,129.0809477873604
,2013-12-22 09:00,289.10521614739065
,2013-12-22 10:00,412.14502452435323
,2013-12-22 11:00,479.15928526801406
,2013-12-22 12:00,483.2749480103455
,2013-12-22 13:00,422.9063073066004
,2013-12-22 14:00,304.47905261645485
,2013-12-22 15:00,143.10166887378628
,2013-12-22 16:00,0.0
,2013-12-22 17:00,0.0
,2013-12-22 18:00,0.0
,2013-12-22 19:00,0.0
,2013-12-22 20:00,0.0
,2013-12-22 21:00,0.0
,2013-12-22 22:00,0.0
,2013-12-22 23:00,0.0
,2013-12-23 00:00,0.0
,2013-12-23 01:00,0.0
,2013-12-23 02:00,0.0
,2013-12-23 03:00,0.0
,2013-12-23 04:00,0.0
,2013-12-23 05:00,0.0
,2013-12-23 06:00,0.0
,2013-12-23 07:00,0.0
,2013-12-23 08:00,129.24205451926068
,2013-12-23 09:00,289.79874979364234
,2013-12-23 10:00,412.4643400460638
,2013-12-23 11:00,479.9991755207903
,2013-12-23 12:00,483.6750485045287
,2013-12-23 13:00,423.1154002201523
,2013-12-23 14:00,304.51395284368755
,2013-12-23 15:00,143.22970852444706
,2013-12-23 16:00,0.0
,2013-12-23 17:00,0.0
,2013-12-23 18:00,0.0
,2013-12-23 19:00,0.0
,2013-12-23 20:00,0.0
,2013-12-23 21:00,0.0
,2013-12-23 22:00,0.0
,2013-12-23 23:00,0.0
,2013-12-24 00:00,0.0
,2013-12-24 01:00,0.0
,2013-12-24 02:00,0.0
,2013-12-24 03:00,0.0
,2013-12-24 04:00,0.0
,2013-12-24 05:00,0.0
,2013-12-24 06:00,0.0
,2013-12-24 07:00,0.0
,2013-12-24 08:00,129.29967313961149
,2013-12-24 09:00,290.08685159378905
,2013-12-24 10:00,413.376854421929
,2013-12-24 11:00,480.7036423550276
,2013-12-24 12:00,484.2611652038446
,2013-12-24 13:00,423.79838399786524
,2013-12-24 14:00,304.7048045368352
,2013-12-24 15:00,143.41630414365565
,2013-12-24 16:00,0.0
,2013-12-24 17:00,0.0
,2013-12-24 18:00,0.0
,2013-12-24 19:00,0.0
,2013-12-24 20:00,0.0
,2013-12-24 21:00,0.0
,2013-12-24 22:00,0.0
,2013-12-24 23:00,0.0
,2013-12-25 00:00,0.0
,2013-12-25 01:00,0.0
,2013-12-25 02:00,0.0
,2013-12-25 03:00,0.0
,2013-12-25 04:00,0.0
,2013-12-25 05:00,0.0
,2013-12-25 06:00,0.0
,2013-12-25 07:00,0.0
,2013-12-25 08:00,129.4633717099292
,2013-12-25 09:00,289.6200940230823
,2013-12-25 10:00,412.7659319971288
,2013-12-25 11:00,480.1273964193177
,2013-12-25 12:00,483.51312498190725
,2013-12-25 13:00,422.76877943781693
,2013-12-25 14:00,304.03553996366446
,2013-12-25 15:00,143.24657191569227
,2013-12-25 16:00,0.0
,2013-12-25 17:00,0.0
,2013-12-25 18:00,0.0
,2013-12-25 19:00,0.0
,2013-12-25 20:00,0.0
,2013-12-25 21:00,0.0
,2013-12-25 22:00,0.0
,2013-12-25 23:00,0.0
,2013-12-26 00:00,0.0
,2013-12-26 01:00,0.0
,2013-12-26 02:00,0.0
,2013-12-26 03:00,0.0
,2013-12-26 04:00,0.0
,2013-12-26 05:00,0.0
,2013-12-26 06:00,0.0
,2013-12-26 07:00,0.0
,2013-12-26 08:00,129.54714067888668
,2013-12-26 09:00,290.22368236052915
,2013-12-26 10:00,412.72020121789956
,2013-12-26 11:00,479.8523906411807
,2013-12-26 12:00,483.55679772685176
,2013-12-26 13:00,423.47758214214724
,2013-12-26 14:00,305.10266295427044
,2013-12-26 15:00,144.03434436095608
,2013-12-26 16:00,0.0
,2013-12-26 17:00,0.0
,2013-12-26 18:00,0.0
,2013-12-26 19:00,0.0
,2013-12-26 20:00,0.0
,2013-12-26 21:00,0.0
,2013-12-26 22:00,0.0
,2013-12-26 23:00,0.0
,2013-12-27 00:00,0.0
,2013-12-27 01:00,0.0
,2013-12-27 02:00,0.0
,2013-12-27 03:00,0.0
,2013-12-27 04:00,0.0
,2013-12-27 05:00,0.0
,2013-12-27 06:00,0.0
,2013-12-27 07:00,0.0
,2013-12-27 08:00,130.50495966761932
,2013-12-27 09:00,290.9704917347446
,2013-12-27 10:00,413.5318368549398
,2013-12-27 11:00,480.5724534729463
,2013-12-27 12:00,484.5023321204411
,2013-12-27 13:00,424.1530000668828
,2013-12-27 14:00,305.53256158455383
,2013-12-27 15:00,144.36248358416827
,2013-12-27 16:00,0.0
,2013-12-27 17:00,0.0
,2013-12-27 18:00,0.0
,2013-12-27 19:00,0.0
,2013-12-27 20:00,0.0
,2013-12-27 21:00,0.0
,2013-12-27 22:00,0.0
,2013-12-27 23:00,0.0
,2013-12-28 00:00,0.0
,2013-12-28 01:00,0.0
,2013-12-28 02:00,0.0
,2013-12-28 03:00,0.0
,2013-12-28 04:00,0.0
,2013-12-28 05:00,0.0
,2013-12-28 06:00,0.0
,2013-12-28 07:00,0.0
,2013-12-28 08:00,131.00762795969248
,2013-12-28 09:00,291.4873430223762
,2013-12-28 10:00,414.3342699921532
,2013-12-28 11:00,481.349664366535
,2013-12-28 12:00,484.9740623005126
,2013-12-28 13:00,424.62499680356325
,2013-12-28 14:00,305.9108672665192
,2013-12-28 15:00,144.8236001080608
,2013-12-28 16:00,0.0
,2013-12-28 17:00,0.0
,2013-12-28 18:00,0.0
,2013-12-28 19:00,0.0
,2013-12-28 20:00,0.0
,2013-12-28 21:00,0.0
,2013-12-28 22:00,0.0
,2013-12-28 23:00,0.0
,2013-12-29 00:00,0.0
,2013-12-29 01:00,0.0
,2013-12-29 02:00,0.0
,2013-12-29 03:00,0.0
,2013-12-29 04:00,0.0
,2013-12-29 05:00,0.0
,2013-12-29 06:00,0.0
,2013-12-29 07:00,1037.9305136822293
,2013-12-29 08:00,131.55030555203876
,2013-12-29 09:00,291.9192447004581
,2013-12-29 10:00,414.3592457279616
,2013-12-29 11:00,481.5321309060961
,2013-12-29 12:00,485.05916176454764
,2013-12-29 13:00,424.71972748621727
,2013-12-29 14:00,306.463887977318
,2013-12-29 15:00,145.56535135354528
,2013-12-29 16:00,0.0
,2013-12-29 17:00,0.0
,2013-12-29 18:00,0.0
,2013-12-29 19:00,0.0
,2013-12-29 20:00,0.0
,2013-12-29 21:00,0.0
,2013-12-29 22:00,0.0
,2013-12-29 23:00,0.0
,2013-12-30 00:00,0.0
,2013-12-30 01:00,0.0
,2013-12-30 02:00,0.0
,2013-12-30 03:00,0.0
,2013-12-30 04:00,0.0
,2013-12-30 05:00,0.0
,2013-12-30 06:00,0.0
,2013-12-30 07:00,430.4042933635602
,2013-12-30 08:00,132.23027348815376
,2013-12-30 09:00,293.0278816188202
,2013-12-30 10:00,416.258861203621
,2013-12-30 11:00,483.2589234760704
,2013-12-30 12:00,487.432748082049
,2013-12-30 13:00,427.0121378516717
,2013-12-30 14:00,308.3659138024051
,2013-12-30 15:00,146.74248785138724
,2013-12-30 16:00,0.0
,2013-12-30 17:00,0.0
,2013-12-30 18:00,0.0
,2013-12-30 19:00,0.0
,2013-12-30 20:00,0.0
,2013-12-30 21:00,0.0
,2013-12-30 22:00,0.0
,2013-12-30 23:00,0.0
,2013-12-31 00:00,0.0
,2013-12-31 01:00,0.0
,2013-12-31 02:00,0.0
,2013-12-31 03:00,0.0
,2013-12-31 04:00,0.0
,2013-12-31 05:00,0.0
,2013-12-31 06:00,0.0
,2013-12-31 07:00,0.0
,2013-12-31 08:00,133.4068837033345
,2013-12-31 09:00,294.73707727740305
,2013-12-31 10:00,418.34124845724955
,2013-12-31 11:00,486.00075082410655
,2013-12-31 12:00,489.93026456688267
,2013-12-31 13:00,429.41864575977445
,2013-12-31 14:00,310.40362036649555
,2013-12-31 15:00,148.1566177370406
,2013-12-31 16:00,0.0
,2013-12-31 17:00,0.0
,2013-12-31 18:00,0.0
,2013-12-31 19:00,0.0
,2013-12-31 20:00,0.0
,2013-12-31 21:00,0.0
,2013-12-31 22:00,0.0
,2013-12-31 23:00,0.0
,2014-01-01 00:00,0.0
,2014-01-01 01:00,0.0
,2014-01-01 02:00,0.0
,2014-01-01 03:00,0.0
,2014-01-01 04:00,0.0
,2014-01-01 05:00,0.0
,2014-01-01 06:00,0.0
,2014-01-01 07:00,0.0
,2014-01-01 08:00,135.21730332040292
,2014-01-01 09:00,297.31210906816625
,2014-01-01 10:00,421.4111122804423
,2014-01-01 11:00,489.0458310575102
,2014-01-01 12:00,492.7856693107519
,2014-01-01 13:00,432.25086691750727
,2014-01-01 14:00,312.5712741782541
,2014-01-01 15:00,149.86974128816945
,2014-01-01 16:00,0.0
,2014-01-01 17:00,0.0
,2014-01-01 18:00,0.0
,2014-01-01 19:00,0.0
,2014-01-01 20:00,0.0
,2014-01-01 21:00,0.0
,2014-01-01 22:00,0.0
,2014-01-01 23:00,0.0
,2014-01-02 00:00,0.0
,2014-01-02 01:00,0.0
,2014-01-02 02:00,0.0
,2014-01-02 03:00,0.0
,2014-01-02 04:00,0.0
,2014-01-02 05:00,0.0
,2014-01-02 06:00,0.0
,2014-01-02 07:00,0.0
,2014-01-02 08:00,136.46865722921078
,2014-01-02 09:00,298.3121689859886
,2014-01-02 10:00,421.78258078067927
,2014-01-02 11:00,489.2025831286939
,2014-01-02 12:00,492.987913131233
,2014-01-02 13:00,431.8893130623172
,2014-01-02 14:00,312.7202826973047
,2014-01-02 15:00,150.52839136888107
,2014-01-02 16:00,0.0
,2014-01-02 17:00,0.0
,2014-01-02 18:00,0.0
,2014-01-02 19:00,0.0
,2014-01-02 20:00,0.0
,2014-01-02 21:00,0.0
,2014-01-02 22:00,0.0
,2014-01-02 23:00,0.0
,2014-01-03 00:00,0.0
,2014-01-03 01:00,0.0
,2014-01-03 02:00,0.0
,2014-01-03 03:00,0.0
,2014-01-03 04:00,0.0
,2014-01-03 05:00,0.0
,2014-01-03 06:00,0.0
,2014-01-03 07:00,0.0
,2014-01-03 08:00,137.52657978374654
,2014-01-03 09:00,299.92952867199585
,2014-01-03 10:00,424.21144770532186
,2014-01-03 11:00,491.6644044791743
,2014-01-03 12:00,495.50003581310386
,2014-01-03 13:00,434.3200353169462
,2014-01-03 14:00,314.56964835397685
,2014-01-03 15:00,152.0522436796739
,2014-01-03 16:00,0.0
,2014-01-03 17:00,0.0
,2014-01-03 18:00,0.0
,2014-01-03 19:00,0.0
,2014-01-03 20:00,0.0
,2014-01-03 21:00,0.0
,2014-01-03 22:00,0.0
,2014-01-03 23:00,0.0
,2014-01-04 00:00,0.0
,2014-01-04 01:00,0.0
,2014-01-04 02:00,0.0
,2014-01-04 03:00,0.0
,2014-01-04 04:00,0.0
,2014-01-04 05:00,0.0
,2014-01-04 06:00,0.0
,2014-01-04 07:00,0.0
,2014-01-04 08:00,138.753272708297
,2014-01-04 09:00,301.41515507677
,2014-01-04 10:00,425.1886128244154
,2014-01-04 11:00,492.8726601595281
,2014-01-04 12:00,497.2624699145986
,2014-01-04 13:00,436.3209498534635
,2014-01-04 14:00,316.4751499622568
,2014-01-04 15:00,153.58087724823685
,2014-01-04 16:00,0.0
,2014-01-04 17:00,0.0
,2014-01-04 18:00,0.0
,2014-01-04 19:00,0.0
,2014-01-04 20:00,0.0
,2014-01-04 21:00,0.0
,2014-01-04 22:00,0.0
,2014-01-04 23:00,0.0
,2014-01-05 00:00,0.0
,2014-01-05 01:00,0.0
,2014-01-05 02:00,0.0
,2014-01-05 03:00,0.0
,2014-01-05 04:00,0.0
,2014-01-05 05:00,0.0
,2014-01-05 06:00,0.0
,2014-01-05 07:00,17.51980843769607
,2014-01-05 08:00,140.2390782881849
,2014-01-05 09:00,302.9634267153104
,2014-01-05 10:00,427.68325463177985
,2014-01-05 11:00,495.6748551206075
,2014-01-05 12:00,499.1210478169478
,2014-01-05 13:00,437.83867628943256
,2014-01-05 14:00,318.64468351497595
,2014-01-05 15:00,155.48448902195602
,2014-01-05 16:00,0.0
,2014-01-05 17:00,0.0
,2014-01-05 18:00,0.0
,2014-01-05 19:00,0.0
,2014-01-05 20:00,0.0
,2014-01-05 21:00,0.0
,2014-01-05 22:00,0.0
,2014-01-05 23:00,0.0
,2014-01-06 00:00,0.0
,2014-01-06 01:00,0.0
,2014-01-06 02:00,0.0
,2014-01-06 03:00,0.0
,2014-01-06 04:00,0.0
,2014-01-06 05:00,0.0
,2014-01-06 06:00,0.0
,2014-01-06 07:00,14.525292524106389
,2014-01-06 08:00,142.34420981842726
,2014-01-06 09:00,305.8919927980573
,2014-01-06 10:00,430.71523053158467
,2014-01-06 11:00,498.9129091669448
,2014-01-06 12:00,502.63520091200473
,2014-01-06 13:00,441.41105535793815
,2014-01-06 14:00,321.1930627789928
,2014-01-06 15:00,157.33722772242788
,2014-01-06 16:00,0.0
,2014-01-06 17:00,0.0
,2014-01-06 18:00,0.0
,2014-01-06 19:00,0.0
,2014-01-06 20:00,0.0
,2014-01-06 21:00,0.0
,2014-01-06 22:00,0.0
,2014-01-06 23:00,0.0
,2014-01-07 00:00,0.0
,2014-01-07 01:00,0.0
,2014-01-07 02:00,0.0
,2014-01-07 03:00,0.0
,2014-01-07 04:00,0.0
,2014-01-07 05:00,0.0
,2014-01-07 06:00,0.0
,2014-01-07 07:00,12.674100787822598
,2014-01-07 08:00,144.00600032276614
,2014-01-07 09:00,307.21257083007265
,2014-01-07 10:00,431.5945920416035
,2014-01-07 11:00,499.37014678645994
,2014-01-07 12:00,503.32530749990025
,2014-01-07 13:00,442.1568585297551
,2014-01-07 14:00,322.1658782679922
,2014-01-07 15:00,158.59930142101038
,2014-01-07 16:00,0.0
,2014-01-07 17:00,0.0
,2014-01-07 18:00,0.0
,2014-01-07 19:00,0.0
,2014-01-07 20:00,0.0
,2014-01-07 21:00,0.0
,2014-01-07 22:00,0.0
,2014-01-07 23:00,0.0
,2014-01-08 00:00,0.0
,2014-01-08 01:00,0.0
,2014-01-08 02:00,0.0
,2014-01-08 03:00,0.0
,2014-01-08 04:00,0.0
,2014-01-08 05:00,0.0
,2014-01-08 06:00,0.0
,2014-01-08 07:00,11.558323894500322
,2014-01-08 08:00,145.65855458999448
,2014-01-08 09:00,309.0759833725583
,2014-01-08 10:00,433.19591396004694
,2014-01-08 11:00,501.1556282023921
,2014-01-08 12:00,504.81305620802516
,2014-01-08 13:00,443.87975051319233
,2014-01-08 14:00,323.7884557957439
,2014-01-08 15:00,160.3404422612593
,2014-01-08 16:00,0.0
,2014-01-08 17:00,0.0
,2014-01-08 18:00,0.0
,2014-01-08 19:00,0.0
,2014-01-08 20:00,0.0
,2014-01-08 21:00,0.0
,2014-01-08 22:00,0.0
,2014-01-08 23:00,0.0
,2014-01-09 00:00,0.0
,2014-01-09 01:00,0.0
,2014-01-09 02:00,0.0
,2014-01-09 03:00,0.0
,2014-01-09 04:00,0.0
,2014-01-09 05:00,0.0
,2014-01-09 06:00,0.0
,2014-01-09 07:00,10.957866143395421
,2014-01-09 08:00,147.43946819977387
,2014-01-09 09:00,310.84513754087595
,2014-01-09 10:00,435.56643755157495
,2014-01-09 11:00,503.5682010693197
,2014-01-09 12:00,507.6003558583465
,2014-01-09 13:00,446.31397502913967
,2014-01-09 14:00,326.3785300399406
,2014-01-09 15:00,162.53447053061146
,2014-01-09 16:00,0.0
,2014-01-09 17:00,0.0
,2014-01-09 18:00,0.0
,2014-01-09 19:00,0.0
,2014-01-09 20:00,0.0
,2014-01-09 21:00,0.0
,2014-01-09 22:00,0.0
,2014-01-09 23:00,0.0
,2014-01-10 00:00,0.0
,2014-01-10 01:00,0.0
,2014-01-10 02:00,0.0
,2014-01-10 03:00,0.0
,2014-01-10 04:00,0.0
,2014-01-10 05:00,0.0
,2014-01-10 06:00,0.0
,2014-01-10 07:00,0.0
,2014-01-10 08:00,149.70628161558005
,2014-01-10 09:00,313.8563721095569
,2014-01-10 10:00,437.9772034506182
,2014-01-10 11:00,506.09680801167787
,2014-01-10 12:00,510.20360665539573
,2014-01-10 13:00,448.70576204810607
,2014-01-10 14:00,329.0102519191239
,2014-01-10 15:00,164.6438043940874
,2014-01-10 16:00,0.0
,2014-01-10 17:00,0.0
,2014-01-10 18:00,0.0
,2014-01-10 19:00,0.0
,2014-01-10 20:00,0.0
,2014-01-10 21:00,0.0
,2014-01-10 22:00,0.0
,2014-01-10 23:00,0.0
,2014-01-11 00:00,0.0
,2014-01-11 01:00,0.0
,2014-01-11 02:00,0.0
,2014-01-11 03:00,0.0
,2014-01-11 04:00,0.0
,2014-01-11 05:00,0.0
,2014-01-11 06:00,0.0
,2014-01-11 07:00,10.737930551950546
,2014-01-11 08:00,152.14754494508813
,2014-01-11 09:00,317.2003020709143
,2014-01-11 10:00,442.90194357487144
,2014-01-11 11:00,511.2789543416663
,2014-01-11 12:00,514.6107748280926
,2014-01-11 13:00,452.98264024568687
,2014-01-11 14:00,332.3392870314331
,2014-01-11 15:00,167.36707749914487
,2014-01-11 16:00,0.0
,2014-01-11 17:00,0.0
,2014-01-11 18:00,0.0
,2014-01-11 19:00,0.0
,2014-01-11 20:00,0.0
,2014-01-11 21:00,0.0
,2014-01-11 22:00,0.0
,2014-01-11 23:00,0.0
,2014-01-12 00:00,0.0
,2014-01-12 01:00,0.0
,2014-01-12 02:00,0.0
,2014-01-12 03:00,0.0
,2014-01-12 04:00,0.0
,2014-01-12 05:00,0.0
,2014-01-12 06:00,0.0
,2014-01-12 07:00,10.913690514178692
,2014-01-12 08:00,153.97390104574694
,2014-01-12 09:00,319.2991502140442
,2014-01-12 10:00,444.0374000832236
,2014-01-12 11:00,512.7682177227061
,2014-01-12 12:00,517.0778785775232
,2014-01-12 13:00,455.9064188575258
,2014-01-12 14:00,335.2670582463668
,2014-01-12 15:00,169.90740063819928
,2014-01-12 16:00,0.0
,2014-01-12 17:00,0.0
,2014-01-12 18:00,0.0
,2014-01-12 19:00,0.0
,2014-01-12 20:00,0.0
,2014-01-12 21:00,0.0
,2014-01-12 22:00,0.0
,2014-01-12 23:00,0.0
,2014-01-13 00:00,0.0
,2014-01-13 01:00,0.0
,2014-01-13 02:00,0.0
,2014-01-13 03:00,0.0
,2014-01-13 04:00,0.0
,2014-01-13 05:00,0.0
,2014-01-13 06:00,0.0
,2014-01-13 07:00,11.288004393052082
,2014-01-13 08:00,156.38447291210917
,2014-01-13 09:00,322.05100540311
,2014-01-13 10:00,447.674264771347
,2014-01-13 11:00,515.9443647108877
,2014-01-13 12:00,519.8614005428407
,2014-01-13 13:00,458.8907512770321
,2014-01-13 14:00,337.7756072634812
,2014-01-13 15:00,172.01518706120348
,2014-01-13 16:00,0.0
,2014-01-13 17:00,0.0
,2014-01-13 18:00,0.0
,2014-01-13 19:00,0.0
,2014-01-13 20:00,0.0
,2014-01-13 21:00,0.0
,2014-01-13 22:00,0.0
,2014-01-13 23:00,0.0
,2014-01-14 00:00,0.0
,2014-01-14 01:00,0.0
,2014-01-14 02:00,0.0
,2014-01-14 03:00,0.0
,2014-01-14 04:00,0.0
,2014-01-14 05:00,0.0
,2014-01-14 06:00,0.0
,2014-01-14 07:00,11.817492070827068
,2014-01-14 08:00,159.00689311634792
,2014-01-14 09:00,325.0535685096291
,2014-01-14 10:00,450.59050905825944
,2014-01-14 11:00,519.5810458150075
,2014-01-14 12:00,523.5456882995827
,2014-01-14 13:00,462.00706471028406
,2014-01-14 14:00,340.79262519994455
,2014-01-14 15:00,174.80611550919488
,2014-01-14 16:00,0.0
,2014-01-14 17:00,0.0
,2014-01-14 18:00,0.0
,2014-01-14 19:00,0.0
,2014-01-14 20:00,0.0
,2014-01-14 21:00,0.0
,2014-01-14 22:00,0.0
,2014-01-14 23:00,0.0
,2014-01-15 00:00,0.0
,2014-01-15 01:00,0.0
,2014-01-15 02:00,0.0
,2014-01-15 03:00,0.0
,2014-01-15 04:00,0.0
,2014-01-15 05:00,0.0
,2014-01-15 06:00,0.0
,2014-01-15 07:00,12.43926676700253
,2014-01-15 08:00,161.34528604795486
,2014-01-15 09:00,327.55930531680923
,2014-01-15 10:00,453.44172436170743
,2014-01-15 11:00,522.2973496993853
,2014-01-15 12:00,526.2284087066005
,2014-01-15 13:00,465.0936753483607
,2014-01-15 14:00,344.30216766512575
,2014-01-15 15:00,177.89619011061006
,2014-01-15 16:00,0.0
,2014-01-15 17:00,0.0
,2014-01-15 18:00,0.0
,2014-01-15 19:00,0.0
,2014-01-15 20:00,0.0
,2014-01-15 21:00,0.0
,2014-01-15 22:00,0.0
,2014-01-15 23:00,0.0
,2014-01-16 00:00,0.0
,2014-01-16 01:00,0.0
,2014-01-16 02:00,0.0
,2014-01-16 03:00,0.0
,2014-01-16 04:00,0.0
,2014-01-16 05:00,0.0
,2014-01-16 06:00,0.0
,2014-01-16 07:00,13.231272814646436
,2014-01-16 08:00,164.1929792800339
,2014-01-16 09:00,330.4026466297281
,2014-01-16 10:00,456.3154730201777
,2014-01-16 11:00,525.5196739631626
,2014-01-16 12:00,529.4650516306405
,2014-01-16 13:00,467.82082494947383
,2014-01-16 14:00,346.30313204799154
,2014-01-16 15:00,179.99023265724895
,2014-01-16 16:00,0.0
,2014-01-16 17:00,0.0
,2014-01-16 18:00,0.0
,2014-01-16 19:00,0.0
,2014-01-16 20:00,0.0
,2014-01-16 21:00,0.0
,2014-01-16 22:00,0.0
,2014-01-16 23:00,0.0
,2014-01-17 00:00,0.0
,2014-01-17 01:00,0.0
,2014-01-17 02:00,0.0
,2014-01-17 03:00,0.0
,2014-01-17 04:00,0.0
,2014-01-17 05:00,0.0
,2014-01-17 06:00,0.0
,2014-01-17 07:00,14.122400103178961
,2014-01-17 08:00,166.88452739197
,2014-01-17 09:00,333.95841645179803
,2014-01-17 10:00,460.6528421820149
,2014-01-17 11:00,529.5443529379688
,2014-01-17 12:00,533.2321052828426
,2014-01-17 13:00,470.9490723454793
,2014-01-17 14:00,349.51968408038164
,2014-01-17 15:00,182.8383053105716
,2014-01-17 16:00,0.0
,2014-01-17 17:00,0.0
,2014-01-17 18:00,0.0
,2014-01-17 19:00,0.0
,2014-01-17 20:00,0.0
,2014-01-17 21:00,0.0
,2014-01-17 22:00,0.0
,2014-01-17 23:00,0.0
,2014-01-18 00:00,0.0
,2014-01-18 01:00,0.0
,2014-01-18 02:00,0.0
,2014-01-18 03:00,0.0
,2014-01-18 04:00,0.0
,2014-01-18 05:00,0.0
,2014-01-18 06:00,0.0
,2014-01-18 07:00,15.064535398356416
,2014-01-18 08:00,169.4399413105503
,2014-01-18 09:00,336.98909289460573
,2014-01-18 10:00,464.229117854765
,2014-01-18 11:00,533.3943298037431
,2014-01-18 12:00,537.3638575328517
,2014-01-18 13:00,475.21846585673654
,2014-01-18 14:00,353.07356573203197
,2014-01-18 15:00,185.7444836946613
,2014-01-18 16:00,20.122113496854922
,2014-01-18 17:00,0.0
,2014-01-18 18:00,0.0
,2014-01-18 19:00,0.0
,2014-01-18 20:00,0.0
,2014-01-18 21:00,0.0
,2014-01-18 22:00,0.0
,2014-01-18 23:00,0.0
,2014-01-19 00:00,0.0
,2014-01-19 01:00,0.0
,2014-01-19 02:00,0.0
,2014-01-19 03:00,0.0
,2014-01-19 04:00,0.0
,2014-01-19 05:00,0.0
,2014-01-19 06:00,0.0
,2014-01-19 07:00,16.154507232315183
,2014-01-19 08:00,171.8401418046676
,2014-01-19 09:00,339.5889747005263
,2014-01-19 10:00,467.43847340491607
,2014-01-19 11:00,537.1947274660854
,2014-01-19 12:00,541.1274245911565
,2014-01-19 13:00,479.0335886888476
,2014-01-19 14:00,356.81632282616596
,2014-01-19 15:00,189.08826011114925
,2014-01-19 16:00,21.507322867684017
,2014-01-19 17:00,0.0
,2014-01-19 18:00,0.0
,2014-01-19 19:00,0.0
,2014-01-19 20:00,0.0
,2014-01-19 21:00,0.0
,2014-01-19 22:00,0.0
,2014-01-19 23:00,0.0
,2014-01-20 00:00,0.0
,2014-01-20 01:00,0.0
,2014-01-20 02:00,0.0
,2014-01-20 03:00,0.0
,2014-01-20 04:00,0.0
,2014-01-20 05:00,0.0
,2014-01-20 06:00,0.0
,2014-01-20 07:00,17.39993836733665
,2014-01-20 08:00,175.05382551645246
,2014-01-20 09:00,343.520869694537
,2014-01-20 10:00,470.42477182893305
,2014-01-20 11:00,540.7737196601103
,2014-01-20 12:00,545.0792736628714
,2014-01-20 13:00,482.06483515862493
,2014-01-20 14:00,360.616010533026
,2014-01-20 15:00,192.48531427210563
,2014-01-20 16:00,23.000518930983237
,2014-01-20 17:00,0.0
,2014-01-20 18:00,0.0
,2014-01-20 19:00,0.0
,2014-01-20 20:00,0.0
,2014-01-20 21:00,0.0
,2014-01-20 22:00,0.0
,2014-01-20 23:00,0.0
,2014-01-21 00:00,0.0
,2014-01-21 01:00,0.0
,2014-01-21 02:00,0.0
,2014-01-21 03:00,0.0
,2014-01-21 04:00,0.0
,2014-01-21 05:00,0.0
,2014-01-21 06:00,0.0
,2014-01-21 07:00,18.797872327992756
,2014-01-21 08:00,178.7876882386757
,2014-01-21 09:00,348.0387365217141
,2014-01-21 10:00,475.84467703294536
,2014-01-21 11:00,545.6275803907952
,2014-01-21 12:00,549.859078431384
,2014-01-21 13:00,487.1864325238006
,2014-01-21 14:00,364.4619790724683
,2014-01-21 15:00,195.67615044465353
,2014-01-21 16:00,24.67655740717831
,2014-01-21 17:00,0.0
,2014-01-21 18:00,0.0
,2014-01-21 19:00,0.0
,2014-01-21 20:00,0.0
,2014-01-21 21:00,0.0
,2014-01-21 22:00,0.0
,2014-01-21 23:00,0.0
,2014-01-22 00:00,0.0
,2014-01-22 01:00,0.0
,2014-01-22 02:00,0.0
,2014-01-22 03:00,0.0
,2014-01-22 04:00,0.0
,2014-01-22 05:00,0.0
,2014-01-22 06:00,0.0
,2014-01-22 07:00,20.19955563618353
,2014-01-22 08:00,181.5553303673215
,2014-01-22 09:00,350.81677030592266
,2014-01-22 10:00,477.81599731755085
,2014-01-22 11:00,547.2348371717943
,2014-01-22 12:00,552.0135459009293
,2014-01-22 13:00,489.8841451128881
,2014-01-22 14:00,366.866866433557
,2014-01-22 15:00,198.45157990537803
,2014-01-22 16:00,26.38036899924761
,2014-01-22 17:00,0.0
,2014-01-22 18:00,0.0
,2014-01-22 19:00,0.0
,2014-01-22 20:00,0.0
,2014-01-22 21:00,0.0
,2014-01-22 22:00,0.0
,2014-01-22 23:00,0.0
,2014-01-23 00:00,0.0
,2014-01-23 01:00,0.0
,2014-01-23 02:00,0.0
,2014-01-23 03:00,0.0
,2014-01-23 04:00,0.0
,2014-01-23 05:00,0.0
,2014-01-23 06:00,0.0
,2014-01-23 07:00,21.77441184579205
,2014-01-23 08:00,185.05135451979254
,2014-01-23 09:00,355.0992479493594
,2014-01-23 10:00,482.60006670251346
,2014-01-23 11:00,553.0714678204622
,2014-01-23 12:00,556.6432939188056
,2014-01-23 13:00,493.87411076388486
,2014-01-23 14:00,371.1412008068435
,2014-01-23 15:00,202.32328796428823
,2014-01-23 16:00,28.28587875373359
,2014-01-23 17:00,0.0
,2014-01-23 18:00,0.0
,2014-01-23 19:00,0.0
,2014-01-23 20:00,0.0
,2014-01-23 21:00,0.0
,2014-01-23 22:00,0.0
,2014-01-23 23:00,0.0
,2014-01-24 00:00,0.0
,2014-01-24 01:00,0.0
,2014-01-24 02:00,0.0
,2014-01-24 03:00,0.0
,2014-01-24 04:00,0.0
,2014-01-24 05:00,0.0
,2014-01-24 06:00,0.0
,2014-01-24 07:00,23.37954024741164
,2014-01-24 08:00,188.1738231113387
,2014-01-24 09:00,358.80405204685786
,2014-01-24 10:00,487.2181916543069
,2014-01-24 11:00,557.5784183608412
,2014-01-24 12:00,561.7541040246246
,2014-01-24 13:00,499.6176233554887
,2014-01-24 14:00,375.98020773622846
,2014-01-24 15:00,206.13623540772565
,2014-01-24 16:00,30.35054540643959
,2014-01-24 17:00,0.0
,2014-01-24 18:00,0.0
,2014-01-24 19:00,0.0
,2014-01-24 20:00,0.0
,2014-01-24 21:00,0.0
,2014-01-24 22:00,0.0
,2014-01-24 23:00,0.0
,2014-01-25 00:00,0.0
,2014-01-25 01:00,0.0
,2014-01-25 02:00,0.0
,2014-01-25 03:00,0.0
,2014-01-25 04:00,0.0
,2014-01-25 05:00,0.0
,2014-01-25 06:00,0.0
,2014-01-25 07:00,25.29326838677828
,2014-01-25 08:00,192.55565836454545
,2014-01-25 09:00,364.1954346739685
,2014-01-25 10:00,493.67589268296473
,2014-01-25 11:00,564.6876038329152
,2014-01-25 12:00,569.38046472608
,2014-01-25 13:00,506.06065970080107
,2014-01-25 14:00,381.9974962091215
,2014-01-25 15:00,210.6774395524929
,2014-01-25 16:00,32.61205088014873
,2014-01-25 17:00,0.0
,2014-01-25 18:00,0.0
,2014-01-25 19:00,0.0
,2014-01-25 20:00,0.0
,2014-01-25 21:00,0.0
,2014-01-25 22:00,0.0
,2014-01-25 23:00,0.0
,2014-01-26 00:00,0.0
,2014-01-26 01:00,0.0
,2014-01-26 02:00,0.0
,2014-01-26 03:00,0.0
,2014-01-26 04:00,0.0
,2014-01-26 05:00,0.0
,2014-01-26 06:00,0.0
,2014-01-26 07:00,27.209483399521943
,2014-01-26 08:00,196.16899803931992
,2014-01-26 09:00,368.092165672896
,2014-01-26 10:00,497.5474592719267
,2014-01-26 11:00,567.9377020790499
,2014-01-26 12:00,571.9496664954971
,2014-01-26 13:00,508.86406459480907
,2014-01-26 14:00,385.0123669423206
,2014-01-26 15:00,214.31665154152353
,2014-01-26 16:00,34.9574012491837
,2014-01-26 17:00,0.0
,2014-01-26 18:00,0.0
,2014-01-26 19:00,0.0
,2014-01-26 20:00,0.0
,2014-01-26 21:00,0.0
,2014-01-26 22:00,0.0
,2014-01-26 23:00,0.0
,2014-01-27 00:00,0.0
,2014-01-27 01:00,0.0
,2014-01-27 02:00,0.0
,2014-01-27 03:00,0.0
,2014-01-27 04:00,0.0
,2014-01-27 05:00,0.0
,2014-01-27 06:00,0.0
,2014-01-27 07:00,29.144759311131732
,2014-01-27 08:00,199.44961316862302
,2014-01-27 09:00,371.2816807374574
,2014-01-27 10:00,500.70622827173463
,2014-01-27 11:00,570.8090319998348
,2014-01-27 12:00,574.6851033828359
,2014-01-27 13:00,511.95020097422446
,2014-01-27 14:00,387.95681967773066
,2014-01-27 15:00,217.0703305158207
,2014-01-27 16:00,37.064718399989744
,2014-01-27 17:00,0.0
,2014-01-27 18:00,0.0
,2014-01-27 19:00,0.0
,2014-01-27 20:00,0.0
,2014-01-27 21:00,0.0
,2014-01-27 22:00,0.0
,2014-01-27 23:00,0.0
,2014-01-28 00:00,0.0
,2014-01-28 01:00,0.0
,2014-01-28 02:00,0.0
,2014-01-28 03:00,0.0
,2014-01-28 04:00,0.0
,2014-01-28 05:00,0.0
,2014-01-28 06:00,0.0
,2014-01-28 07:00,31.232416947360417
,2014-01-28 08:00,203.1231023006286
,2014-01-28 09:00,375.7788940366313
,2014-01-28 10:00,505.6646716583601
,2014-01-28 11:00,576.0382274153645
,2014-01-28 12:00,579.6224099644095
,2014-01-28 13:00,515.3330891087269
,2014-01-28 14:00,391.4389267867473
,2014-01-28 15:00,220.38722355837575
,2014-01-28 16:00,39.4448575928099
,2014-01-28 17:00,0.0
,2014-01-28 18:00,0.0
,2014-01-28 19:00,0.0
,2014-01-28 20:00,0.0
,2014-01-28 21:00,0.0
,2014-01-28 22:00,0.0
,2014-01-28 23:00,0.0
,2014-01-29 00:00,0.0
,2014-01-29 01:00,0.0
,2014-01-29 02:00,0.0
,2014-01-29 03:00,0.0
,2014-01-29 04:00,0.0
,2014-01-29 05:00,0.0
,2014-01-29 06:00,0.0
,2014-01-29 07:00,33.37616499784156
,2014-01-29 08:00,206.67263818927987
,2014-01-29 09:00,379.75643703282987
,2014-01-29 10:00,509.36333931394955
,2014-01-29 11:00,580.2674209137613
,2014-01-29 12:00,583.4144864553566
,2014-01-29 13:00,519.683561163652
,2014-01-29 14:00,395.4712750406459
,2014-01-29 15:00,224.46149130590214
,2014-01-29 16:00,42.04151669210105
,2014-01-29 17:00,0.0
,2014-01-29 18:00,0.0
,2014-01-29 19:00,0.0
,2014-01-29 20:00,0.0
,2014-01-29 21:00,0.0
,2014-01-29 22:00,0.0
,2014-01-29 23:00,0.0
,2014-01-30 00:00,0.0
,2014-01-30 01:00,0.0
,2014-01-30 02:00,0.0
,2014-01-30 03:00,0.0
,2014-01-30 04:00,0.0
,2014-01-30 05:00,0.0
,2014-01-30 06:00,0.0
,2014-01-30 07:00,35.54429765379246
,2014-01-30 08:00,210.01132183556325
,2014-01-30 09:00,383.4153934466839
,2014-01-30 10:00,513.2752231501569
,2014-01-30 11:00,584.0588544405703
,2014-01-30 12:00,588.0547983740182
,2014-01-30 13:00,525.0378795253424
,2014-01-30 14:00,400.6868976325933
,2014-01-30 15:00,228.51200327781794
,2014-01-30 16:00,44.694650903477715
,2014-01-30 17:00,0.0
,2014-01-30 18:00,0.0
,2014-01-30 19:00,0.0
,2014-01-30 20:00,0.0
,2014-01-30 21:00,0.0
,2014-01-30 22:00,0.0
,2014-01-30 23:00,0.0
,2014-01-31 00:00,0.0
,2014-01-31 01:00,0.0
,2014-01-31 02:00,0.0
,2014-01-31 03:00,0.0
,2014-01-31 04:00,0.0
,2014-01-31 05:00,0.0
,2014-01-31 06:00,0.0
,2014-01-31 07:00,37.75051388528988
,2014-01-31 08:00,212.97302202753755
,2014-01-31 09:00,386.32120233087664
,2014-01-31 10:00,516.5916458564859
,2014-01-31 11:00,587.5099063038098
,2014-01-31 12:00,591.7906375082101
,2014-01-31 13:00,528.8117067309383
,2014-01-31 14:00,404.35982840764467
,2014-01-31 15:00,232.2344644930591
,2014-01-31 16:00,47.38334946357189
,2014-01-31 17:00,0.0
,2014-01-31 18:00,0.0
,2014-01-31 19:00,0.0
,2014-01-31 20:00,0.0
,2014-01-31 21:00,0.0
,2014-01-31 22:00,0.0
,2014-01-31 23:00,0.0
,2014-02-01 00:00,0.0
,2014-02-01 01:00,0.0
,2014-02-01 02:00,0.0
,2014-02-01 03:00,0.0
,2014-02-01 04:00,0.0
,2014-02-01 05:00,0.0
,2014-02-01 06:00,0.0
,2014-02-01 07:00,40.40018520323173
,2014-02-01 08:00,217.92385562446208
,2014-02-01 09:00,392.5562759497951
,2014-02-01 10:00,523.7000274553063
,2014-02-01 11:00,595.1742294410176
,2014-02-01 12:00,599.5259276599398
,2014-02-01 13:00,536.2348134799339
,2014-02-01 14:00,410.9223372721459
,2014-02-01 15:00,237.35609883133745
,2014-02-01 16:00,50.468259072175904
,2014-02-01 17:00,0.0
,2014-02-01 18:00,0.0
,2014-02-01 19:00,0.0
,2014-02-01 20:00,0.0
,2014-02-01 21:00,0.0
,2014-02-01 22:00,0.0
,2014-02-01 23:00,0.0
,2014-02-02 00:00,0.0
,2014-02-02 01:00,0.0
,2014-02-02 02:00,0.0
,2014-02-02 03:00,0.0
,2014-02-02 04:00,0.0
,2014-02-02 05:00,0.0
,2014-02-02 06:00,0.0
,2014-02-02 07:00,43.10137494142768
,2014-02-02 08:00,222.5375173062382
,2014-02-02 09:00,398.172834722222
,2014-02-02 10:00,529.8927421336937
,2014-02-02 11:00,601.5535427547013
,2014-02-02 12:00,605.7445807693944
,2014-02-02 13:00,542.0650778981479
,2014-02-02 14:00,416.3546755921536
,2014-02-02 15:00,242.25697617816192
,2014-02-02 16:00,53.62854410904975
,2014-02-02 17:00,0.0
,2014-02-02 18:00,0.0
,2014-02-02 19:00,0.0
,2014-02-02 20:00,0.0
,2014-02-02 21:00,0.0
,2014-02-02 22:00,0.0
,2014-02-02 23:00,0.0
,2014-02-03 00:00,0.0
,2014-02-03 01:00,0.0
,2014-02-03 02:00,0.0
,2014-02-03 03:00,0.0
,2014-02-03 04:00,0.0
,2014-02-03 05:00,0.0
,2014-02-03 06:00,0.0
,2014-02-03 07:00,45.82872514022548
,2014-02-03 08:00,226.79074691460642
,2014-02-03 09:00,402.9030906588549
,2014-02-03 10:00,535.0089003788054
,2014-02-03 11:00,606.8355479375192
,2014-02-03 12:00,611.2459612320266
,2014-02-03 13:00,547.4562812221775
,2014-02-03 14:00,421.42520109031364
,2014-02-03 15:00,246.73388500694088
,2014-02-03 16:00,56.79240908685661
,2014-02-03 17:00,0.0
,2014-02-03 18:00,0.0
,2014-02-03 19:00,0.0
,2014-02-03 20:00,0.0
,2014-02-03 21:00,0.0
,2014-02-03 22:00,0.0
,2014-02-03 23:00,0.0
,2014-02-04 00:00,0.0
,2014-02-04 01:00,0.0
,2014-02-04 02:00,0.0
,2014-02-04 03:00,0.0
,2014-02-04 04:00,0.0
,2014-02-04 05:00,0.0
,2014-02-04 06:00,0.0
,2014-02-04 07:00,48.668235988410046
,2014-02-04 08:00,231.36255285136642
,2014-02-04 09:00,408.29590866708304
,2014-02-04 10:00,540.5918836594715
,2014-02-04 11:00,612.07608125373
,2014-02-04 12:00,615.9155598608849
,2014-02-04 13:00,552.2216061282846
,2014-02-04 14:00,426.0694402051953
,2014-02-04 15:00,251.10339722562452
,2014-02-04 16:00,59.95712485593274
,2014-02-04 17:00,0.0
,2014-02-04 18:00,0.0
,2014-02-04 19:00,0.0
,2014-02-04 20:00,0.0
,2014-02-04 21:00,0.0
,2014-02-04 22:00,0.0
,2014-02-04 23:00,0.0
,2014-02-05 00:00,0.0
,2014-02-05 01:00,0.0
,2014-02-05 02:00,0.0
,2014-02-05 03:00,0.0
,2014-02-05 04:00,0.0
,2014-02-05 05:00,0.0
,2014-02-05 06:00,0.0
,2014-02-05 07:00,51.526703167526065
,2014-02-05 08:00,235.35287062103916
,2014-02-05 09:00,412.1108966074963
,2014-02-05 10:00,543.7483600537591
,2014-02-05 11:00,615.854493435801
,2014-02-05 12:00,620.0683292342236
,2014-02-05 13:00,555.7185639545339
,2014-02-05 14:00,429.64060075192225
,2014-02-05 15:00,254.3966785825394
,2014-02-05 16:00,63.07436256896126
,2014-02-05 17:00,0.0
,2014-02-05 18:00,0.0
,2014-02-05 19:00,0.0
,2014-02-05 20:00,0.0
,2014-02-05 21:00,0.0
,2014-02-05 22:00,0.0
,2014-02-05 23:00,0.0
,2014-02-06 00:00,0.0
,2014-02-06 01:00,0.0
,2014-02-06 02:00,0.0
,2014-02-06 03:00,0.0
,2014-02-06 04:00,0.0
,2014-02-06 05:00,0.0
,2014-02-06 06:00,0.0
,2014-02-06 07:00,54.43077840465772
,2014-02-06 08:00,239.94712524858886
,2014-02-06 09:00,417.1963490678624
,2014-02-06 10:00,549.1613434108282
,2014-02-06 11:00,619.624955882537
,2014-02-06 12:00,625.0387564189066
,2014-02-06 13:00,559.9463052039005
,2014-02-06 14:00,434.00106279722576
,2014-02-06 15:00,259.3689312300032
,2014-02-06 16:00,66.49446254774179
,2014-02-06 17:00,0.0
,2014-02-06 18:00,0.0
,2014-02-06 19:00,0.0
,2014-02-06 20:00,0.0
,2014-02-06 21:00,0.0
,2014-02-06 22:00,0.0
,2014-02-06 23:00,0.0
,2014-02-07 00:00,0.0
,2014-02-07 01:00,0.0
,2014-02-07 02:00,0.0
,2014-02-07 03:00,0.0
,2014-02-07 04:00,0.0
,2014-02-07 05:00,0.0
,2014-02-07 06:00,0.0
,2014-02-07 07:00,57.55510987798831
,2014-02-07 08:00,243.97766586533314
,2014-02-07 09:00,421.24486344193474
,2014-02-07 10:00,553.7824693792703
,2014-02-07 11:00,625.8412766751528
,2014-02-07 12:00,629.9514519901463
,2014-02-07 13:00,565.6678867670122
,2014-02-07 14:00,438.96619783491184
,2014-02-07 15:00,263.52807784628476
,2014-02-07 16:00,69.82477884070991
,2014-02-07 17:00,0.0
,2014-02-07 18:00,0.0
,2014-02-07 19:00,0.0
,2014-02-07 20:00,0.0
,2014-02-07 21:00,0.0
,2014-02-07 22:00,0.0
,2014-02-07 23:00,0.0
,2014-02-08 00:00,0.0
,2014-02-08 01:00,0.0
,2014-02-08 02:00,0.0
,2014-02-08 03:00,0.0
,2014-02-08 04:00,0.0
,2014-02-08 05:00,0.0
,2014-02-08 06:00,0.0
,2014-02-08 07:00,60.39568120000585
,2014-02-08 08:00,247.83296211510012
,2014-02-08 09:00,426.08527873002873
,2014-02-08 10:00,559.0952347145183
,2014-02-08 11:00,631.4364601416037
,2014-02-08 12:00,635.8491935125526
,2014-02-08 13:00,571.0368281270912
,2014-02-08 14:00,443.08723925192214
,2014-02-08 15:00,267.460761640562
,2014-02-08 16:00,73.19470702497698
,2014-02-08 17:00,0.0
,2014-02-08 18:00,0.0
,2014-02-08 19:00,0.0
,2014-02-08 20:00,0.0
,2014-02-08 21:00,0.0
,2014-02-08 22:00,0.0
,2014-02-08 23:00,0.0
,2014-02-09 00:00,0.0
,2014-02-09 01:00,0.0
,2014-02-09 02:00,0.0
,2014-02-09 03:00,0.0
,2014-02-09 04:00,0.0
,2014-02-09 05:00,0.0
,2014-02-09 06:00,0.0
,2014-02-09 07:00,63.6798227688586
,2014-02-09 08:00,252.4975570093099
,2014-02-09 09:00,431.2085646249825
,2014-02-09 10:00,564.351109407802
,2014-02-09 11:00,637.2841151167663
,2014-02-09 12:00,640.7958690737083
,2014-02-09 13:00,576.3863221806789
,2014-02-09 14:00,449.8536120481075
,2014-02-09 15:00,272.7277801043745
,2014-02-09 16:00,76.9766096004293
,2014-02-09 17:00,0.0
,2014-02-09 18:00,0.0
,2014-02-09 19:00,0.0
,2014-02-09 20:00,0.0
,2014-02-09 21:00,0.0
,2014-02-09 22:00,0.0
,2014-02-09 23:00,0.0
,2014-02-10 00:00,0.0
,2014-02-10 01:00,0.0
,2014-02-10 02:00,0.0
,2014-02-10 03:00,0.0
,2014-02-10 04:00,0.0
,2014-02-10 05:00,0.0
,2014-02-10 06:00,0.0
,2014-02-10 07:00,67.10456313426762
,2014-02-10 08:00,257.2485444179935
,2014-02-10 09:00,436.21439253444476
,2014-02-10 10:00,570.4614194612681
,2014-02-10 11:00,643.5641291087595
,2014-02-10 12:00,647.5262690070224
,2014-02-10 13:00,582.1642251053889
,2014-02-10 14:00,454.4615720415793
,2014-02-10 15:00,277.24275964348624
,2014-02-10 16:00,80.55350202031492
,2014-02-10 17:00,0.0
,2014-02-10 18:00,0.0
,2014-02-10 19:00,0.0
,2014-02-10 20:00,0.0
,2014-02-10 21:00,0.0
,2014-02-10 22:00,0.0
,2014-02-10 23:00,0.0
,2014-02-11 00:00,0.0
,2014-02-11 01:00,0.0
,2014-02-11 02:00,0.0
,2014-02-11 03:00,0.0
,2014-02-11 04:00,0.0
,2014-02-11 05:00,0.0
,2014-02-11 06:00,0.0
,2014-02-11 07:00,70.24484609174645
,2014-02-11 08:00,261.59759214353545
,2014-02-11 09:00,441.3676493779768
,2014-02-11 10:00,575.151426047978
,2014-02-11 11:00,647.8812290026707
,2014-02-11 12:00,652.0483201477043
,2014-02-11 13:00,587.1024635529026
,2014-02-11 14:00,459.29017680487436
,2014-02-11 15:00,282.19932870362936
,2014-02-11 16:00,84.30847310223531
,2014-02-11 17:00,0.0
,2014-02-11 18:00,0.0
,2014-02-11 19:00,0.0
,2014-02-11 20:00,0.0
,2014-02-11 21:00,0.0
,2014-02-11 22:00,0.0
,2014-02-11 23:00,0.0
,2014-02-12 00:00,0.0
,2014-02-12 01:00,0.0
,2014-02-12 02:00,0.0
,2014-02-12 03:00,0.0
,2014-02-12 04:00,0.0
,2014-02-12 05:00,0.0
,2014-02-12 06:00,0.0
,2014-02-12 07:00,73.71900373532563
,2014-02-12 08:00,266.34744508029064
,2014-02-12 09:00,446.5711639999143
,2014-02-12 10:00,580.626844941513
,2014-02-12 11:00,653.4280535434442
,2014-02-12 12:00,657.530765587732
,2014-02-12 13:00,592.9333781785673
,2014-02-12 14:00,465.16428458779944
,2014-02-12 15:00,287.0530508428655
,2014-02-12 16:00,88.16970265873039
,2014-02-12 17:00,0.0
,2014-02-12 18:00,0.0
,2014-02-12 19:00,0.0
,2014-02-12 20:00,0.0
,2014-02-12 21:00,0.0
,2014-02-12 22:00,0.0
,2014-02-12 23:00,0.0
,2014-02-13 00:00,0.0
,2014-02-13 01:00,0.0
,2014-02-13 02:00,0.0
,2014-02-13 03:00,0.0
,2014-02-13 04:00,0.0
,2014-02-13 05:00,0.0
,2014-02-13 06:00,0.0
,2014-02-13 07:00,77.52020737945575
,2014-02-13 08:00,271.5063541394654
,2014-02-13 09:00,451.3851579225652
,2014-02-13 10:00,586.0365708293716
,2014-02-13 11:00,658.3832159682349
,2014-02-13 12:00,662.731284202708
,2014-02-13 13:00,597.9421432660502
,2014-02-13 14:00,469.4662076060619
,2014-02-13 15:00,291.56511503974053
,2014-02-13 16:00,91.99570499050249
,2014-02-13 17:00,0.0
,2014-02-13 18:00,0.0
,2014-02-13 19:00,0.0
,2014-02-13 20:00,0.0
,2014-02-13 21:00,0.0
,2014-02-13 22:00,0.0
,2014-02-13 23:00,0.0
,2014-02-14 00:00,0.0
,2014-02-14 01:00,0.0
,2014-02-14 02:00,0.0
,2014-02-14 03:00,0.0
,2014-02-14 04:00,0.0
,2014-02-14 05:00,0.0
,2014-02-14 06:00,0.0
,2014-02-14 07:00,80.63083718848495
,2014-02-14 08:00,275.15258048081404
,2014-02-14 09:00,455.5543361837635
,2014-02-14 10:00,590.07565838785
,2014-02-14 11:00,662.2436020088847
,2014-02-14 12:00,665.9440101550312
,2014-02-14 13:00,601.2886189883856
,2014-02-14 14:00,475.103589031435
,2014-02-14 15:00,296.5176312598156
,2014-02-14 16:00,95.94157842658245
,2014-02-14 17:00,0.0
,2014-02-14 18:00,0.0
,2014-02-14 19:00,0.0
,2014-02-14 20:00,0.0
,2014-02-14 21:00,0.0
,2014-02-14 22:00,0.0
,2014-02-14 23:00,0.0
,2014-02-15 00:00,0.0
,2014-02-15 01:00,0.0
,2014-02-15 02:00,0.0
,2014-02-15 03:00,0.0
,2014-02-15 04:00,0.0
,2014-02-15 05:00,0.0
,2014-02-15 06:00,0.0
,2014-02-15 07:00,84.45274358554421
,2014-02-15 08:00,279.8431123967643
,2014-02-15 09:00,460.4640322505312
,2014-02-15 10:00,594.6586434068671
,2014-02-15 11:00,667.7476332495886
,2014-02-15 12:00,671.7680791176066
,2014-02-15 13:00,607.0712665382063
,2014-02-15 14:00,478.76620315503055
,2014-02-15 15:00,300.6262865724037
,2014-02-15 16:00,99.7094682241696
,2014-02-15 17:00,0.0
,2014-02-15 18:00,0.0
,2014-02-15 19:00,0.0
,2014-02-15 20:00,0.0
,2014-02-15 21:00,0.0
,2014-02-15 22:00,0.0
,2014-02-15 23:00,0.0
,2014-02-16 00:00,0.0
,2014-02-16 01:00,0.0
,2014-02-16 02:00,0.0
,2014-02-16 03:00,0.0
,2014-02-16 04:00,0.0
,2014-02-16 05:00,0.0
,2014-02-16 06:00,0.0
,2014-02-16 07:00,88.00328193584012
,2014-02-16 08:00,284.5013340793689
,2014-02-16 09:00,465.6659228796017
,2014-02-16 10:00,599.5385656997177
,2014-02-16 11:00,673.6336360239931
,2014-02-16 12:00,677.9575954578706
,2014-02-16 13:00,612.5873804234946
,2014-02-16 14:00,484.20040708126925
,2014-02-16 15:00,305.1354766083042
,2014-02-16 16:00,103.70649755941896
,2014-02-16 17:00,0.0
,2014-02-16 18:00,0.0
,2014-02-16 19:00,0.0
,2014-02-16 20:00,0.0
,2014-02-16 21:00,0.0
,2014-02-16 22:00,0.0
,2014-02-16 23:00,0.0
,2014-02-17 00:00,0.0
,2014-02-17 01:00,0.0
,2014-02-17 02:00,0.0
,2014-02-17 03:00,0.0
,2014-02-17 04:00,0.0
,2014-02-17 05:00,0.0
,2014-02-17 06:00,0.0
,2014-02-17 07:00,91.77129491251013
,2014-02-17 08:00,289.81251221774284
,2014-02-17 09:00,471.9116133727177
,2014-02-17 10:00,606.9506584939899
,2014-02-17 11:00,679.6200585286165
,2014-02-17 12:00,683.5704944863497
,2014-02-17 13:00,617.8857165797958
,2014-02-17 14:00,489.706087777294
,2014-02-17 15:00,311.02031329069615
,2014-02-17 16:00,107.92621742946623
,2014-02-17 17:00,0.0
,2014-02-17 18:00,0.0
,2014-02-17 19:00,0.0
,2014-02-17 20:00,0.0
,2014-02-17 21:00,0.0
,2014-02-17 22:00,0.0
,2014-02-17 23:00,0.0
,2014-02-18 00:00,0.0
,2014-02-18 01:00,0.0
,2014-02-18 02:00,0.0
,2014-02-18 03:00,0.0
,2014-02-18 04:00,0.0
,2014-02-18 05:00,0.0
,2014-02-18 06:00,0.0
,2014-02-18 07:00,95.69124458997909
,2014-02-18 08:00,294.7311709894162
,2014-02-18 09:00,477.10958935747396
,2014-02-18 10:00,612.6437993224278
,2014-02-18 11:00,685.9686849949555
,2014-02-18 12:00,690.3668590785909
,2014-02-18 13:00,625.080851676912
,2014-02-18 14:00,495.7335890231188
,2014-02-18 15:00,316.4539825201168
,2014-02-18 16:00,112.35952738717151
,2014-02-18 17:00,0.0
,2014-02-18 18:00,0.0
,2014-02-18 19:00,0.0
,2014-02-18 20:00,0.0
,2014-02-18 21:00,0.0
,2014-02-18 22:00,0.0
,2014-02-18 23:00,0.0
,2014-02-19 00:00,0.0
,2014-02-19 01:00,0.0
,2014-02-19 02:00,0.0
,2014-02-19 03:00,0.0
,2014-02-19 04:00,0.0
,2014-02-19 05:00,0.0
,2014-02-19 06:00,0.0
,2014-02-19 07:00,99.58393174766613
,2014-02-19 08:00,299.58171163379484
,2014-02-19 09:00,482.92004117239924
,2014-02-19 10:00,618.8115051006994
,2014-02-19 11:00,691.878012848884
,2014-02-19 12:00,696.0028797285458
,2014-02-19 13:00,630.5877530776615
,2014-02-19 14:00,501.2156867967586
,2014-02-19 15:00,321.07599341012116
,2014-02-19 16:00,116.28265457897842
,2014-02-19 17:00,0.0
,2014-02-19 18:00,0.0
,2014-02-19 19:00,0.0
,2014-02-19 20:00,0.0
,2014-02-19 21:00,0.0
,2014-02-19 22:00,0.0
,2014-02-19 23:00,0.0
,2014-02-20 00:00,0.0
,2014-02-20 01:00,0.0
,2014-02-20 02:00,0.0
,2014-02-20 03:00,0.0
,2014-02-20 04:00,0.0
,2014-02-20 05:00,0.0
,2014-02-20 06:00,0.0
,2014-02-20 07:00,103.12034621574315
,2014-02-20 08:00,303.9373233879146
,2014-02-20 09:00,487.2827330852611
,2014-02-20 10:00,623.0697613797756
,2014-02-20 11:00,696.7499359741332
,2014-02-20 12:00,701.4111989345984
,2014-02-20 13:00,636.3010298786477
,2014-02-20 14:00,506.8128424534207
,2014-02-20 15:00,326.29921404955473
,2014-02-20 16:00,120.69072990767756
,2014-02-20 17:00,0.0
,2014-02-20 18:00,0.0
,2014-02-20 19:00,0.0
,2014-02-20 20:00,0.0
,2014-02-20 21:00,0.0
,2014-02-20 22:00,0.0
,2014-02-20 23:00,0.0
,2014-02-21 00:00,0.0
,2014-02-21 01:00,0.0
,2014-02-21 02:00,0.0
,2014-02-21 03:00,0.0
,2014-02-21 04:00,0.0
,2014-02-21 05:00,0.0
,2014-02-21 06:00,0.0
,2014-02-21 07:00,107.10312387990419
,2014-02-21 08:00,308.86380087114037
,2014-02-21 09:00,493.2835286060541
,2014-02-21 10:00,629.6880379382288
,2014-02-21 11:00,703.5554648329112
,2014-02-21 12:00,708.0673418667784
,2014-02-21 13:00,642.8777178403093
,2014-02-21 14:00,512.5465378453907
,2014-02-21 15:00,331.546488439808
,2014-02-21 16:00,125.14992105377576
,2014-02-21 17:00,0.0
,2014-02-21 18:00,0.0
,2014-02-21 19:00,0.0
,2014-02-21 20:00,0.0
,2014-02-21 21:00,0.0
,2014-02-21 22:00,0.0
,2014-02-21 23:00,0.0
,2014-02-22 00:00,0.0
,2014-02-22 01:00,0.0
,2014-02-22 02:00,0.0
,2014-02-22 03:00,0.0
,2014-02-22 04:00,0.0
,2014-02-22 05:00,0.0
,2014-02-22 06:00,0.0
,2014-02-22 07:00,111.37110699507988
,2014-02-22 08:00,313.6894524158543
,2014-02-22 09:00,497.72989880212293
,2014-02-22 10:00,633.6066710263428
,2014-02-22 11:00,707.494089971816
,2014-02-22 12:00,711.2855271974279
,2014-02-22 13:00,646.140431593596
,2014-02-22 14:00,516.1485861415191
,2014-02-22 15:00,335.3641710854038
,2014-02-22 16:00,128.9161471832763
,2014-02-22 17:00,0.0
,2014-02-22 18:00,0.0
,2014-02-22 19:00,0.0
,2014-02-22 20:00,0.0
,2014-02-22 21:00,0.0
,2014-02-22 22:00,0.0
,2014-02-22 23:00,0.0
,2014-02-23 00:00,0.0
,2014-02-23 01:00,0.0
,2014-02-23 02:00,0.0
,2014-02-23 03:00,0.0
,2014-02-23 04:00,0.0
,2014-02-23 05:00,0.0
,2014-02-23 06:00,0.0
,2014-02-23 07:00,115.52328974111674
,2014-02-23 08:00,319.39650465999125
,2014-02-23 09:00,503.6407046288163
,2014-02-23 10:00,641.3545596360503
,2014-02-23 11:00,715.0907411065341
,2014-02-23 12:00,719.6666765592563
,2014-02-23 13:00,653.6928293744771
,2014-02-23 14:00,524.3918539078361
,2014-02-23 15:00,342.75885064537647
,2014-02-23 16:00,134.16725892795435
,2014-02-23 17:00,0.0
,2014-02-23 18:00,0.0
,2014-02-23 19:00,0.0
,2014-02-23 20:00,0.0
,2014-02-23 21:00,0.0
,2014-02-23 22:00,0.0
,2014-02-23 23:00,0.0
,2014-02-24 00:00,0.0
,2014-02-24 01:00,0.0
,2014-02-24 02:00,0.0
,2014-02-24 03:00,0.0
,2014-02-24 04:00,0.0
,2014-02-24 05:00,0.0
,2014-02-24 06:00,0.0
,2014-02-24 07:00,119.93716047223066
,2014-02-24 08:00,324.71941543455756
,2014-02-24 09:00,510.0484229017699
,2014-02-24 10:00,646.828271008945
,2014-02-24 11:00,720.7570423103356
,2014-02-24 12:00,725.0015702198398
,2014-02-24 13:00,659.355926876074
,2014-02-24 14:00,529.188367333205
,2014-02-24 15:00,346.99081036013837
,2014-02-24 16:00,138.37402360251028
,2014-02-24 17:00,0.0
,2014-02-24 18:00,0.0
,2014-02-24 19:00,0.0
,2014-02-24 20:00,0.0
,2014-02-24 21:00,0.0
,2014-02-24 22:00,0.0
,2014-02-24 23:00,0.0
,2014-02-25 00:00,0.0
,2014-02-25 01:00,0.0
,2014-02-25 02:00,0.0
,2014-02-25 03:00,0.0
,2014-02-25 04:00,0.0
,2014-02-25 05:00,0.0
,2014-02-25 06:00,0.0
,2014-02-25 07:00,123.93526534817583
,2014-02-25 08:00,328.96025255898553
,2014-02-25 09:00,514.48852140832
,2014-02-25 10:00,651.0979184361182
,2014-02-25 11:00,725.9778509029511
,2014-02-25 12:00,730.4625590865776
,2014-02-25 13:00,664.2009526763899
,2014-02-25 14:00,533.7233747675483
,2014-02-25 15:00,351.2667439725092
,2014-02-25 16:00,142.5543047124717
,2014-02-25 17:00,0.0
,2014-02-25 18:00,0.0
,2014-02-25 19:00,0.0
,2014-02-25 20:00,0.0
,2014-02-25 21:00,0.0
,2014-02-25 22:00,0.0
,2014-02-25 23:00,0.0
,2014-02-26 00:00,0.0
,2014-02-26 01:00,0.0
,2014-02-26 02:00,0.0
,2014-02-26 03:00,0.0
,2014-02-26 04:00,0.0
,2014-02-26 05:00,0.0
,2014-02-26 06:00,0.0
,2014-02-26 07:00,127.94871020394311
,2014-02-26 08:00,333.7867069613126
,2014-02-26 09:00,519.3390352967656
,2014-02-26 10:00,656.9316769893178
,2014-02-26 11:00,730.8456645434874
,2014-02-26 12:00,735.3527987650256
,2014-02-26 13:00,669.013794818065
,2014-02-26 14:00,538.2063409049983
,2014-02-26 15:00,356.2403621017316
,2014-02-26 16:00,146.92414251556298
,2014-02-26 17:00,0.0
,2014-02-26 18:00,0.0
,2014-02-26 19:00,0.0
,2014-02-26 20:00,0.0
,2014-02-26 21:00,0.0
,2014-02-26 22:00,0.0
,2014-02-26 23:00,0.0
,2014-02-27 00:00,0.0
,2014-02-27 01:00,0.0
,2014-02-27 02:00,0.0
,2014-02-27 03:00,0.0
,2014-02-27 04:00,0.0
,2014-02-27 05:00,0.0
,2014-02-27 06:00,0.0
,2014-02-27 07:00,131.92806581775565
,2014-02-27 08:00,339.1315040113598
,2014-02-27 09:00,525.1414755095198
,2014-02-27 10:00,662.1644908255237
,2014-02-27 11:00,736.7590912513779
,2014-02-27 12:00,740.654495840139
,2014-02-27 13:00,675.2110081279259
,2014-02-27 14:00,544.5865933905025
,2014-02-27 15:00,362.25909327909045
,2014-02-27 16:00,151.75320827396317
,2014-02-27 17:00,0.0
,2014-02-27 18:00,0.0
,2014-02-27 19:00,0.0
,2014-02-27 20:00,0.0
,2014-02-27 21:00,0.0
,2014-02-27 22:00,0.0
,2014-02-27 23:00,0.0
,2014-02-28 00:00,0.0
,2014-02-28 01:00,0.0
,2014-02-28 02:00,0.0
,2014-02-28 03:00,0.0
,2014-02-28 04:00,0.0
,2014-02-28 05:00,0.0
,2014-02-28 06:00,0.0
,2014-02-28 07:00,136.36554256149745
,2014-02-28 08:00,343.86823692033727
,2014-02-28 09:00,530.0216277542536
,2014-02-28 10:00,667.834166818956
,2014-02-28 11:00,741.5278816555729
,2014-02-28 12:00,746.0160561939573
,2014-02-28 13:00,679.7672478169435
,2014-02-28 14:00,548.9640551919584
,2014-02-28 15:00,366.5716174443719
,2014-02-28 16:00,155.90335150025285
,2014-02-28 17:00,0.0
,2014-02-28 18:00,0.0
,2014-02-28 19:00,0.0
,2014-02-28 20:00,0.0
,2014-02-28 21:00,0.0
,2014-02-28 22:00,0.0
,2014-02-28 23:00,0.0
,2014-03-01 00:00,0.0
,2014-03-01 01:00,0.0
,2014-03-01 02:00,0.0
,2014-03-01 03:00,0.0
,2014-03-01 04:00,0.0
,2014-03-01 05:00,0.0
,2014-03-01 06:00,0.0
,2014-03-01 07:00,141.03020815308057
,2014-03-01 08:00,350.5630673364993
,2014-03-01 09:00,538.1398435933124
,2014-03-01 10:00,676.7332185731643
,2014-03-01 11:00,750.8360443391242
,2014-03-01 12:00,755.166281765102
,2014-03-01 13:00,687.8477264291266
,2014-03-01 14:00,557.7113610043696
,2014-03-01 15:00,374.5677119460903
,2014-03-01 16:00,161.73810976276266
,2014-03-01 17:00,0.0
,2014-03-01 18:00,0.0
,2014-03-01 19:00,0.0
,2014-03-01 20:00,0.0
,2014-03-01 21:00,0.0
,2014-03-01 22:00,0.0
,2014-03-01 23:00,0.0
,2014-03-02 00:00,0.0
,2014-03-02 01:00,0.0
,2014-03-02 02:00,0.0
,2014-03-02 03:00,0.0
,2014-03-02 04:00,0.0
,2014-03-02 05:00,0.0
,2014-03-02 06:00,0.0
,2014-03-02 07:00,145.77564142626193
,2014-03-02 08:00,355.80858638933745
,2014-03-02 09:00,543.0969175824172
,2014-03-02 10:00,682.244254446765
,2014-03-02 11:00,757.1916206680544
,2014-03-02 12:00,760.8681226539213
,2014-03-02 13:00,695.2500714740185
,2014-03-02 14:00,564.4398080522034
,2014-03-02 15:00,379.76853201492514
,2014-03-02 16:00,166.00246504248332
,2014-03-02 17:00,0.0
,2014-03-02 18:00,0.0
,2014-03-02 19:00,0.0
,2014-03-02 20:00,0.0
,2014-03-02 21:00,0.0
,2014-03-02 22:00,0.0
,2014-03-02 23:00,0.0
,2014-03-03 00:00,0.0
,2014-03-03 01:00,0.0
,2014-03-03 02:00,0.0
,2014-03-03 03:00,0.0
,2014-03-03 04:00,0.0
,2014-03-03 05:00,0.0
,2014-03-03 06:00,4.616136698021956
,2014-03-03 07:00,150.02062596736667
,2014-03-03 08:00,360.98690893338045
,2014-03-03 09:00,548.6373453787954
,2014-03-03 10:00,687.8032380304791
,2014-03-03 11:00,762.2830343195704
,2014-03-03 12:00,766.5496658496223
,2014-03-03 13:00,699.6417854906181
,2014-03-03 14:00,567.4676097132468
,2014-03-03 15:00,383.30088006982515
,2014-03-03 16:00,170.22901707916915
,2014-03-03 17:00,0.0
,2014-03-03 18:00,0.0
,2014-03-03 19:00,0.0
,2014-03-03 20:00,0.0
,2014-03-03 21:00,0.0
,2014-03-03 22:00,0.0
,2014-03-03 23:00,0.0
,2014-03-04 00:00,0.0
,2014-03-04 01:00,0.0
,2014-03-04 02:00,0.0
,2014-03-04 03:00,0.0
,2014-03-04 04:00,0.0
,2014-03-04 05:00,0.0
,2014-03-04 06:00,0.0
,2014-03-04 07:00,154.02098699186914
,2014-03-04 08:00,365.7290597208758
,2014-03-04 09:00,554.5121150769875
,2014-03-04 10:00,693.6914666260853
,2014-03-04 11:00,767.540223911707
,2014-03-04 12:00,771.2231583661279
,2014-03-04 13:00,704.7343597026761
,2014-03-04 14:00,573.9126272371371
,2014-03-04 15:00,389.52728005582406
,2014-03-04 16:00,175.35697270121213
,2014-03-04 17:00,0.0
,2014-03-04 18:00,0.0
,2014-03-04 19:00,0.0
,2014-03-04 20:00,0.0
,2014-03-04 21:00,0.0
,2014-03-04 22:00,0.0
,2014-03-04 23:00,0.0
,2014-03-05 00:00,0.0
,2014-03-05 01:00,0.0
,2014-03-05 02:00,0.0
,2014-03-05 03:00,0.0
,2014-03-05 04:00,0.0
,2014-03-05 05:00,0.0
,2014-03-05 06:00,0.0
,2014-03-05 07:00,158.78052476296983
,2014-03-05 08:00,371.1249924007405
,2014-03-05 09:00,559.8425280249841
,2014-03-05 10:00,698.8887178579319
,2014-03-05 11:00,773.7835103060487
,2014-03-05 12:00,778.1658793372937
,2014-03-05 13:00,711.4525138520007
,2014-03-05 14:00,579.5969514998087
,2014-03-05 15:00,395.92581912428267
,2014-03-05 16:00,180.5946177063699
,2014-03-05 17:00,0.0
,2014-03-05 18:00,0.0
,2014-03-05 19:00,0.0
,2014-03-05 20:00,0.0
,2014-03-05 21:00,0.0
,2014-03-05 22:00,0.0
,2014-03-05 23:00,0.0
,2014-03-06 00:00,0.0
,2014-03-06 01:00,0.0
,2014-03-06 02:00,0.0
,2014-03-06 03:00,0.0
,2014-03-06 04:00,0.0
,2014-03-06 05:00,0.0
,2014-03-06 06:00,5.056191555390581
,2014-03-06 07:00,163.02207988875054
,2014-03-06 08:00,376.0770002354662
,2014-03-06 09:00,565.1664740709588
,2014-03-06 10:00,703.687601324235
,2014-03-06 11:00,779.7472270360141
,2014-03-06 12:00,784.5113747637085
,2014-03-06 13:00,718.1124584678347
,2014-03-06 14:00,585.5562892499671
,2014-03-06 15:00,399.97576035134045
,2014-03-06 16:00,184.59556337487524
,2014-03-06 17:00,0.0
,2014-03-06 18:00,0.0
,2014-03-06 19:00,0.0
,2014-03-06 20:00,0.0
,2014-03-06 21:00,0.0
,2014-03-06 22:00,0.0
,2014-03-06 23:00,0.0
,2014-03-07 00:00,0.0
,2014-03-07 01:00,0.0
,2014-03-07 02:00,0.0
,2014-03-07 03:00,0.0
,2014-03-07 04:00,0.0
,2014-03-07 05:00,0.0
,2014-03-07 06:00,5.927277942421412
,2014-03-07 07:00,167.1970602602789
,2014-03-07 08:00,380.81026622042054
,2014-03-07 09:00,570.0233459023307
,2014-03-07 10:00,708.9905773129767
,2014-03-07 11:00,784.5737866577388
,2014-03-07 12:00,789.0219733461528
,2014-03-07 13:00,722.3789662365369
,2014-03-07 14:00,589.9815065058658
,2014-03-07 15:00,404.639217976357
,2014-03-07 16:00,189.04355806037074
,2014-03-07 17:00,0.0
,2014-03-07 18:00,0.0
,2014-03-07 19:00,0.0
,2014-03-07 20:00,0.0
,2014-03-07 21:00,0.0
,2014-03-07 22:00,0.0
,2014-03-07 23:00,0.0
,2014-03-08 00:00,0.0
,2014-03-08 01:00,0.0
,2014-03-08 02:00,0.0
,2014-03-08 03:00,0.0
,2014-03-08 04:00,0.0
,2014-03-08 05:00,0.0
,2014-03-08 06:00,7.002219122793586
,2014-03-08 07:00,171.66572886924067
,2014-03-08 08:00,385.79718888062814
,2014-03-08 09:00,575.4371661636284
,2014-03-08 10:00,715.3150355446212
,2014-03-08 11:00,791.0829599762446
,2014-03-08 12:00,795.1107682197667
,2014-03-08 13:00,728.3999293196108
,2014-03-08 14:00,596.3245634846007
,2014-03-08 15:00,410.28300902574443
,2014-03-08 16:00,193.812179025789
,2014-03-08 17:00,0.0
,2014-03-08 18:00,0.0
,2014-03-08 19:00,0.0
,2014-03-08 20:00,0.0
,2014-03-08 21:00,0.0
,2014-03-08 22:00,0.0
,2014-03-08 23:00,0.0
,2014-03-09 00:00,0.0
,2014-03-09 01:00,0.0
,2014-03-09 02:00,0.0
,2014-03-09 03:00,0.0
,2014-03-09 04:00,0.0
,2014-03-09 05:00,0.0
,2014-03-09 06:00,8.249340211324613
,2014-03-09 07:00,175.91521402769072
,2014-03-09 08:00,390.60808414482796
,2014-03-09 09:00,579.7391120471922
,2014-03-09 10:00,719.2810363187634
,2014-03-09 11:00,796.4312065027563
,2014-03-09 12:00,801.1607196576869
,2014-03-09 13:00,734.0361500558139
,2014-03-09 14:00,600.7957042033287
,2014-03-09 15:00,414.8049033533099
,2014-03-09 16:00,198.35587898089807
,2014-03-09 17:00,0.0
,2014-03-09 18:00,0.0
,2014-03-09 19:00,0.0
,2014-03-09 20:00,0.0
,2014-03-09 21:00,0.0
,2014-03-09 22:00,0.0
,2014-03-09 23:00,0.0
,2014-03-10 00:00,0.0
,2014-03-10 01:00,0.0
,2014-03-10 02:00,0.0
,2014-03-10 03:00,0.0
,2014-03-10 04:00,0.0
,2014-03-10 05:00,0.0
,2014-03-10 06:00,9.67089923052138
,2014-03-10 07:00,180.63246842451676
,2014-03-10 08:00,396.39840437401267
,2014-03-10 09:00,586.8338249301389
,2014-03-10 10:00,727.096825893194
,2014-03-10 11:00,803.4039597717888
,2014-03-10 12:00,808.4461669750624
,2014-03-10 13:00,741.834968869173
,2014-03-10 14:00,608.8816915200193
,2014-03-10 15:00,421.9309533242377
,2014-03-10 16:00,203.99709961547143
,2014-03-10 17:00,0.0
,2014-03-10 18:00,0.0
,2014-03-10 19:00,0.0
,2014-03-10 20:00,0.0
,2014-03-10 21:00,0.0
,2014-03-10 22:00,0.0
,2014-03-10 23:00,0.0
,2014-03-11 00:00,0.0
,2014-03-11 01:00,0.0
,2014-03-11 02:00,0.0
,2014-03-11 03:00,0.0
,2014-03-11 04:00,0.0
,2014-03-11 05:00,0.0
,2014-03-11 06:00,11.267474789458422
,2014-03-11 07:00,185.36723616518486
,2014-03-11 08:00,401.27675284285357
,2014-03-11 09:00,591.166812924571
,2014-03-11 10:00,731.1235525245731
,2014-03-11 11:00,807.4813589734129
,2014-03-11 12:00,812.7732006932649
,2014-03-11 13:00,745.8389488956594
,2014-03-11 14:00,612.9626179455865
,2014-03-11 15:00,426.63928431603136
,2014-03-11 16:00,208.79288159197614
,2014-03-11 17:00,0.0
,2014-03-11 18:00,0.0
,2014-03-11 19:00,0.0
,2014-03-11 20:00,0.0
,2014-03-11 21:00,0.0
,2014-03-11 22:00,0.0
,2014-03-11 23:00,0.0
,2014-03-12 00:00,0.0
,2014-03-12 01:00,0.0
,2014-03-12 02:00,0.0
,2014-03-12 03:00,0.0
,2014-03-12 04:00,0.0
,2014-03-12 05:00,0.0
,2014-03-12 06:00,12.95961355480819
,2014-03-12 07:00,189.666775379802
,2014-03-12 08:00,405.81951022769806
,2014-03-12 09:00,596.2184333185978
,2014-03-12 10:00,736.2536759739343
,2014-03-12 11:00,811.2293461766386
,2014-03-12 12:00,815.7458710908264
,2014-03-12 13:00,749.218531475703
,2014-03-12 14:00,616.1718308930866
,2014-03-12 15:00,430.19380952689266
,2014-03-12 16:00,212.48572781226065
,2014-03-12 17:00,0.0
,2014-03-12 18:00,0.0
,2014-03-12 19:00,0.0
,2014-03-12 20:00,0.0
,2014-03-12 21:00,0.0
,2014-03-12 22:00,0.0
,2014-03-12 23:00,0.0
,2014-03-13 00:00,0.0
,2014-03-13 01:00,0.0
,2014-03-13 02:00,0.0
,2014-03-13 03:00,0.0
,2014-03-13 04:00,0.0
,2014-03-13 05:00,0.0
,2014-03-13 06:00,14.785527777904107
,2014-03-13 07:00,193.76254238892815
,2014-03-13 08:00,409.74764611699936
,2014-03-13 09:00,599.3559074093457
,2014-03-13 10:00,739.5386280518669
,2014-03-13 11:00,815.0446642609935
,2014-03-13 12:00,819.3952592159363
,2014-03-13 13:00,752.2980924462146
,2014-03-13 14:00,619.7400671503825
,2014-03-13 15:00,433.9207599177087
,2014-03-13 16:00,216.47078832764703
,2014-03-13 17:00,23.20341337063699
,2014-03-13 18:00,0.0
,2014-03-13 19:00,0.0
,2014-03-13 20:00,0.0
,2014-03-13 21:00,0.0
,2014-03-13 22:00,0.0
,2014-03-13 23:00,0.0
,2014-03-14 00:00,0.0
,2014-03-14 01:00,0.0
,2014-03-14 02:00,0.0
,2014-03-14 03:00,0.0
,2014-03-14 04:00,0.0
,2014-03-14 05:00,0.0
,2014-03-14 06:00,16.755149271452282
,2014-03-14 07:00,198.2253898746428
,2014-03-14 08:00,414.47086047541217
,2014-03-14 09:00,605.4056245688902
,2014-03-14 10:00,745.0976455503964
,2014-03-14 11:00,820.5278735870081
,2014-03-14 12:00,825.3082423498323
,2014-03-14 13:00,758.139367221417
,2014-03-14 14:00,625.6517594060053
,2014-03-14 15:00,439.18051163508943
,2014-03-14 16:00,221.387600497527
,2014-03-14 17:00,25.795989507551347
,2014-03-14 18:00,0.0
,2014-03-14 19:00,0.0
,2014-03-14 20:00,0.0
,2014-03-14 21:00,0.0
,2014-03-14 22:00,0.0
,2014-03-14 23:00,0.0
,2014-03-15 00:00,0.0
,2014-03-15 01:00,0.0
,2014-03-15 02:00,0.0
,2014-03-15 03:00,0.0
,2014-03-15 04:00,0.0
,2014-03-15 05:00,0.0
,2014-03-15 06:00,18.824738181935977
,2014-03-15 07:00,202.63148201697808
,2014-03-15 08:00,420.14006786518996
,2014-03-15 09:00,609.8950015196751
,2014-03-15 10:00,749.7454568660208
,2014-03-15 11:00,825.5287420243054
,2014-03-15 12:00,829.9068658530234
,2014-03-15 13:00,762.095946371924
,2014-03-15 14:00,629.962732890434
,2014-03-15 15:00,444.61365505375596
,2014-03-15 16:00,226.21624448448583
,2014-03-15 17:00,28.486885767780876
,2014-03-15 18:00,0.0
,2014-03-15 19:00,0.0
,2014-03-15 20:00,0.0
,2014-03-15 21:00,0.0
,2014-03-15 22:00,0.0
,2014-03-15 23:00,0.0
,2014-03-16 00:00,0.0
,2014-03-16 01:00,0.0
,2014-03-16 02:00,0.0
,2014-03-16 03:00,0.0
,2014-03-16 04:00,0.0
,2014-03-16 05:00,0.0
,2014-03-16 06:00,20.972443467088766
,2014-03-16 07:00,206.5145649033513
,2014-03-16 08:00,423.4621019793715
,2014-03-16 09:00,613.858276662415
,2014-03-16 10:00,752.8747928769016
,2014-03-16 11:00,828.2867039834443
,2014-03-16 12:00,833.2631702179564
,2014-03-16 13:00,766.745074266121
,2014-03-16 14:00,634.189446485416
,2014-03-16 15:00,448.22032171295945
,2014-03-16 16:00,230.06673561642577
,2014-03-16 17:00,31.141982508931356
,2014-03-16 18:00,0.0
,2014-03-16 19:00,0.0
,2014-03-16 20:00,0.0
,2014-03-16 21:00,0.0
,2014-03-16 22:00,0.0
,2014-03-16 23:00,0.0
,2014-03-17 00:00,0.0
,2014-03-17 01:00,0.0
,2014-03-17 02:00,0.0
,2014-03-17 03:00,0.0
,2014-03-17 04:00,0.0
,2014-03-17 05:00,0.0
,2014-03-17 06:00,23.17149301570437
,2014-03-17 07:00,210.03580938796964
,2014-03-17 08:00,426.1423354726183
,2014-03-17 09:00,615.4947481890295
,2014-03-17 10:00,754.7986901555424
,2014-03-17 11:00,830.2972424220461
,2014-03-17 12:00,834.9269945828213
,2014-03-17 13:00,767.6906380274278
,2014-03-17 14:00,635.547324546036
,2014-03-17 15:00,450.53260322467213
,2014-03-17 16:00,233.35731985051333
,2014-03-17 17:00,33.821987290868286
,2014-03-17 18:00,0.0
,2014-03-17 19:00,0.0
,2014-03-17 20:00,0.0
,2014-03-17 21:00,0.0
,2014-03-17 22:00,0.0
,2014-03-17 23:00,0.0
,2014-03-18 00:00,0.0
,2014-03-18 01:00,0.0
,2014-03-18 02:00,0.0
,2014-03-18 03:00,0.0
,2014-03-18 04:00,0.0
,2014-03-18 05:00,0.0
,2014-03-18 06:00,25.574010282546908
,2014-03-18 07:00,214.7009816871929
,2014-03-18 08:00,431.6155177143785
,2014-03-18 09:00,620.7925290165458
,2014-03-18 10:00,760.2584561996651
,2014-03-18 11:00,835.4446189213801
,2014-03-18 12:00,840.2255782455272
,2014-03-18 13:00,773.2115680888074
,2014-03-18 14:00,641.2373434615046
,2014-03-18 15:00,455.7768315351767
,2014-03-18 16:00,238.163560447367
,2014-03-18 17:00,36.803699467596125
,2014-03-18 18:00,0.0
,2014-03-18 19:00,0.0
,2014-03-18 20:00,0.0
,2014-03-18 21:00,0.0
,2014-03-18 22:00,0.0
,2014-03-18 23:00,0.0
,2014-03-19 00:00,0.0
,2014-03-19 01:00,0.0
,2014-03-19 02:00,0.0
,2014-03-19 03:00,0.0
,2014-03-19 04:00,0.0
,2014-03-19 05:00,0.0
,2014-03-19 06:00,28.06636915387488
,2014-03-19 07:00,218.9114070229647
,2014-03-19 08:00,436.1233238597597
,2014-03-19 09:00,626.132598241053
,2014-03-19 10:00,765.1270029348017
,2014-03-19 11:00,840.4601498734354
,2014-03-19 12:00,844.6415690032339
,2014-03-19 13:00,778.0274031333478
,2014-03-19 14:00,646.2055875147046
,2014-03-19 15:00,460.65748925591737
,2014-03-19 16:00,242.9985679548402
,2014-03-19 17:00,39.85006025148311
,2014-03-19 18:00,0.0
,2014-03-19 19:00,0.0
,2014-03-19 20:00,0.0
,2014-03-19 21:00,0.0
,2014-03-19 22:00,0.0
,2014-03-19 23:00,0.0
,2014-03-20 00:00,0.0
,2014-03-20 01:00,0.0
,2014-03-20 02:00,0.0
,2014-03-20 03:00,0.0
,2014-03-20 04:00,0.0
,2014-03-20 05:00,0.0
,2014-03-20 06:00,30.730971114383117
,2014-03-20 07:00,224.29383683581534
,2014-03-20 08:00,442.9689843167808
,2014-03-20 09:00,633.3617489618583
,2014-03-20 10:00,773.0109909826823
,2014-03-20 11:00,848.4365831613735
,2014-03-20 12:00,853.035115900949
,2014-03-20 13:00,785.9115948410206
,2014-03-20 14:00,653.3013014196365
,2014-03-20 15:00,467.17155939582875
,2014-03-20 16:00,248.27838321169534
,2014-03-20 17:00,43.07810676814883
,2014-03-20 18:00,0.0
,2014-03-20 19:00,0.0
,2014-03-20 20:00,0.0
,2014-03-20 21:00,0.0
,2014-03-20 22:00,0.0
,2014-03-20 23:00,0.0
,2014-03-21 00:00,0.0
,2014-03-21 01:00,0.0
,2014-03-21 02:00,0.0
,2014-03-21 03:00,0.0
,2014-03-21 04:00,0.0
,2014-03-21 05:00,0.0
,2014-03-21 06:00,33.41890124188634
,2014-03-21 07:00,228.71041191355107
,2014-03-21 08:00,446.9674124657211
,2014-03-21 09:00,638.012930762041
,2014-03-21 10:00,777.8353794803488
,2014-03-21 11:00,853.2569735435306
,2014-03-21 12:00,858.0653387311587
,2014-03-21 13:00,790.7629375009257
,2014-03-21 14:00,658.3971851835756
,2014-03-21 15:00,472.2081555884259
,2014-03-21 16:00,253.24900873979885
,2014-03-21 17:00,46.38585040330277
,2014-03-21 18:00,0.0
,2014-03-21 19:00,0.0
,2014-03-21 20:00,0.0
,2014-03-21 21:00,0.0
,2014-03-21 22:00,0.0
,2014-03-21 23:00,0.0
,2014-03-22 00:00,0.0
,2014-03-22 01:00,0.0
,2014-03-22 02:00,0.0
,2014-03-22 03:00,0.0
,2014-03-22 04:00,0.0
,2014-03-22 05:00,0.0
,2014-03-22 06:00,36.049612028052884
,2014-03-22 07:00,232.99426484014384
,2014-03-22 08:00,452.16149428965946
,2014-03-22 09:00,643.5341441319586
,2014-03-22 10:00,782.4306399932251
,2014-03-22 11:00,857.8738736096882
,2014-03-22 12:00,862.711887636981
,2014-03-22 13:00,796.4069544257391
,2014-03-22 14:00,663.5955230819367
,2014-03-22 15:00,477.45970221171274
,2014-03-22 16:00,257.9348080187728
,2014-03-22 17:00,49.602854312832434
,2014-03-22 18:00,0.0
,2014-03-22 19:00,0.0
,2014-03-22 20:00,0.0
,2014-03-22 21:00,0.0
,2014-03-22 22:00,0.0
,2014-03-22 23:00,0.0
,2014-03-23 00:00,0.0
,2014-03-23 01:00,0.0
,2014-03-23 02:00,0.0
,2014-03-23 03:00,0.0
,2014-03-23 04:00,0.0
,2014-03-23 05:00,0.0
,2014-03-23 06:00,38.89737724352644
,2014-03-23 07:00,237.09903210749954
,2014-03-23 08:00,456.9790426482776
,2014-03-23 09:00,649.2558031183489
,2014-03-23 10:00,789.6646603320054
,2014-03-23 11:00,863.6977366269263
,2014-03-23 12:00,866.5736796729432
,2014-03-23 13:00,799.3366143159441
,2014-03-23 14:00,667.2098092193136
,2014-03-23 15:00,481.2436869606869
,2014-03-23 16:00,262.09925066939894
,2014-03-23 17:00,52.808902934707355
,2014-03-23 18:00,0.0
,2014-03-23 19:00,0.0
,2014-03-23 20:00,0.0
,2014-03-23 21:00,0.0
,2014-03-23 22:00,0.0
,2014-03-23 23:00,0.0
,2014-03-24 00:00,0.0
,2014-03-24 01:00,0.0
,2014-03-24 02:00,0.0
,2014-03-24 03:00,0.0
,2014-03-24 04:00,0.0
,2014-03-24 05:00,0.0
,2014-03-24 06:00,41.94043028824139
,2014-03-24 07:00,243.23209284276317
,2014-03-24 08:00,464.25992708866
,2014-03-24 09:00,654.9883484988005
,2014-03-24 10:00,795.5660821103515
,2014-03-24 11:00,870.5919152467122
,2014-03-24 12:00,880.5547080186938
,2014-03-24 13:00,810.8163961929149
,2014-03-24 14:00,678.0989209068969
,2014-03-24 15:00,489.78118835682665
,2014-03-24 16:00,268.84448106762557
,2014-03-24 17:00,56.687020668011066
,2014-03-24 18:00,0.0
,2014-03-24 19:00,0.0
,2014-03-24 20:00,0.0
,2014-03-24 21:00,0.0
,2014-03-24 22:00,0.0
,2014-03-24 23:00,0.0
,2014-03-25 00:00,0.0
,2014-03-25 01:00,0.0
,2014-03-25 02:00,0.0
,2014-03-25 03:00,0.0
,2014-03-25 04:00,0.0
,2014-03-25 05:00,0.0
,2014-03-25 06:00,44.97250788357577
,2014-03-25 07:00,247.4736736770524
,2014-03-25 08:00,468.05259370977467
,2014-03-25 09:00,659.797147439421
,2014-03-25 10:00,800.1421599486258
,2014-03-25 11:00,875.6307210745816
,2014-03-25 12:00,880.872765517701
,2014-03-25 13:00,813.4727825744216
,2014-03-25 14:00,680.8338891923618
,2014-03-25 15:00,494.02824997494076
,2014-03-25 16:00,272.9531031035418
,2014-03-25 17:00,59.95425772848342
,2014-03-25 18:00,0.0
,2014-03-25 19:00,0.0
,2014-03-25 20:00,0.0
,2014-03-25 21:00,0.0
,2014-03-25 22:00,0.0
,2014-03-25 23:00,0.0
,2014-03-26 00:00,0.0
,2014-03-26 01:00,0.0
,2014-03-26 02:00,0.0
,2014-03-26 03:00,0.0
,2014-03-26 04:00,0.0
,2014-03-26 05:00,0.0
,2014-03-26 06:00,47.86491814442502
,2014-03-26 07:00,251.38878070535566
,2014-03-26 08:00,472.54107398063485
,2014-03-26 09:00,664.1260689621769
,2014-03-26 10:00,803.8703811818391
,2014-03-26 11:00,879.6465128352838
,2014-03-26 12:00,883.648380808559
,2014-03-26 13:00,816.7027673122672
,2014-03-26 14:00,683.9729087223755
,2014-03-26 15:00,497.5262253776158
,2014-03-26 16:00,276.6717639722935
,2014-03-26 17:00,63.19014030554519
,2014-03-26 18:00,0.0
,2014-03-26 19:00,0.0
,2014-03-26 20:00,0.0
,2014-03-26 21:00,0.0
,2014-03-26 22:00,0.0
,2014-03-26 23:00,0.0
,2014-03-27 00:00,0.0
,2014-03-27 01:00,0.0
,2014-03-27 02:00,0.0
,2014-03-27 03:00,0.0
,2014-03-27 04:00,0.0
,2014-03-27 05:00,0.0
,2014-03-27 06:00,50.829759356735075
,2014-03-27 07:00,255.90915195018408
,2014-03-27 08:00,477.5090007811157
,2014-03-27 09:00,668.3673570498286
,2014-03-27 10:00,809.1230547481765
,2014-03-27 11:00,884.7211395346518
,2014-03-27 12:00,890.232978625241
,2014-03-27 13:00,823.7514323362246
,2014-03-27 14:00,690.326997196128
,2014-03-27 15:00,502.9824043455326
,2014-03-27 16:00,281.50997328514273
,2014-03-27 17:00,66.73013500855618
,2014-03-27 18:00,0.0
,2014-03-27 19:00,0.0
,2014-03-27 20:00,0.0
,2014-03-27 21:00,0.0
,2014-03-27 22:00,0.0
,2014-03-27 23:00,0.0
,2014-03-28 00:00,0.0
,2014-03-28 01:00,0.0
,2014-03-28 02:00,0.0
,2014-03-28 03:00,0.0
,2014-03-28 04:00,0.0
,2014-03-28 05:00,0.0
,2014-03-28 06:00,53.928674052541794
,2014-03-28 07:00,260.3239899763576
,2014-03-28 08:00,481.78612098535183
,2014-03-28 09:00,673.93845380866
,2014-03-28 10:00,813.4591144507901
,2014-03-28 11:00,889.547017844627
,2014-03-28 12:00,893.5710357331452
,2014-03-28 13:00,826.9792462573024
,2014-03-28 14:00,695.0942807513868
,2014-03-28 15:00,507.8526228831126
,2014-03-28 16:00,286.29120615363104
,2014-03-28 17:00,70.33488265726712
,2014-03-28 18:00,0.0
,2014-03-28 19:00,0.0
,2014-03-28 20:00,0.0
,2014-03-28 21:00,0.0
,2014-03-28 22:00,0.0
,2014-03-28 23:00,0.0
,2014-03-29 00:00,0.0
,2014-03-29 01:00,0.0
,2014-03-29 02:00,0.0
,2014-03-29 03:00,0.0
,2014-03-29 04:00,0.0
,2014-03-29 05:00,0.0
,2014-03-29 06:00,56.885492349729866
,2014-03-29 07:00,263.6260075789251
,2014-03-29 08:00,484.5313887948247
,2014-03-29 09:00,675.2897818977747
,2014-03-29 10:00,815.0372102226428
,2014-03-29 11:00,891.3150821563328
,2014-03-29 12:00,896.1712291948716
,2014-03-29 13:00,829.3130803761086
,2014-03-29 14:00,696.6165142577395
,2014-03-29 15:00,509.7710730816375
,2014-03-29 16:00,289.3149869650039
,2014-03-29 17:00,73.46209782651276
,2014-03-29 18:00,0.0
,2014-03-29 19:00,0.0
,2014-03-29 20:00,0.0
,2014-03-29 21:00,0.0
,2014-03-29 22:00,0.0
,2014-03-29 23:00,0.0
,2014-03-30 00:00,0.0
,2014-03-30 01:00,0.0
,2014-03-30 02:00,0.0
,2014-03-30 03:00,0.0
,2014-03-30 04:00,0.0
,2014-03-30 05:00,0.0
,2014-03-30 06:00,59.937823405047496
,2014-03-30 07:00,267.2115420804366
,2014-03-30 08:00,487.7611030224529
,2014-03-30 09:00,677.840414599228
,2014-03-30 10:00,818.1687089806733
,2014-03-30 11:00,894.1642391447101
,2014-03-30 12:00,898.7041974796449
,2014-03-30 13:00,831.871238521448
,2014-03-30 14:00,699.2777594442946
,2014-03-30 15:00,513.3003495326803
,2014-03-30 16:00,293.0946338221162
,2014-03-30 17:00,76.90678201620781
,2014-03-30 18:00,0.0
,2014-03-30 19:00,0.0
,2014-03-30 20:00,0.0
,2014-03-30 21:00,0.0
,2014-03-30 22:00,0.0
,2014-03-30 23:00,0.0
,2014-03-31 00:00,0.0
,2014-03-31 01:00,0.0
,2014-03-31 02:00,0.0
,2014-03-31 03:00,0.0
,2014-03-31 04:00,0.0
,2014-03-31 05:00,0.0
,2014-03-31 06:00,62.9761027522569
,2014-03-31 07:00,271.0495293642141
,2014-03-31 08:00,491.1780810094227
,2014-03-31 09:00,681.9474211083856
,2014-03-31 10:00,821.6654642829837
,2014-03-31 11:00,897.3700483031242
,2014-03-31 12:00,902.0187601788535
,2014-03-31 13:00,835.5614097620881
,2014-03-31 14:00,703.5263056708067
,2014-03-31 15:00,517.5258958214214
,2014-03-31 16:00,297.15028925858513
,2014-03-31 17:00,80.29823558709363
,2014-03-31 18:00,0.0
,2014-03-31 19:00,0.0
,2014-03-31 20:00,0.0
,2014-03-31 21:00,0.0
,2014-03-31 22:00,0.0
,2014-03-31 23:00,0.0
,2014-04-01 00:00,0.0
,2014-04-01 01:00,0.0
,2014-04-01 02:00,0.0
,2014-04-01 03:00,0.0
,2014-04-01 04:00,0.0
,2014-04-01 05:00,0.0
,2014-04-01 06:00,66.37385803271032
,2014-04-01 07:00,276.47839196766057
,2014-04-01 08:00,497.3676286398719
,2014-04-01 09:00,688.5001890732045
,2014-04-01 10:00,827.9038873448656
,2014-04-01 11:00,903.9662336727312
,2014-04-01 12:00,907.568177970234
,2014-04-01 13:00,841.7630073322281
,2014-04-01 14:00,709.4589274295204
,2014-04-01 15:00,523.3221120492065
,2014-04-01 16:00,302.2843174639467
,2014-04-01 17:00,84.12327404104082
,2014-04-01 18:00,0.0
,2014-04-01 19:00,0.0
,2014-04-01 20:00,0.0
,2014-04-01 21:00,0.0
,2014-04-01 22:00,0.0
,2014-04-01 23:00,0.0
,2014-04-02 00:00,0.0
,2014-04-02 01:00,0.0
,2014-04-02 02:00,0.0
,2014-04-02 03:00,0.0
,2014-04-02 04:00,0.0
,2014-04-02 05:00,0.0
,2014-04-02 06:00,69.81621560881803
,2014-04-02 07:00,280.88643376769375
,2014-04-02 08:00,502.4434599075985
,2014-04-02 09:00,693.8236662034633
,2014-04-02 10:00,833.8745655333912
,2014-04-02 11:00,909.7925911379064
,2014-04-02 12:00,914.3432941869175
,2014-04-02 13:00,847.3812224873845
,2014-04-02 14:00,714.5563860774516
,2014-04-02 15:00,527.9533041753753
,2014-04-02 16:00,306.8908728616631
,2014-04-02 17:00,87.86202685325509
,2014-04-02 18:00,0.0
,2014-04-02 19:00,0.0
,2014-04-02 20:00,0.0
,2014-04-02 21:00,0.0
,2014-04-02 22:00,0.0
,2014-04-02 23:00,0.0
,2014-04-03 00:00,0.0
,2014-04-03 01:00,0.0
,2014-04-03 02:00,0.0
,2014-04-03 03:00,0.0
,2014-04-03 04:00,0.0
,2014-04-03 05:00,0.0
,2014-04-03 06:00,73.00175820313056
,2014-04-03 07:00,285.3878173722409
,2014-04-03 08:00,507.38494250257975
,2014-04-03 09:00,700.1435303971333
,2014-04-03 10:00,840.0503832795705
,2014-04-03 11:00,915.7170641468332
,2014-04-03 12:00,920.8612313415398
,2014-04-03 13:00,854.289991842574
,2014-04-03 14:00,721.6086492186053
,2014-04-03 15:00,534.2385171654225
,2014-04-03 16:00,312.25871363305316
,2014-04-03 17:00,91.78037192403954
,2014-04-03 18:00,0.0
,2014-04-03 19:00,0.0
,2014-04-03 20:00,0.0
,2014-04-03 21:00,0.0
,2014-04-03 22:00,0.0
,2014-04-03 23:00,0.0
,2014-04-04 00:00,0.0
,2014-04-04 01:00,0.0
,2014-04-04 02:00,0.0
,2014-04-04 03:00,0.0
,2014-04-04 04:00,0.0
,2014-04-04 05:00,0.0
,2014-04-04 06:00,76.33807883657461
,2014-04-04 07:00,289.93776693324884
,2014-04-04 08:00,512.9774745101423
,2014-04-04 09:00,705.5867375219769
,2014-04-04 10:00,845.8608233061559
,2014-04-04 11:00,921.3819676005598
,2014-04-04 12:00,926.1720153548871
,2014-04-04 13:00,859.297489581885
,2014-04-04 14:00,726.0577887718773
,2014-04-04 15:00,538.7510956110794
,2014-04-04 16:00,317.04511842058355
,2014-04-04 17:00,95.51214509110636
,2014-04-04 18:00,0.0
,2014-04-04 19:00,0.0
,2014-04-04 20:00,0.0
,2014-04-04 21:00,0.0
,2014-04-04 22:00,0.0
,2014-04-04 23:00,0.0
,2014-04-05 00:00,0.0
,2014-04-05 01:00,0.0
,2014-04-05 02:00,0.0
,2014-04-05 03:00,0.0
,2014-04-05 04:00,0.0
,2014-04-05 05:00,0.0
,2014-04-05 06:00,79.73412405518597
,2014-04-05 07:00,294.4678987847075
,2014-04-05 08:00,517.2714531831843
,2014-04-05 09:00,709.1347913760526
,2014-04-05 10:00,849.671178723106
,2014-04-05 11:00,925.2048275696152
,2014-04-05 12:00,930.8948606445198
,2014-04-05 13:00,864.6890070509072
,2014-04-05 14:00,732.4513024524799
,2014-04-05 15:00,545.3880575885406
,2014-04-05 16:00,322.14451698706836
,2014-04-05 17:00,99.39883432367704
,2014-04-05 18:00,0.0
,2014-04-05 19:00,0.0
,2014-04-05 20:00,0.0
,2014-04-05 21:00,0.0
,2014-04-05 22:00,0.0
,2014-04-05 23:00,0.0
,2014-04-06 00:00,0.0
,2014-04-06 01:00,0.0
,2014-04-06 02:00,0.0
,2014-04-06 03:00,0.0
,2014-04-06 04:00,0.0
,2014-04-06 05:00,0.0
,2014-04-06 06:00,82.88752450767264
,2014-04-06 07:00,298.16350638984835
,2014-04-06 08:00,521.2237257910052
,2014-04-06 09:00,713.3775628853941
,2014-04-06 10:00,853.6681514635841
,2014-04-06 11:00,929.9734339974087
,2014-04-06 12:00,934.7599038750432
,2014-04-06 13:00,869.6149097525932
,2014-04-06 14:00,736.2886806752199
,2014-04-06 15:00,549.0396323577786
,2014-04-06 16:00,326.29658726960133
,2014-04-06 17:00,102.79075059412125
,2014-04-06 18:00,0.0
,2014-04-06 19:00,0.0
,2014-04-06 20:00,0.0
,2014-04-06 21:00,0.0
,2014-04-06 22:00,0.0
,2014-04-06 23:00,0.0
,2014-04-07 00:00,0.0
,2014-04-07 01:00,0.0
,2014-04-07 02:00,0.0
,2014-04-07 03:00,0.0
,2014-04-07 04:00,0.0
,2014-04-07 05:00,0.0
,2014-04-07 06:00,86.06909846633125
,2014-04-07 07:00,301.66840494357945
,2014-04-07 08:00,523.9583633137495
,2014-04-07 09:00,715.5701151081369
,2014-04-07 10:00,855.5970773834027
,2014-04-07 11:00,929.8868074108285
,2014-04-07 12:00,935.3353425503341
,2014-04-07 13:00,868.9127882612354
,2014-04-07 14:00,736.1429686896315
,2014-04-07 15:00,550.1168382596622
,2014-04-07 16:00,328.2357105785817
,2014-04-07 17:00,105.96811411497661
,2014-04-07 18:00,0.0
,2014-04-07 19:00,0.0
,2014-04-07 20:00,0.0
,2014-04-07 21:00,0.0
,2014-04-07 22:00,0.0
,2014-04-07 23:00,0.0
,2014-04-08 00:00,0.0
,2014-04-08 01:00,0.0
,2014-04-08 02:00,0.0
,2014-04-08 03:00,0.0
,2014-04-08 04:00,0.0
,2014-04-08 05:00,0.0
,2014-04-08 06:00,89.27524850128925
,2014-04-08 07:00,304.7910406874986
,2014-04-08 08:00,525.4758263321395
,2014-04-08 09:00,716.1893568213851
,2014-04-08 10:00,856.2154826680903
,2014-04-08 11:00,931.3852445967128
,2014-04-08 12:00,936.3379926698603
,2014-04-08 13:00,869.9870229775828
,2014-04-08 14:00,737.9517140310878
,2014-04-08 15:00,551.7996958801299
,2014-04-08 16:00,331.05173491575323
,2014-04-08 17:00,109.06838199906993
,2014-04-08 18:00,0.0
,2014-04-08 19:00,0.0
,2014-04-08 20:00,0.0
,2014-04-08 21:00,0.0
,2014-04-08 22:00,0.0
,2014-04-08 23:00,0.0
,2014-04-09 00:00,0.0
,2014-04-09 01:00,0.0
,2014-04-09 02:00,0.0
,2014-04-09 03:00,0.0
,2014-04-09 04:00,0.0
,2014-04-09 05:00,0.0
,2014-04-09 06:00,92.50163143182223
,2014-04-09 07:00,308.73648633218266
,2014-04-09 08:00,531.9964224295957
,2014-04-09 09:00,723.1928132454723
,2014-04-09 10:00,861.5730462588868
,2014-04-09 11:00,937.6481404517336
,2014-04-09 12:00,942.4014157365806
,2014-04-09 13:00,874.9154126703104
,2014-04-09 14:00,744.4451502525151
,2014-04-09 15:00,558.7281715435392
,2014-04-09 16:00,337.78188555846805
,2014-04-09 17:00,113.4382198082608
,2014-04-09 18:00,0.0
,2014-04-09 19:00,0.0
,2014-04-09 20:00,0.0
,2014-04-09 21:00,0.0
,2014-04-09 22:00,0.0
,2014-04-09 23:00,0.0
,2014-04-10 00:00,0.0
,2014-04-10 01:00,0.0
,2014-04-10 02:00,0.0
,2014-04-10 03:00,0.0
,2014-04-10 04:00,0.0
,2014-04-10 05:00,0.0
,2014-04-10 06:00,96.34592939353192
,2014-04-10 07:00,314.36329770986833
,2014-04-10 08:00,537.3400821435533
,2014-04-10 09:00,728.6361430637327
,2014-04-10 10:00,869.2093358172757
,2014-04-10 11:00,944.2597723427942
,2014-04-10 12:00,949.3703184566365
,2014-04-10 13:00,882.3075948276905
,2014-04-10 14:00,750.0131942037189
,2014-04-10 15:00,563.2876550519035
,2014-04-10 16:00,341.37470479892175
,2014-04-10 17:00,117.02200219932783
,2014-04-10 18:00,0.0
,2014-04-10 19:00,0.0
,2014-04-10 20:00,0.0
,2014-04-10 21:00,0.0
,2014-04-10 22:00,0.0
,2014-04-10 23:00,0.0
,2014-04-11 00:00,0.0
,2014-04-11 01:00,0.0
,2014-04-11 02:00,0.0
,2014-04-11 03:00,0.0
,2014-04-11 04:00,0.0
,2014-04-11 05:00,0.0
,2014-04-11 06:00,99.37470636895026
,2014-04-11 07:00,317.55581025592096
,2014-04-11 08:00,540.9472419367513
,2014-04-11 09:00,731.2743091718158
,2014-04-11 10:00,871.3811948858382
,2014-04-11 11:00,948.2100242347487
,2014-04-11 12:00,954.6785152444393
,2014-04-11 13:00,887.9601505174793
,2014-04-11 14:00,754.8258227527142
,2014-04-11 15:00,568.0394281657128
,2014-04-11 16:00,345.59248059169863
,2014-04-11 17:00,120.63442498623712
,2014-04-11 18:00,0.0
,2014-04-11 19:00,0.0
,2014-04-11 20:00,0.0
,2014-04-11 21:00,0.0
,2014-04-11 22:00,0.0
,2014-04-11 23:00,0.0
,2014-04-12 00:00,0.0
,2014-04-12 01:00,0.0
,2014-04-12 02:00,0.0
,2014-04-12 03:00,0.0
,2014-04-12 04:00,0.0
,2014-04-12 05:00,0.0
,2014-04-12 06:00,102.93694988382215
,2014-04-12 07:00,322.0430679851273
,2014-04-12 08:00,545.1832911988037
,2014-04-12 09:00,735.913140011747
,2014-04-12 10:00,874.0142015286103
,2014-04-12 11:00,949.2777543108201
,2014-04-12 12:00,953.8623345829196
,2014-04-12 13:00,888.2922530944827
,2014-04-12 14:00,756.5126766394527
,2014-04-12 15:00,570.8678525093719
,2014-04-12 16:00,349.3815242057283
,2014-04-12 17:00,124.30843203341416
,2014-04-12 18:00,0.0
,2014-04-12 19:00,0.0
,2014-04-12 20:00,0.0
,2014-04-12 21:00,0.0
,2014-04-12 22:00,0.0
,2014-04-12 23:00,0.0
,2014-04-13 00:00,0.0
,2014-04-13 01:00,0.0
,2014-04-13 02:00,0.0
,2014-04-13 03:00,0.0
,2014-04-13 04:00,0.0
,2014-04-13 05:00,0.0
,2014-04-13 06:00,106.07120195598499
,2014-04-13 07:00,325.51790424153086
,2014-04-13 08:00,547.7792213654543
,2014-04-13 09:00,739.671698520933
,2014-04-13 10:00,880.3346823468851
,2014-04-13 11:00,956.1445488205462
,2014-04-13 12:00,961.1650626429217
,2014-04-13 13:00,895.0181327059661
,2014-04-13 14:00,762.789859744008
,2014-04-13 15:00,574.8621843753198
,2014-04-13 16:00,353.05571128245793
,2014-04-13 17:00,127.84149371149873
,2014-04-13 18:00,0.0
,2014-04-13 19:00,0.0
,2014-04-13 20:00,0.0
,2014-04-13 21:00,0.0
,2014-04-13 22:00,0.0
,2014-04-13 23:00,0.0
,2014-04-14 00:00,0.0
,2014-04-14 01:00,0.0
,2014-04-14 02:00,0.0
,2014-04-14 03:00,0.0
,2014-04-14 04:00,0.0
,2014-04-14 05:00,0.0
,2014-04-14 06:00,109.55292257029441
,2014-04-14 07:00,329.1183021854822
,2014-04-14 08:00,551.6836170791183
,2014-04-14 09:00,742.2499414636893
,2014-04-14 10:00,881.1910068640933
,2014-04-14 11:00,956.0873091908218
,2014-04-14 12:00,960.5703735863609
,2014-04-14 13:00,894.1381221348995
,2014-04-14 14:00,763.0131846052973
,2014-04-14 15:00,576.5074207932527
,2014-04-14 16:00,355.64996701943426
,2014-04-14 17:00,130.7309660739752
,2014-04-14 18:00,0.0
,2014-04-14 19:00,0.0
,2014-04-14 20:00,0.0
,2014-04-14 21:00,0.0
,2014-04-14 22:00,0.0
,2014-04-14 23:00,0.0
,2014-04-15 00:00,0.0
,2014-04-15 01:00,0.0
,2014-04-15 02:00,0.0
,2014-04-15 03:00,0.0
,2014-04-15 04:00,0.0
,2014-04-15 05:00,0.0
,2014-04-15 06:00,112.48953911779422
,2014-04-15 07:00,332.070126485692
,2014-04-15 08:00,553.4482095135796
,2014-04-15 09:00,742.7694479308846
,2014-04-15 10:00,881.3960802193745
,2014-04-15 11:00,957.4080910913415
,2014-04-15 12:00,962.5416184428362
,2014-04-15 13:00,897.3911867595064
,2014-04-15 14:00,765.9447154366309
,2014-04-15 15:00,583.9032285423243
,2014-04-15 16:00,362.5281498152358
,2014-04-15 17:00,135.65436836983932
,2014-04-15 18:00,0.0
,2014-04-15 19:00,0.0
,2014-04-15 20:00,0.0
,2014-04-15 21:00,0.0
,2014-04-15 22:00,0.0
,2014-04-15 23:00,0.0
,2014-04-16 00:00,0.0
,2014-04-16 01:00,0.0
,2014-04-16 02:00,0.0
,2014-04-16 03:00,0.0
,2014-04-16 04:00,0.0
,2014-04-16 05:00,0.0
,2014-04-16 06:00,116.60655926848325
,2014-04-16 07:00,338.47852710105457
,2014-04-16 08:00,561.3232836673424
,2014-04-16 09:00,752.9939880020883
,2014-04-16 10:00,894.6991613090313
,2014-04-16 11:00,969.0554444255555
,2014-04-16 12:00,972.8266815054151
,2014-04-16 13:00,907.8889232429508
,2014-04-16 14:00,775.8576776122605
,2014-04-16 15:00,590.1416710833473
,2014-04-16 16:00,367.01748838885374
,2014-04-16 17:00,139.36379116862514
,2014-04-16 18:00,0.0
,2014-04-16 19:00,0.0
,2014-04-16 20:00,0.0
,2014-04-16 21:00,0.0
,2014-04-16 22:00,0.0
,2014-04-16 23:00,0.0
,2014-04-17 00:00,0.0
,2014-04-17 01:00,0.0
,2014-04-17 02:00,0.0
,2014-04-17 03:00,0.0
,2014-04-17 04:00,0.0
,2014-04-17 05:00,0.0
,2014-04-17 06:00,119.70243671998496
,2014-04-17 07:00,341.4305846728105
,2014-04-17 08:00,564.672178525371
,2014-04-17 09:00,756.0409408492166
,2014-04-17 10:00,895.8417560948627
,2014-04-17 11:00,970.7155819462339
,2014-04-17 12:00,977.3757213548645
,2014-04-17 13:00,912.6263568446053
,2014-04-17 14:00,780.8748568523274
,2014-04-17 15:00,594.0522612582182
,2014-04-17 16:00,370.8116033359884
,2014-04-17 17:00,142.83825889868814
,2014-04-17 18:00,0.0
,2014-04-17 19:00,0.0
,2014-04-17 20:00,0.0
,2014-04-17 21:00,0.0
,2014-04-17 22:00,0.0
,2014-04-17 23:00,0.0
,2014-04-18 00:00,0.0
,2014-04-18 01:00,0.0
,2014-04-18 02:00,0.0
,2014-04-18 03:00,0.0
,2014-04-18 04:00,0.0
,2014-04-18 05:00,0.0
,2014-04-18 06:00,122.93231425439025
,2014-04-18 07:00,344.81883556102986
,2014-04-18 08:00,567.5873081781621
,2014-04-18 09:00,758.0830431347217
,2014-04-18 10:00,897.5535408606809
,2014-04-18 11:00,974.1780410750548
,2014-04-18 12:00,979.792861374914
,2014-04-18 13:00,913.7619923608145
,2014-04-18 14:00,781.9791164181183
,2014-04-18 15:00,595.8104205495498
,2014-04-18 16:00,373.40183147606126
,2014-04-18 17:00,145.5709736931648
,2014-04-18 18:00,0.0
,2014-04-18 19:00,0.0
,2014-04-18 20:00,0.0
,2014-04-18 21:00,0.0
,2014-04-18 22:00,0.0
,2014-04-18 23:00,0.0
,2014-04-19 00:00,0.0
,2014-04-19 01:00,0.0
,2014-04-19 02:00,0.0
,2014-04-19 03:00,0.0
,2014-04-19 04:00,0.0
,2014-04-19 05:00,0.0
,2014-04-19 06:00,125.77723859643093
,2014-04-19 07:00,346.97856003593506
,2014-04-19 08:00,568.0270480082183
,2014-04-19 09:00,757.9568742463761
,2014-04-19 10:00,895.9182903668004
,2014-04-19 11:00,970.5040822070677
,2014-04-19 12:00,974.548754502734
,2014-04-19 13:00,908.8666553777714
,2014-04-19 14:00,779.772684711897
,2014-04-19 15:00,595.927967387836
,2014-04-19 16:00,374.9888724495802
,2014-04-19 17:00,148.45084152655193
,2014-04-19 18:00,0.0
,2014-04-19 19:00,0.0
,2014-04-19 20:00,0.0
,2014-04-19 21:00,0.0
,2014-04-19 22:00,0.0
,2014-04-19 23:00,0.0
,2014-04-20 00:00,0.0
,2014-04-20 01:00,0.0
,2014-04-20 02:00,0.0
,2014-04-20 03:00,0.0
,2014-04-20 04:00,0.0
,2014-04-20 05:00,0.0
,2014-04-20 06:00,128.68547298598637
,2014-04-20 07:00,350.0967355066329
,2014-04-20 08:00,571.6016204799026
,2014-04-20 09:00,760.3984952898452
,2014-04-20 10:00,898.1609936559316
,2014-04-20 11:00,971.6526251583789
,2014-04-20 12:00,976.127956990647
,2014-04-20 13:00,910.0194970324121
,2014-04-20 14:00,780.9516935970354
,2014-04-20 15:00,597.1020762204865
,2014-04-20 16:00,377.42891168264316
,2014-04-20 17:00,151.4622810752455
,2014-04-20 18:00,0.0
,2014-04-20 19:00,0.0
,2014-04-20 20:00,0.0
,2014-04-20 21:00,0.0
,2014-04-20 22:00,0.0
,2014-04-20 23:00,0.0
,2014-04-21 00:00,0.0
,2014-04-21 01:00,0.0
,2014-04-21 02:00,0.0
,2014-04-21 03:00,0.0
,2014-04-21 04:00,0.0
,2014-04-21 05:00,0.0
,2014-04-21 06:00,131.65210924602033
,2014-04-21 07:00,353.2464281240124
,2014-04-21 08:00,575.0547104245829
,2014-04-21 09:00,764.740877241651
,2014-04-21 10:00,902.6230250122688
,2014-04-21 11:00,976.2211327167134
,2014-04-21 12:00,980.2125850364705
,2014-04-21 13:00,913.6716759293838
,2014-04-21 14:00,784.289676525725
,2014-04-21 15:00,600.7881797623986
,2014-04-21 16:00,381.0487204510435
,2014-04-21 17:00,154.77507189042504
,2014-04-21 18:00,0.0
,2014-04-21 19:00,0.0
,2014-04-21 20:00,0.0
,2014-04-21 21:00,0.0
,2014-04-21 22:00,0.0
,2014-04-21 23:00,0.0
,2014-04-22 00:00,0.0
,2014-04-22 01:00,0.0
,2014-04-22 02:00,0.0
,2014-04-22 03:00,0.0
,2014-04-22 04:00,0.0
,2014-04-22 05:00,0.0
,2014-04-22 06:00,134.54837685204654
,2014-04-22 07:00,355.52966965727774
,2014-04-22 08:00,575.7984127013441
,2014-04-22 09:00,764.5663639926826
,2014-04-22 10:00,902.5037071980729
,2014-04-22 11:00,976.7473197980205
,2014-04-22 12:00,981.8901914170248
,2014-04-22 13:00,916.3193654065581
,2014-04-22 14:00,786.9667253454925
,2014-04-22 15:00,603.8436334854513
,2014-04-22 16:00,384.26589280847344
,2014-04-22 17:00,157.9713981559622
,2014-04-22 18:00,0.0
,2014-04-22 19:00,0.0
,2014-04-22 20:00,0.0
,2014-04-22 21:00,0.0
,2014-04-22 22:00,0.0
,2014-04-22 23:00,0.0
,2014-04-23 00:00,0.0
,2014-04-23 01:00,0.0
,2014-04-23 02:00,0.0
,2014-04-23 03:00,0.0
,2014-04-23 04:00,0.0
,2014-04-23 05:00,0.0
,2014-04-23 06:00,137.9310483366935
,2014-04-23 07:00,360.03669730252705
,2014-04-23 08:00,581.476079863976
,2014-04-23 09:00,770.6511474585246
,2014-04-23 10:00,909.3663444307558
,2014-04-23 11:00,983.1796014993172
,2014-04-23 12:00,988.6746728920593
,2014-04-23 13:00,923.7449835844768
,2014-04-23 14:00,793.3577570365452
,2014-04-23 15:00,609.2539169673436
,2014-04-23 16:00,389.1680868727681
,2014-04-23 17:00,161.89177896900023
,2014-04-23 18:00,4.420876735487796
,2014-04-23 19:00,0.0
,2014-04-23 20:00,0.0
,2014-04-23 21:00,0.0
,2014-04-23 22:00,0.0
,2014-04-23 23:00,0.0
,2014-04-24 00:00,0.0
,2014-04-24 01:00,0.0
,2014-04-24 02:00,0.0
,2014-04-24 03:00,0.0
,2014-04-24 04:00,0.0
,2014-04-24 05:00,0.0
,2014-04-24 06:00,140.96302529363788
,2014-04-24 07:00,363.23688764513145
,2014-04-24 08:00,584.1942030736703
,2014-04-24 09:00,773.0995108950967
,2014-04-24 10:00,910.0278525589445
,2014-04-24 11:00,984.7249619430088
,2014-04-24 12:00,989.8352546976155
,2014-04-24 13:00,923.1409332241223
,2014-04-24 14:00,793.2226269540736
,2014-04-24 15:00,609.8952974972702
,2014-04-24 16:00,391.21998053809534
,2014-04-24 17:00,164.7116685696684
,2014-04-24 18:00,5.268365678295193
,2014-04-24 19:00,0.0
,2014-04-24 20:00,0.0
,2014-04-24 21:00,0.0
,2014-04-24 22:00,0.0
,2014-04-24 23:00,0.0
,2014-04-25 00:00,0.0
,2014-04-25 01:00,0.0
,2014-04-25 02:00,0.0
,2014-04-25 03:00,0.0
,2014-04-25 04:00,0.0
,2014-04-25 05:00,0.0
,2014-04-25 06:00,143.9151646129939
,2014-04-25 07:00,366.2259338838155
,2014-04-25 08:00,586.3240579312139
,2014-04-25 09:00,774.2577662360756
,2014-04-25 10:00,911.0202462764406
,2014-04-25 11:00,984.4361500850629
,2014-04-25 12:00,989.116750234951
,2014-04-25 13:00,924.1452522891128
,2014-04-25 14:00,795.7729644037814
,2014-04-25 15:00,612.3410009170508
,2014-04-25 16:00,393.4144506643369
,2014-04-25 17:00,167.46405548135587
,2014-04-25 18:00,6.199956719679837
,2014-04-25 19:00,0.0
,2014-04-25 20:00,0.0
,2014-04-25 21:00,0.0
,2014-04-25 22:00,0.0
,2014-04-25 23:00,0.0
,2014-04-26 00:00,0.0
,2014-04-26 01:00,0.0
,2014-04-26 02:00,0.0
,2014-04-26 03:00,0.0
,2014-04-26 04:00,0.0
,2014-04-26 05:00,0.0
,2014-04-26 06:00,146.98436414127252
,2014-04-26 07:00,369.1672127887572
,2014-04-26 08:00,589.8918515341494
,2014-04-26 09:00,778.6019204868776
,2014-04-26 10:00,917.8868577265433
,2014-04-26 11:00,993.1689656447543
,2014-04-26 12:00,996.1880782904924
,2014-04-26 13:00,931.0506060129389
,2014-04-26 14:00,800.2556503529012
,2014-04-26 15:00,616.9910448541807
,2014-04-26 16:00,398.127134426587
,2014-04-26 17:00,171.23012415290336
,2014-04-26 18:00,7.257854563331471
,2014-04-26 19:00,0.0
,2014-04-26 20:00,0.0
,2014-04-26 21:00,0.0
,2014-04-26 22:00,0.0
,2014-04-26 23:00,0.0
,2014-04-27 00:00,0.0
,2014-04-27 01:00,0.0
,2014-04-27 02:00,0.0
,2014-04-27 03:00,0.0
,2014-04-27 04:00,0.0
,2014-04-27 05:00,1.010259667609283
,2014-04-27 06:00,150.08953289114228
,2014-04-27 07:00,372.1345564336445
,2014-04-27 08:00,592.051688524172
,2014-04-27 09:00,779.626319004671
,2014-04-27 10:00,916.3671229156517
,2014-04-27 11:00,990.5545939858456
,2014-04-27 12:00,997.573110785354
,2014-04-27 13:00,932.6874665283736
,2014-04-27 14:00,804.0279467629434
,2014-04-27 15:00,620.620970044968
,2014-04-27 16:00,401.4299644299469
,2014-04-27 17:00,174.3659863670567
,2014-04-27 18:00,0.0
,2014-04-27 19:00,0.0
,2014-04-27 20:00,0.0
,2014-04-27 21:00,0.0
,2014-04-27 22:00,0.0
,2014-04-27 23:00,0.0
,2014-04-28 00:00,0.0
,2014-04-28 01:00,0.0
,2014-04-28 02:00,0.0
,2014-04-28 03:00,0.0
,2014-04-28 04:00,0.0
,2014-04-28 05:00,1.7511143600721824
,2014-04-28 06:00,153.29887234025043
,2014-04-28 07:00,376.15966988060234
,2014-04-28 08:00,595.4774518676651
,2014-04-28 09:00,783.4546966228513
,2014-04-28 10:00,919.9993062684764
,2014-04-28 11:00,993.293118054074
,2014-04-28 12:00,997.4919603587307
,2014-04-28 13:00,932.9544934859712
,2014-04-28 14:00,803.4767850484479
,2014-04-28 15:00,621.3773008141642
,2014-04-28 16:00,403.6035237357641
,2014-04-28 17:00,177.22181957373977
,2014-04-28 18:00,9.543346245034328
,2014-04-28 19:00,0.0
,2014-04-28 20:00,0.0
,2014-04-28 21:00,0.0
,2014-04-28 22:00,0.0
,2014-04-28 23:00,0.0
,2014-04-29 00:00,0.0
,2014-04-29 01:00,0.0
,2014-04-29 02:00,0.0
,2014-04-29 03:00,0.0
,2014-04-29 04:00,0.0
,2014-04-29 05:00,2.5559623915747407
,2014-04-29 06:00,156.42039372279206
,2014-04-29 07:00,378.8514938794365
,2014-04-29 08:00,598.3659671193149
,2014-04-29 09:00,785.7589726959098
,2014-04-29 10:00,925.1731448419077
,2014-04-29 11:00,999.9751582867883
,2014-04-29 12:00,1005.339794696426
,2014-04-29 13:00,940.0078427434914
,2014-04-29 14:00,810.3063292134239
,2014-04-29 15:00,626.5231753975171
,2014-04-29 16:00,407.8177226366612
,2014-04-29 17:00,181.01993325803488
,2014-04-29 18:00,10.82390814099128
,2014-04-29 19:00,0.0
,2014-04-29 20:00,0.0
,2014-04-29 21:00,0.0
,2014-04-29 22:00,0.0
,2014-04-29 23:00,0.0
,2014-04-30 00:00,0.0
,2014-04-30 01:00,0.0
,2014-04-30 02:00,0.0
,2014-04-30 03:00,0.0
,2014-04-30 04:00,0.0
,2014-04-30 05:00,0.0
,2014-04-30 06:00,159.0223616665865
,2014-04-30 07:00,381.23706452274484
,2014-04-30 08:00,600.4294498902999
,2014-04-30 09:00,787.4627793740244
,2014-04-30 10:00,922.9426932409335
,2014-04-30 11:00,996.8312608271017
,2014-04-30 12:00,1001.677977369448
,2014-04-30 13:00,937.427362431829
,2014-04-30 14:00,809.0260586313851
,2014-04-30 15:00,626.7782340379379
,2014-04-30 16:00,409.2026715568791
,2014-04-30 17:00,183.12502671644305
,2014-04-30 18:00,12.09380046782138
,2014-04-30 19:00,0.0
,2014-04-30 20:00,0.0
,2014-04-30 21:00,0.0
,2014-04-30 22:00,0.0
,2014-04-30 23:00,0.0
,2014-05-01 00:00,0.0
,2014-05-01 01:00,0.0
,2014-05-01 02:00,0.0
,2014-05-01 03:00,0.0
,2014-05-01 04:00,0.0
,2014-05-01 05:00,0.0
,2014-05-01 06:00,162.48432952160147
,2014-05-01 07:00,386.58793779499604
,2014-05-01 08:00,606.6767155401105
,2014-05-01 09:00,795.410374191481
,2014-05-01 10:00,933.5258891742982
,2014-05-01 11:00,1006.3519215745902
,2014-05-01 12:00,1011.0489339763905
,2014-05-01 13:00,945.3611490824437
,2014-05-01 14:00,816.9341708711431
,2014-05-01 15:00,633.6231116412299
,2014-05-01 16:00,414.8219772907259
,2014-05-01 17:00,187.1540149385338
,2014-05-01 18:00,0.0
,2014-05-01 19:00,0.0
,2014-05-01 20:00,0.0
,2014-05-01 21:00,0.0
,2014-05-01 22:00,0.0
,2014-05-01 23:00,0.0
,2014-05-02 00:00,0.0
,2014-05-02 01:00,0.0
,2014-05-02 02:00,0.0
,2014-05-02 03:00,0.0
,2014-05-02 04:00,0.0
,2014-05-02 05:00,5.375919000535509
,2014-05-02 06:00,165.35846975398806
,2014-05-02 07:00,388.60051847474494
,2014-05-02 08:00,607.9877753405245
,2014-05-02 09:00,795.2530591424908
,2014-05-02 10:00,932.1829301000873
,2014-05-02 11:00,1005.9442074838054
,2014-05-02 12:00,1010.935178445463
,2014-05-02 13:00,946.1126488836355
,2014-05-02 14:00,817.8617167121678
,2014-05-02 15:00,635.3050902115842
,2014-05-02 16:00,417.49644453162927
,2014-05-02 17:00,189.99665115985198
,2014-05-02 18:00,14.933655555410551
,2014-05-02 19:00,0.0
,2014-05-02 20:00,0.0
,2014-05-02 21:00,0.0
,2014-05-02 22:00,0.0
,2014-05-02 23:00,0.0
,2014-05-03 00:00,0.0
,2014-05-03 01:00,0.0
,2014-05-03 02:00,0.0
,2014-05-03 03:00,0.0
,2014-05-03 04:00,0.0
,2014-05-03 05:00,6.433141233771433
,2014-05-03 06:00,168.23699851724476
,2014-05-03 07:00,392.69456848732676
,2014-05-03 08:00,613.5727801376527
,2014-05-03 09:00,799.9446863951935
,2014-05-03 10:00,936.5364847348139
,2014-05-03 11:00,1009.9367314820104
,2014-05-03 12:00,1014.5827609757241
,2014-05-03 13:00,947.8946774666188
,2014-05-03 14:00,818.9563662457152
,2014-05-03 15:00,637.0348588198149
,2014-05-03 16:00,420.308567635681
,2014-05-03 17:00,193.16619855006525
,2014-05-03 18:00,16.427584033284262
,2014-05-03 19:00,0.0
,2014-05-03 20:00,0.0
,2014-05-03 21:00,0.0
,2014-05-03 22:00,0.0
,2014-05-03 23:00,0.0
,2014-05-04 00:00,0.0
,2014-05-04 01:00,0.0
,2014-05-04 02:00,0.0
,2014-05-04 03:00,0.0
,2014-05-04 04:00,0.0
,2014-05-04 05:00,7.543522990742032
,2014-05-04 06:00,171.18653379506938
,2014-05-04 07:00,395.6907468860326
,2014-05-04 08:00,616.0283290283248
,2014-05-04 09:00,803.0621667701964
,2014-05-04 10:00,938.2827652365764
,2014-05-04 11:00,1012.6511226663089
,2014-05-04 12:00,1019.4414476013739
,2014-05-04 13:00,955.1431638576795
,2014-05-04 14:00,825.6851041635786
,2014-05-04 15:00,643.3489015923337
,2014-05-04 16:00,424.8688787828145
,2014-05-04 17:00,196.54246468528592
,2014-05-04 18:00,17.95979677515026
,2014-05-04 19:00,0.0
,2014-05-04 20:00,0.0
,2014-05-04 21:00,0.0
,2014-05-04 22:00,0.0
,2014-05-04 23:00,0.0
,2014-05-05 00:00,0.0
,2014-05-05 01:00,0.0
,2014-05-05 02:00,0.0
,2014-05-05 03:00,0.0
,2014-05-05 04:00,0.0
,2014-05-05 05:00,0.0
,2014-05-05 06:00,174.04494737531923
,2014-05-05 07:00,398.63265899521673
,2014-05-05 08:00,618.6975672740527
,2014-05-05 09:00,805.9984865405086
,2014-05-05 10:00,941.8425211335192
,2014-05-05 11:00,1015.2430688262051
,2014-05-05 12:00,1019.5996377327109
,2014-05-05 13:00,954.1055116188361
,2014-05-05 14:00,824.9362225757494
,2014-05-05 15:00,643.7602900106255
,2014-05-05 16:00,426.08350653878864
,2014-05-05 17:00,198.75851656929612
,2014-05-05 18:00,19.433453261146262
,2014-05-05 19:00,0.0
,2014-05-05 20:00,0.0
,2014-05-05 21:00,0.0
,2014-05-05 22:00,0.0
,2014-05-05 23:00,0.0
,2014-05-06 00:00,0.0
,2014-05-06 01:00,0.0
,2014-05-06 02:00,0.0
,2014-05-06 03:00,0.0
,2014-05-06 04:00,0.0
,2014-05-06 05:00,9.882054068383244
,2014-05-06 06:00,176.28214006501992
,2014-05-06 07:00,399.7122880306929
,2014-05-06 08:00,618.4887068662894
,2014-05-06 09:00,804.3483745334456
,2014-05-06 10:00,940.4586404113996
,2014-05-06 11:00,1013.5440183397579
,2014-05-06 12:00,1017.9925463516337
,2014-05-06 13:00,953.4518180040932
,2014-05-06 14:00,825.0461677125029
,2014-05-06 15:00,644.1602192579072
,2014-05-06 16:00,427.26059391946586
,2014-05-06 17:00,200.72631271516832
,2014-05-06 18:00,0.0
,2014-05-06 19:00,0.0
,2014-05-06 20:00,0.0
,2014-05-06 21:00,0.0
,2014-05-06 22:00,0.0
,2014-05-06 23:00,0.0
,2014-05-07 00:00,0.0
,2014-05-07 01:00,0.0
,2014-05-07 02:00,0.0
,2014-05-07 03:00,0.0
,2014-05-07 04:00,0.0
,2014-05-07 05:00,11.069908562861645
,2014-05-07 06:00,178.6234792071937
,2014-05-07 07:00,401.9035497712213
,2014-05-07 08:00,619.0638607470753
,2014-05-07 09:00,805.0781129090188
,2014-05-07 10:00,940.7900676387685
,2014-05-07 11:00,1013.3700037663804
,2014-05-07 12:00,1018.0519254554367
,2014-05-07 13:00,953.661218027562
,2014-05-07 14:00,826.0746863556807
,2014-05-07 15:00,646.3850730794312
,2014-05-07 16:00,430.0893021020896
,2014-05-07 17:00,203.74263165445575
,2014-05-07 18:00,22.510824917724094
,2014-05-07 19:00,0.0
,2014-05-07 20:00,0.0
,2014-05-07 21:00,0.0
,2014-05-07 22:00,0.0
,2014-05-07 23:00,0.0
,2014-05-08 00:00,0.0
,2014-05-08 01:00,0.0
,2014-05-08 02:00,0.0
,2014-05-08 03:00,0.0
,2014-05-08 04:00,0.0
,2014-05-08 05:00,12.30696520122014
,2014-05-08 06:00,181.18282294541868
,2014-05-08 07:00,403.82066187028977
,2014-05-08 08:00,621.8176758937157
,2014-05-08 09:00,807.1869129781037
,2014-05-08 10:00,941.5875090769439
,2014-05-08 11:00,1016.068012455158
,2014-05-08 12:00,1022.024567948984
,2014-05-08 13:00,956.4598842044772
,2014-05-08 14:00,829.0634848215018
,2014-05-08 15:00,649.3102089089227
,2014-05-08 16:00,432.87604272301866
,2014-05-08 17:00,206.38706028817674
,2014-05-08 18:00,24.106261694998757
,2014-05-08 19:00,0.0
,2014-05-08 20:00,0.0
,2014-05-08 21:00,0.0
,2014-05-08 22:00,0.0
,2014-05-08 23:00,0.0
,2014-05-09 00:00,0.0
,2014-05-09 01:00,0.0
,2014-05-09 02:00,0.0
,2014-05-09 03:00,0.0
,2014-05-09 04:00,0.0
,2014-05-09 05:00,0.0
,2014-05-09 06:00,183.7990219239329
,2014-05-09 07:00,407.0628023049517
,2014-05-09 08:00,624.5863628847815
,2014-05-09 09:00,809.8097351548089
,2014-05-09 10:00,944.2879671487751
,2014-05-09 11:00,1017.1974449922157
,2014-05-09 12:00,1021.1024122382894
,2014-05-09 13:00,957.5541968018435
,2014-05-09 14:00,829.8814495727993
,2014-05-09 15:00,649.9274883370119
,2014-05-09 16:00,434.2238000889028
,2014-05-09 17:00,208.3791202410589
,2014-05-09 18:00,25.62546661559028
,2014-05-09 19:00,0.0
,2014-05-09 20:00,0.0
,2014-05-09 21:00,0.0
,2014-05-09 22:00,0.0
,2014-05-09 23:00,0.0
,2014-05-10 00:00,0.0
,2014-05-10 01:00,0.0
,2014-05-10 02:00,0.0
,2014-05-10 03:00,0.0
,2014-05-10 04:00,0.0
,2014-05-10 05:00,0.0
,2014-05-10 06:00,185.62055405652865
,2014-05-10 07:00,408.15169446411244
,2014-05-10 08:00,625.2628137510734
,2014-05-10 09:00,809.5723569889631
,2014-05-10 10:00,943.3981358037919
,2014-05-10 11:00,1015.5813596741142
,2014-05-10 12:00,1020.2434640652923
,2014-05-10 13:00,956.675344737655
,2014-05-10 14:00,829.6937103413662
,2014-05-10 15:00,650.5139420923895
,2014-05-10 16:00,435.4766755801444
,2014-05-10 17:00,210.29962766624266
,2014-05-10 18:00,27.14108830608467
,2014-05-10 19:00,0.0
,2014-05-10 20:00,0.0
,2014-05-10 21:00,0.0
,2014-05-10 22:00,0.0
,2014-05-10 23:00,0.0
,2014-05-11 00:00,0.0
,2014-05-11 01:00,0.0
,2014-05-11 02:00,0.0
,2014-05-11 03:00,0.0
,2014-05-11 04:00,0.0
,2014-05-11 05:00,16.136309159153566
,2014-05-11 06:00,188.21738300436076
,2014-05-11 07:00,411.3737253310331
,2014-05-11 08:00,627.770291088228
,2014-05-11 09:00,812.2206842378913
,2014-05-11 10:00,945.8564372711667
,2014-05-11 11:00,1017.4380951739265
,2014-05-11 12:00,1021.5377789262253
,2014-05-11 13:00,958.2175492413428
,2014-05-11 14:00,831.8196459478181
,2014-05-11 15:00,652.8939343039411
,2014-05-11 16:00,438.2702502771379
,2014-05-11 17:00,213.05254143713236
,2014-05-11 18:00,0.0
,2014-05-11 19:00,0.0
,2014-05-11 20:00,0.0
,2014-05-11 21:00,0.0
,2014-05-11 22:00,0.0
,2014-05-11 23:00,0.0
,2014-05-12 00:00,0.0
,2014-05-12 01:00,0.0
,2014-05-12 02:00,0.0
,2014-05-12 03:00,0.0
,2014-05-12 04:00,0.0
,2014-05-12 05:00,17.446396715583813
,2014-05-12 06:00,190.34569376232537
,2014-05-12 07:00,413.3900652583036
,2014-05-12 08:00,629.5220298714695
,2014-05-12 09:00,813.8733227929843
,2014-05-12 10:00,947.4663621952315
,2014-05-12 11:00,1019.473421655746
,2014-05-12 12:00,1023.5344271388818
,2014-05-12 13:00,959.7401955938033
,2014-05-12 14:00,832.7245533811624
,2014-05-12 15:00,654.4037128705728
,2014-05-12 16:00,440.29715700454244
,2014-05-12 17:00,215.47977724460628
,2014-05-12 18:00,0.0
,2014-05-12 19:00,0.0
,2014-05-12 20:00,0.0
,2014-05-12 21:00,0.0
,2014-05-12 22:00,0.0
,2014-05-12 23:00,0.0
,2014-05-13 00:00,0.0
,2014-05-13 01:00,0.0
,2014-05-13 02:00,0.0
,2014-05-13 03:00,0.0
,2014-05-13 04:00,0.0
,2014-05-13 05:00,18.825590595646325
,2014-05-13 06:00,192.9135920333444
,2014-05-13 07:00,415.8012344332159
,2014-05-13 08:00,632.2980151487047
,2014-05-13 09:00,816.2036505111528
,2014-05-13 10:00,949.6606787209073
,2014-05-13 11:00,1021.5284037292851
,2014-05-13 12:00,1028.3998147711172
,2014-05-13 13:00,965.4151548662977
,2014-05-13 14:00,840.1208296846485
,2014-05-13 15:00,660.8594830269477
,2014-05-13 16:00,444.8694224051043
,2014-05-13 17:00,218.9619093254994
,2014-05-13 18:00,32.173716063971966
,2014-05-13 19:00,0.0
,2014-05-13 20:00,0.0
,2014-05-13 21:00,0.0
,2014-05-13 22:00,0.0
,2014-05-13 23:00,0.0
,2014-05-14 00:00,0.0
,2014-05-14 01:00,0.0
,2014-05-14 02:00,0.0
,2014-05-14 03:00,0.0
,2014-05-14 04:00,0.0
,2014-05-14 05:00,0.0
,2014-05-14 06:00,196.43687758202057
,2014-05-14 07:00,419.9088870808786
,2014-05-14 08:00,637.2213252418732
,2014-05-14 09:00,822.1929481221472
,2014-05-14 10:00,957.3816593600965
,2014-05-14 11:00,1029.7756751107502
,2014-05-14 12:00,1034.4637263184682
,2014-05-14 13:00,970.8682195248108
,2014-05-14 14:00,844.1545786435267
,2014-05-14 15:00,664.7772909519871
,2014-05-14 16:00,448.7382865239241
,2014-05-14 17:00,222.30769728347718
,2014-05-14 18:00,34.0407463778358
,2014-05-14 19:00,0.0
,2014-05-14 20:00,0.0
,2014-05-14 21:00,0.0
,2014-05-14 22:00,0.0
,2014-05-14 23:00,0.0
,2014-05-15 00:00,0.0
,2014-05-15 01:00,0.0
,2014-05-15 02:00,0.0
,2014-05-15 03:00,0.0
,2014-05-15 04:00,0.0
,2014-05-15 05:00,0.0
,2014-05-15 06:00,198.3980261356496
,2014-05-15 07:00,421.93587961171596
,2014-05-15 08:00,638.9392438230639
,2014-05-15 09:00,823.0949982893002
,2014-05-15 10:00,956.9604400167394
,2014-05-15 11:00,1028.8919924417726
,2014-05-15 12:00,1033.802022528848
,2014-05-15 13:00,970.1136772545872
,2014-05-15 14:00,843.8089740440944
,2014-05-15 15:00,665.1385089753827
,2014-05-15 16:00,450.34476541773665
,2014-05-15 17:00,224.36735939740225
,2014-05-15 18:00,35.57936023888437
,2014-05-15 19:00,0.0
,2014-05-15 20:00,0.0
,2014-05-15 21:00,0.0
,2014-05-15 22:00,0.0
,2014-05-15 23:00,0.0
,2014-05-16 00:00,0.0
,2014-05-16 01:00,0.0
,2014-05-16 02:00,0.0
,2014-05-16 03:00,0.0
,2014-05-16 04:00,0.0
,2014-05-16 05:00,23.00698528394222
,2014-05-16 06:00,200.98500217869318
,2014-05-16 07:00,424.75657658506196
,2014-05-16 08:00,642.0933849917903
,2014-05-16 09:00,826.6136864754236
,2014-05-16 10:00,961.528769920261
,2014-05-16 11:00,1034.3444219697694
,2014-05-16 12:00,1039.0369671988897
,2014-05-16 13:00,974.1619245118067
,2014-05-16 14:00,847.6514891048683
,2014-05-16 15:00,668.4660924616287
,2014-05-16 16:00,453.2720117243389
,2014-05-16 17:00,226.9478836619899
,2014-05-16 18:00,0.0
,2014-05-16 19:00,0.0
,2014-05-16 20:00,0.0
,2014-05-16 21:00,0.0
,2014-05-16 22:00,0.0
,2014-05-16 23:00,0.0
,2014-05-17 00:00,0.0
,2014-05-17 01:00,0.0
,2014-05-17 02:00,0.0
,2014-05-17 03:00,0.0
,2014-05-17 04:00,0.0
,2014-05-17 05:00,24.333739845924885
,2014-05-17 06:00,202.95316359468936
,2014-05-17 07:00,426.46413654509104
,2014-05-17 08:00,642.8549896461099
,2014-05-17 09:00,826.5634617122387
,2014-05-17 10:00,959.8923891074262
,2014-05-17 11:00,1033.6941678258252
,2014-05-17 12:00,1038.1966180243996
,2014-05-17 13:00,974.9707629687679
,2014-05-17 14:00,849.4023434445414
,2014-05-17 15:00,670.9933832426841
,2014-05-17 16:00,455.64313839800224
,2014-05-17 17:00,229.32836459108748
,2014-05-17 18:00,0.0
,2014-05-17 19:00,0.0
,2014-05-17 20:00,0.0
,2014-05-17 21:00,0.0
,2014-05-17 22:00,0.0
,2014-05-17 23:00,0.0
,2014-05-18 00:00,0.0
,2014-05-18 01:00,0.0
,2014-05-18 02:00,0.0
,2014-05-18 03:00,0.0
,2014-05-18 04:00,0.0
,2014-05-18 05:00,25.639947211936786
,2014-05-18 06:00,204.27285992044474
,2014-05-18 07:00,426.8474941887669
,2014-05-18 08:00,642.5237492791658
,2014-05-18 09:00,825.9072347761585
,2014-05-18 10:00,959.4359088844085
,2014-05-18 11:00,1030.9529023724294
,2014-05-18 12:00,1035.0632859679447
,2014-05-18 13:00,972.3309577940759
,2014-05-18 14:00,846.7486539991862
,2014-05-18 15:00,668.6372140646356
,2014-05-18 16:00,455.2755092278302
,2014-05-18 17:00,230.07873650760627
,2014-05-18 18:00,40.17878591774229
,2014-05-18 19:00,0.0
,2014-05-18 20:00,0.0
,2014-05-18 21:00,0.0
,2014-05-18 22:00,0.0
,2014-05-18 23:00,0.0
,2014-05-19 00:00,0.0
,2014-05-19 01:00,0.0
,2014-05-19 02:00,0.0
,2014-05-19 03:00,0.0
,2014-05-19 04:00,0.0
,2014-05-19 05:00,26.947148889082943
,2014-05-19 06:00,206.66216296684968
,2014-05-19 07:00,429.4547761529286
,2014-05-19 08:00,645.3435186513642
,2014-05-19 09:00,828.513077352369
,2014-05-19 10:00,962.2784493511455
,2014-05-19 11:00,1034.5008469632512
,2014-05-19 12:00,1038.9519970981892
,2014-05-19 13:00,975.2002506186975
,2014-05-19 14:00,849.3204679748276
,2014-05-19 15:00,671.9549476377487
,2014-05-19 16:00,458.3986630661225
,2014-05-19 17:00,232.83078230771164
,2014-05-19 18:00,41.81518639711312
,2014-05-19 19:00,0.0
,2014-05-19 20:00,0.0
,2014-05-19 21:00,0.0
,2014-05-19 22:00,0.0
,2014-05-19 23:00,0.0
,2014-05-20 00:00,0.0
,2014-05-20 01:00,0.0
,2014-05-20 02:00,0.0
,2014-05-20 03:00,0.0
,2014-05-20 04:00,0.0
,2014-05-20 05:00,0.0
,2014-05-20 06:00,208.0444530773011
,2014-05-20 07:00,429.9898898520267
,2014-05-20 08:00,645.155130283623
,2014-05-20 09:00,827.3979865180673
,2014-05-20 10:00,959.99038958052
,2014-05-20 11:00,1031.638734306754
,2014-05-20 12:00,1035.3113787007014
,2014-05-20 13:00,971.9872542207547
,2014-05-20 14:00,846.6529259211179
,2014-05-20 15:00,670.0699509007212
,2014-05-20 16:00,457.3046803200361
,2014-05-20 17:00,233.33095894987784
,2014-05-20 18:00,43.064724623937025
,2014-05-20 19:00,0.0
,2014-05-20 20:00,0.0
,2014-05-20 21:00,0.0
,2014-05-20 22:00,0.0
,2014-05-20 23:00,0.0
,2014-05-21 00:00,0.0
,2014-05-21 01:00,0.0
,2014-05-21 02:00,0.0
,2014-05-21 03:00,0.0
,2014-05-21 04:00,0.0
,2014-05-21 05:00,0.0
,2014-05-21 06:00,209.3098356980171
,2014-05-21 07:00,430.42327779858687
,2014-05-21 08:00,645.0474756061685
,2014-05-21 09:00,827.2672500952805
,2014-05-21 10:00,959.0772266761026
,2014-05-21 11:00,1030.560545291902
,2014-05-21 12:00,1034.8242487429532
,2014-05-21 13:00,971.8019123113868
,2014-05-21 14:00,846.9688337820991
,2014-05-21 15:00,670.120370459564
,2014-05-21 16:00,458.20832664223724
,2014-05-21 17:00,234.74996322443906
,2014-05-21 18:00,44.44726608435787
,2014-05-21 19:00,0.0
,2014-05-21 20:00,0.0
,2014-05-21 21:00,0.0
,2014-05-21 22:00,0.0
,2014-05-21 23:00,0.0
,2014-05-22 00:00,0.0
,2014-05-22 01:00,0.0
,2014-05-22 02:00,0.0
,2014-05-22 03:00,0.0
,2014-05-22 04:00,0.0
,2014-05-22 05:00,30.68254742114204
,2014-05-22 06:00,211.0139982923992
,2014-05-22 07:00,431.5605573524171
,2014-05-22 08:00,645.6155232782111
,2014-05-22 09:00,827.0792181248363
,2014-05-22 10:00,958.8562840272358
,2014-05-22 11:00,1029.3275258513218
,2014-05-22 12:00,1033.613248424374
,2014-05-22 13:00,970.8283777563663
,2014-05-22 14:00,846.1905502660602
,2014-05-22 15:00,670.1932158545935
,2014-05-22 16:00,459.147527075505
,2014-05-22 17:00,236.35264862369382
,2014-05-22 18:00,0.0
,2014-05-22 19:00,0.0
,2014-05-22 20:00,0.0
,2014-05-22 21:00,0.0
,2014-05-22 22:00,0.0
,2014-05-22 23:00,0.0
,2014-05-23 00:00,0.0
,2014-05-23 01:00,0.0
,2014-05-23 02:00,0.0
,2014-05-23 03:00,0.0
,2014-05-23 04:00,0.0
,2014-05-23 05:00,31.857528876085244
,2014-05-23 06:00,212.41313113914072
,2014-05-23 07:00,432.5801725005409
,2014-05-23 08:00,645.5089826481924
,2014-05-23 09:00,826.3413957389432
,2014-05-23 10:00,958.5265145193404
,2014-05-23 11:00,1028.6630795880399
,2014-05-23 12:00,1033.5269301712694
,2014-05-23 13:00,970.9106615114097
,2014-05-23 14:00,846.8149719611266
,2014-05-23 15:00,671.4588467496286
,2014-05-23 16:00,460.7469305226691
,2014-05-23 17:00,238.2199628728146
,2014-05-23 18:00,0.0
,2014-05-23 19:00,0.0
,2014-05-23 20:00,0.0
,2014-05-23 21:00,0.0
,2014-05-23 22:00,0.0
,2014-05-23 23:00,0.0
,2014-05-24 00:00,0.0
,2014-05-24 01:00,0.0
,2014-05-24 02:00,0.0
,2014-05-24 03:00,0.0
,2014-05-24 04:00,0.0
,2014-05-24 05:00,33.083987325742335
,2014-05-24 06:00,214.50447507767348
,2014-05-24 07:00,435.1768420427202
,2014-05-24 08:00,648.3387235734667
,2014-05-24 09:00,828.6836415380736
,2014-05-24 10:00,958.3119734678315
,2014-05-24 11:00,1030.6716126956587
,2014-05-24 12:00,1035.4568040818972
,2014-05-24 13:00,971.837087480402
,2014-05-24 14:00,848.4814925390466
,2014-05-24 15:00,673.4998475121207
,2014-05-24 16:00,463.02268767112696
,2014-05-24 17:00,240.37711341349788
,2014-05-24 18:00,0.0
,2014-05-24 19:00,0.0
,2014-05-24 20:00,0.0
,2014-05-24 21:00,0.0
,2014-05-24 22:00,0.0
,2014-05-24 23:00,0.0
,2014-05-25 00:00,0.0
,2014-05-25 01:00,0.0
,2014-05-25 02:00,0.0
,2014-05-25 03:00,0.0
,2014-05-25 04:00,0.0
,2014-05-25 05:00,34.33377809521186
,2014-05-25 06:00,216.15532587898562
,2014-05-25 07:00,436.6556561530161
,2014-05-25 08:00,649.951803138943
,2014-05-25 09:00,830.6713059998694
,2014-05-25 10:00,961.4111823304925
,2014-05-25 11:00,1032.1255143995427
,2014-05-25 12:00,1036.398042229442
,2014-05-25 13:00,974.0275228179237
,2014-05-25 14:00,850.1930819079085
,2014-05-25 15:00,675.7213588466544
,2014-05-25 16:00,465.2183988488812
,2014-05-25 17:00,242.38420968017942
,2014-05-25 18:00,50.22487816513312
,2014-05-25 19:00,0.0
,2014-05-25 20:00,0.0
,2014-05-25 21:00,0.0
,2014-05-25 22:00,0.0
,2014-05-25 23:00,0.0
,2014-05-26 00:00,0.0
,2014-05-26 01:00,0.0
,2014-05-26 02:00,0.0
,2014-05-26 03:00,0.0
,2014-05-26 04:00,0.0
,2014-05-26 05:00,0.0
,2014-05-26 06:00,217.93372181956732
,2014-05-26 07:00,437.83112399794175
,2014-05-26 08:00,650.1700330528566
,2014-05-26 09:00,830.8170292595917
,2014-05-26 10:00,961.9697315544378
,2014-05-26 11:00,1032.39142885854
,2014-05-26 12:00,1037.8790458199735
,2014-05-26 13:00,976.607602530961
,2014-05-26 14:00,851.1033090161201
,2014-05-26 15:00,676.9472568491827
,2014-05-26 16:00,467.7157992458802
,2014-05-26 17:00,244.47139403867567
,2014-05-26 18:00,51.55547991503847
,2014-05-26 19:00,0.0
,2014-05-26 20:00,0.0
,2014-05-26 21:00,0.0
,2014-05-26 22:00,0.0
,2014-05-26 23:00,0.0
,2014-05-27 00:00,0.0
,2014-05-27 01:00,0.0
,2014-05-27 02:00,0.0
,2014-05-27 03:00,0.0
,2014-05-27 04:00,0.0
,2014-05-27 05:00,0.0
,2014-05-27 06:00,219.94014946032738
,2014-05-27 07:00,439.90995534035915
,2014-05-27 08:00,652.2195484127692
,2014-05-27 09:00,831.8263564199152
,2014-05-27 10:00,962.7778128138063
,2014-05-27 11:00,1032.999754400507
,2014-05-27 12:00,1037.191292099355
,2014-05-27 13:00,973.6749753083466
,2014-05-27 14:00,850.8225165696379
,2014-05-27 15:00,677.383892572064
,2014-05-27 16:00,467.42816236770625
,2014-05-27 17:00,245.49602554238012
,2014-05-27 18:00,52.794958104775844
,2014-05-27 19:00,0.0
,2014-05-27 20:00,0.0
,2014-05-27 21:00,0.0
,2014-05-27 22:00,0.0
,2014-05-27 23:00,0.0
,2014-05-28 00:00,0.0
,2014-05-28 01:00,0.0
,2014-05-28 02:00,0.0
,2014-05-28 03:00,0.0
,2014-05-28 04:00,0.0
,2014-05-28 05:00,37.938441476640946
,2014-05-28 06:00,221.94077538843328
,2014-05-28 07:00,442.45382472372546
,2014-05-28 08:00,654.7441268041528
,2014-05-28 09:00,834.6698763028485
,2014-05-28 10:00,965.2737021538295
,2014-05-28 11:00,1035.879326650448
,2014-05-28 12:00,1040.1369025255533
,2014-05-28 13:00,977.874142179652
,2014-05-28 14:00,855.1650937926128
,2014-05-28 15:00,680.5961059575745
,2014-05-28 16:00,470.30201782450604
,2014-05-28 17:00,247.51917361559651
,2014-05-28 18:00,54.14243850694061
,2014-05-28 19:00,0.0
,2014-05-28 20:00,0.0
,2014-05-28 21:00,0.0
,2014-05-28 22:00,0.0
,2014-05-28 23:00,0.0
,2014-05-29 00:00,0.0
,2014-05-29 01:00,0.0
,2014-05-29 02:00,0.0
,2014-05-29 03:00,0.0
,2014-05-29 04:00,0.0
,2014-05-29 05:00,38.97234826838177
,2014-05-29 06:00,223.11691247283775
,2014-05-29 07:00,443.33199940901153
,2014-05-29 08:00,656.3636600743062
,2014-05-29 09:00,836.8109253977489
,2014-05-29 10:00,967.5792248721488
,2014-05-29 11:00,1038.2139940122943
,2014-05-29 12:00,1042.5664637159384
,2014-05-29 13:00,980.6263452360496
,2014-05-29 14:00,857.3361912180599
,2014-05-29 15:00,683.9781641339787
,2014-05-29 16:00,474.3907836549325
,2014-05-29 17:00,250.60791251335272
,2014-05-29 18:00,55.73072138761512
,2014-05-29 19:00,0.0
,2014-05-29 20:00,0.0
,2014-05-29 21:00,0.0
,2014-05-29 22:00,0.0
,2014-05-29 23:00,0.0
,2014-05-30 00:00,0.0
,2014-05-30 01:00,0.0
,2014-05-30 02:00,0.0
,2014-05-30 03:00,0.0
,2014-05-30 04:00,0.0
,2014-05-30 05:00,40.01728298972375
,2014-05-30 06:00,224.10760909036256
,2014-05-30 07:00,443.94095279511225
,2014-05-30 08:00,655.8282068389699
,2014-05-30 09:00,835.547854253613
,2014-05-30 10:00,965.8229616498862
,2014-05-30 11:00,1036.0908946035918
,2014-05-30 12:00,1040.5414940126716
,2014-05-30 13:00,979.7595293062757
,2014-05-30 14:00,857.5238249867023
,2014-05-30 15:00,684.1652882149567
,2014-05-30 16:00,475.256139828602
,2014-05-30 17:00,251.66280606892963
,2014-05-30 18:00,0.0
,2014-05-30 19:00,0.0
,2014-05-30 20:00,0.0
,2014-05-30 21:00,0.0
,2014-05-30 22:00,0.0
,2014-05-30 23:00,0.0
,2014-05-31 00:00,0.0
,2014-05-31 01:00,0.0
,2014-05-31 02:00,0.0
,2014-05-31 03:00,0.0
,2014-05-31 04:00,0.0
,2014-05-31 05:00,41.055205649239916
,2014-05-31 06:00,225.8208904792629
,2014-05-31 07:00,446.09693363322305
,2014-05-31 08:00,658.6086792698877
,2014-05-31 09:00,838.8255021526571
,2014-05-31 10:00,969.8028863443517
,2014-05-31 11:00,1039.0895911409018
,2014-05-31 12:00,1043.1069813769766
,2014-05-31 13:00,982.6208200346439
,2014-05-31 14:00,862.0236915315706
,2014-05-31 15:00,686.0379692139041
,2014-05-31 16:00,475.5221403805014
,2014-05-31 17:00,252.98436644996042
,2014-05-31 18:00,0.0
,2014-05-31 19:00,0.0
,2014-05-31 20:00,0.0
,2014-05-31 21:00,0.0
,2014-05-31 22:00,0.0
,2014-05-31 23:00,0.0
,2014-06-01 00:00,0.0
,2014-06-01 01:00,0.0
,2014-06-01 02:00,0.0
,2014-06-01 03:00,0.0
,2014-06-01 04:00,0.0
,2014-06-01 05:00,42.30099229760401
,2014-06-01 06:00,228.54519253730695
,2014-06-01 07:00,450.2310836879403
,2014-06-01 08:00,663.4037881147913
,2014-06-01 09:00,842.7354111405756
,2014-06-01 10:00,974.8517955866989
,2014-06-01 11:00,1044.9428485302692
,2014-06-01 12:00,1049.234475362353
,2014-06-01 13:00,986.7160911862977
,2014-06-01 14:00,862.6102047630773
,2014-06-01 15:00,688.3429556505411
,2014-06-01 16:00,477.70745792041834
,2014-06-01 17:00,254.20441281220764
,2014-06-01 18:00,0.0
,2014-06-01 19:00,0.0
,2014-06-01 20:00,0.0
,2014-06-01 21:00,0.0
,2014-06-01 22:00,0.0
,2014-06-01 23:00,0.0
,2014-06-02 00:00,0.0
,2014-06-02 01:00,0.0
,2014-06-02 02:00,0.0
,2014-06-02 03:00,0.0
,2014-06-02 04:00,0.0
,2014-06-02 05:00,0.0
,2014-06-02 06:00,229.2749378478038
,2014-06-02 07:00,450.48532179910273
,2014-06-02 08:00,663.0823228864961
,2014-06-02 09:00,842.9978809399415
,2014-06-02 10:00,973.750488812118
,2014-06-02 11:00,1045.007122417426
,2014-06-02 12:00,1049.181763433429
,2014-06-02 13:00,986.8124160111986
,2014-06-02 14:00,863.1164885223013
,2014-06-02 15:00,688.3948969771069
,2014-06-02 16:00,477.91827366748544
,2014-06-02 17:00,255.0410425967926
,2014-06-02 18:00,60.023244451396685
,2014-06-02 19:00,0.0
,2014-06-02 20:00,0.0
,2014-06-02 21:00,0.0
,2014-06-02 22:00,0.0
,2014-06-02 23:00,0.0
,2014-06-03 00:00,0.0
,2014-06-03 01:00,0.0
,2014-06-03 02:00,0.0
,2014-06-03 03:00,0.0
,2014-06-03 04:00,0.0
,2014-06-03 05:00,0.0
,2014-06-03 06:00,230.30331974831626
,2014-06-03 07:00,450.92884542928124
,2014-06-03 08:00,662.9869650209897
,2014-06-03 09:00,843.4354743458866
,2014-06-03 10:00,974.1556676679849
,2014-06-03 11:00,1043.899622079422
,2014-06-03 12:00,1048.512808702478
,2014-06-03 13:00,986.753964408379
,2014-06-03 14:00,862.8157240172776
,2014-06-03 15:00,688.5787837952169
,2014-06-03 16:00,478.3855359525697
,2014-06-03 17:00,255.98525274243997
,2014-06-03 18:00,60.977721382538235
,2014-06-03 19:00,0.0
,2014-06-03 20:00,0.0
,2014-06-03 21:00,0.0
,2014-06-03 22:00,0.0
,2014-06-03 23:00,0.0
,2014-06-04 00:00,0.0
,2014-06-04 01:00,0.0
,2014-06-04 02:00,0.0
,2014-06-04 03:00,0.0
,2014-06-04 04:00,0.0
,2014-06-04 05:00,0.0
,2014-06-04 06:00,231.1164672859976
,2014-06-04 07:00,451.2352349795422
,2014-06-04 08:00,663.1861591581954
,2014-06-04 09:00,842.1884680479666
,2014-06-04 10:00,972.5222707169437
,2014-06-04 11:00,1041.5566659467677
,2014-06-04 12:00,1046.5130666097837
,2014-06-04 13:00,983.4854674819735
,2014-06-04 14:00,861.7763111891175
,2014-06-04 15:00,686.9987982372659
,2014-06-04 16:00,477.96496795777085
,2014-06-04 17:00,256.32310198608434
,2014-06-04 18:00,61.70261081657361
,2014-06-04 19:00,0.0
,2014-06-04 20:00,0.0
,2014-06-04 21:00,0.0
,2014-06-04 22:00,0.0
,2014-06-04 23:00,0.0
,2014-06-05 00:00,0.0
,2014-06-05 01:00,0.0
,2014-06-05 02:00,0.0
,2014-06-05 03:00,0.0
,2014-06-05 04:00,0.0
,2014-06-05 05:00,0.0
,2014-06-05 06:00,231.55508832751616
,2014-06-05 07:00,451.2698335814775
,2014-06-05 08:00,662.0933367514609
,2014-06-05 09:00,840.8601045730096
,2014-06-05 10:00,971.246283517676
,2014-06-05 11:00,1041.8396740054334
,2014-06-05 12:00,1045.1515604091435
,2014-06-05 13:00,984.0270511201503
,2014-06-05 14:00,860.6703361797712
,2014-06-05 15:00,687.1581259478418
,2014-06-05 16:00,477.9679997446717
,2014-06-05 17:00,256.7063483467224
,2014-06-05 18:00,62.47295712787584
,2014-06-05 19:00,0.0
,2014-06-05 20:00,0.0
,2014-06-05 21:00,0.0
,2014-06-05 22:00,0.0
,2014-06-05 23:00,0.0
,2014-06-06 00:00,0.0
,2014-06-06 01:00,0.0
,2014-06-06 02:00,0.0
,2014-06-06 03:00,0.0
,2014-06-06 04:00,0.0
,2014-06-06 05:00,0.0
,2014-06-06 06:00,232.4115027484356
,2014-06-06 07:00,452.0342054022717
,2014-06-06 08:00,662.8559281016459
,2014-06-06 09:00,840.9215697379102
,2014-06-06 10:00,971.1127260227139
,2014-06-06 11:00,1041.066484610003
,2014-06-06 12:00,1045.1918540935715
,2014-06-06 13:00,983.5165221221264
,2014-06-06 14:00,860.3695812991402
,2014-06-06 15:00,687.1119610969862
,2014-06-06 16:00,478.96279613784986
,2014-06-06 17:00,258.01043338783643
,2014-06-06 18:00,63.365765664497225
,2014-06-06 19:00,0.0
,2014-06-06 20:00,0.0
,2014-06-06 21:00,0.0
,2014-06-06 22:00,0.0
,2014-06-06 23:00,0.0
,2014-06-07 00:00,0.0
,2014-06-07 01:00,0.0
,2014-06-07 02:00,0.0
,2014-06-07 03:00,0.0
,2014-06-07 04:00,0.0
,2014-06-07 05:00,47.027636581595864
,2014-06-07 06:00,233.133135474092
,2014-06-07 07:00,452.42269911605865
,2014-06-07 08:00,663.2673201805617
,2014-06-07 09:00,841.8839675976444
,2014-06-07 10:00,972.3003790109556
,2014-06-07 11:00,1040.3605707727916
,2014-06-07 12:00,1044.2455038570108
,2014-06-07 13:00,983.6421945914677
,2014-06-07 14:00,860.713643612428
,2014-06-07 15:00,686.76503097867
,2014-06-07 16:00,479.11124292164186
,2014-06-07 17:00,258.4575038863995
,2014-06-07 18:00,64.10087067893657
,2014-06-07 19:00,0.0
,2014-06-07 20:00,0.0
,2014-06-07 21:00,0.0
,2014-06-07 22:00,0.0
,2014-06-07 23:00,0.0
,2014-06-08 00:00,0.0
,2014-06-08 01:00,0.0
,2014-06-08 02:00,0.0
,2014-06-08 03:00,0.0
,2014-06-08 04:00,0.0
,2014-06-08 05:00,47.65275249132347
,2014-06-08 06:00,233.89282384511588
,2014-06-08 07:00,453.19533647436157
,2014-06-08 08:00,664.1318520452787
,2014-06-08 09:00,842.1422740216535
,2014-06-08 10:00,971.3039382901608
,2014-06-08 11:00,1040.5235679541547
,2014-06-08 12:00,1044.9338790493275
,2014-06-08 13:00,983.3153072614151
,2014-06-08 14:00,860.7760686909575
,2014-06-08 15:00,687.9864886052067
,2014-06-08 16:00,479.7729206290828
,2014-06-08 17:00,259.3355681512461
,2014-06-08 18:00,64.82441640754203
,2014-06-08 19:00,0.0
,2014-06-08 20:00,0.0
,2014-06-08 21:00,0.0
,2014-06-08 22:00,0.0
,2014-06-08 23:00,0.0
,2014-06-09 00:00,0.0
,2014-06-09 01:00,0.0
,2014-06-09 02:00,0.0
,2014-06-09 03:00,0.0
,2014-06-09 04:00,0.0
,2014-06-09 05:00,48.241263008297366
,2014-06-09 06:00,234.5328407110724
,2014-06-09 07:00,453.8673787004534
,2014-06-09 08:00,663.84064388576
,2014-06-09 09:00,841.613791013008
,2014-06-09 10:00,970.4316330128975
,2014-06-09 11:00,1040.5080399604376
,2014-06-09 12:00,1044.0336127692422
,2014-06-09 13:00,983.1739760008963
,2014-06-09 14:00,860.4045754431304
,2014-06-09 15:00,688.2636810853924
,2014-06-09 16:00,480.5116270222181
,2014-06-09 17:00,260.0412380906614
,2014-06-09 18:00,65.46173389745836
,2014-06-09 19:00,0.0
,2014-06-09 20:00,0.0
,2014-06-09 21:00,0.0
,2014-06-09 22:00,0.0
,2014-06-09 23:00,0.0
,2014-06-10 00:00,0.0
,2014-06-10 01:00,0.0
,2014-06-10 02:00,0.0
,2014-06-10 03:00,0.0
,2014-06-10 04:00,0.0
,2014-06-10 05:00,48.796783795466546
,2014-06-10 06:00,235.03256388039108
,2014-06-10 07:00,453.7051359197417
,2014-06-10 08:00,663.556195552803
,2014-06-10 09:00,841.4800928115282
,2014-06-10 10:00,970.1747184645247
,2014-06-10 11:00,1039.6898652063596
,2014-06-10 12:00,1044.0419517093624
,2014-06-10 13:00,982.0979275921173
,2014-06-10 14:00,860.2864986989093
,2014-06-10 15:00,687.7514156195732
,2014-06-10 16:00,480.94476560820567
,2014-06-10 17:00,261.31807947970685
,2014-06-10 18:00,66.08842713285242
,2014-06-10 19:00,0.0
,2014-06-10 20:00,0.0
,2014-06-10 21:00,0.0
,2014-06-10 22:00,0.0
,2014-06-10 23:00,0.0
,2014-06-11 00:00,0.0
,2014-06-11 01:00,0.0
,2014-06-11 02:00,0.0
,2014-06-11 03:00,0.0
,2014-06-11 04:00,0.0
,2014-06-11 05:00,49.32796178133257
,2014-06-11 06:00,235.41833362039185
,2014-06-11 07:00,453.10862112538683
,2014-06-11 08:00,663.0435056645861
,2014-06-11 09:00,840.85974464567
,2014-06-11 10:00,968.9312930734508
,2014-06-11 11:00,1038.6179360001843
,2014-06-11 12:00,1043.4261660429063
,2014-06-11 13:00,982.5893719766863
,2014-06-11 14:00,858.7188495916647
,2014-06-11 15:00,687.2242789413729
,2014-06-11 16:00,484.6996674224387
,2014-06-11 17:00,263.17578292762954
,2014-06-11 18:00,67.00135866586032
,2014-06-11 19:00,0.0
,2014-06-11 20:00,0.0
,2014-06-11 21:00,0.0
,2014-06-11 22:00,0.0
,2014-06-11 23:00,0.0
,2014-06-12 00:00,0.0
,2014-06-12 01:00,0.0
,2014-06-12 02:00,0.0
,2014-06-12 03:00,0.0
,2014-06-12 04:00,0.0
,2014-06-12 05:00,49.80019770518238
,2014-06-12 06:00,236.09907808149825
,2014-06-12 07:00,454.05023524031265
,2014-06-12 08:00,663.9682189055678
,2014-06-12 09:00,841.194377345047
,2014-06-12 10:00,970.4183848718505
,2014-06-12 11:00,1039.2154162014226
,2014-06-12 12:00,1043.2497995849365
,2014-06-12 13:00,981.8576388513592
,2014-06-12 14:00,861.0411791855861
,2014-06-12 15:00,688.43326948579
,2014-06-12 16:00,481.3047209383073
,2014-06-12 17:00,261.5383092789415
,2014-06-12 18:00,67.09680308875268
,2014-06-12 19:00,0.0
,2014-06-12 20:00,0.0
,2014-06-12 21:00,0.0
,2014-06-12 22:00,0.0
,2014-06-12 23:00,0.0
,2014-06-13 00:00,0.0
,2014-06-13 01:00,0.0
,2014-06-13 02:00,0.0
,2014-06-13 03:00,0.0
,2014-06-13 04:00,0.0
,2014-06-13 05:00,50.3049250241844
,2014-06-13 06:00,236.4315526698286
,2014-06-13 07:00,454.2739156275767
,2014-06-13 08:00,663.5638255415686
,2014-06-13 09:00,840.1629177125169
,2014-06-13 10:00,969.4008380673476
,2014-06-13 11:00,1039.0884673380024
,2014-06-13 12:00,1043.7213638291123
,2014-06-13 13:00,983.7289340823946
,2014-06-13 14:00,863.8111888603061
,2014-06-13 15:00,693.9445110029119
,2014-06-13 16:00,484.7061599883095
,2014-06-13 17:00,263.2849972165717
,2014-06-13 18:00,67.86377069854008
,2014-06-13 19:00,0.0
,2014-06-13 20:00,0.0
,2014-06-13 21:00,0.0
,2014-06-13 22:00,0.0
,2014-06-13 23:00,0.0
,2014-06-14 00:00,0.0
,2014-06-14 01:00,0.0
,2014-06-14 02:00,0.0
,2014-06-14 03:00,0.0
,2014-06-14 04:00,0.0
,2014-06-14 05:00,50.65325590542376
,2014-06-14 06:00,236.97382756097713
,2014-06-14 07:00,455.1181002606343
,2014-06-14 08:00,664.4506280403014
,2014-06-14 09:00,841.8371137309055
,2014-06-14 10:00,970.7676837331024
,2014-06-14 11:00,1040.190597756615
,2014-06-14 12:00,1050.5663528772986
,2014-06-14 13:00,986.4187311570613
,2014-06-14 14:00,868.1181108969517
,2014-06-14 15:00,695.28627911931
,2014-06-14 16:00,486.8804265780769
,2014-06-14 17:00,265.06089176801504
,2014-06-14 18:00,68.60240808124146
,2014-06-14 19:00,0.0
,2014-06-14 20:00,0.0
,2014-06-14 21:00,0.0
,2014-06-14 22:00,0.0
,2014-06-14 23:00,0.0
,2014-06-15 00:00,0.0
,2014-06-15 01:00,0.0
,2014-06-15 02:00,0.0
,2014-06-15 03:00,0.0
,2014-06-15 04:00,0.0
,2014-06-15 05:00,51.173186618333354
,2014-06-15 06:00,238.69676633723043
,2014-06-15 07:00,457.409243774969
,2014-06-15 08:00,668.6175684553367
,2014-06-15 09:00,846.7737932348074
,2014-06-15 10:00,976.4793877644018
,2014-06-15 11:00,1044.8806246505235
,2014-06-15 12:00,1049.3542369486847
,2014-06-15 13:00,988.8006487393458
,2014-06-15 14:00,871.4890414943493
,2014-06-15 15:00,695.0646555932665
,2014-06-15 16:00,486.3021240222024
,2014-06-15 17:00,265.13633055852193
,2014-06-15 18:00,68.94123117135454
,2014-06-15 19:00,0.0
,2014-06-15 20:00,0.0
,2014-06-15 21:00,0.0
,2014-06-15 22:00,0.0
,2014-06-15 23:00,0.0
,2014-06-16 00:00,0.0
,2014-06-16 01:00,0.0
,2014-06-16 02:00,0.0
,2014-06-16 03:00,0.0
,2014-06-16 04:00,0.0
,2014-06-16 05:00,51.51916050782205
,2014-06-16 06:00,238.78872914096067
,2014-06-16 07:00,457.71401276201084
,2014-06-16 08:00,669.1633646949023
,2014-06-16 09:00,848.7223676966796
,2014-06-16 10:00,978.8081477814621
,2014-06-16 11:00,1048.2236265687554
,2014-06-16 12:00,1054.535156689385
,2014-06-16 13:00,990.0117147697501
,2014-06-16 14:00,867.8449428551501
,2014-06-16 15:00,694.779563797077
,2014-06-16 16:00,486.6993310472474
,2014-06-16 17:00,265.49853850680535
,2014-06-16 18:00,69.28050879691392
,2014-06-16 19:00,0.0
,2014-06-16 20:00,0.0
,2014-06-16 21:00,0.0
,2014-06-16 22:00,0.0
,2014-06-16 23:00,0.0
,2014-06-17 00:00,0.0
,2014-06-17 01:00,0.0
,2014-06-17 02:00,0.0
,2014-06-17 03:00,0.0
,2014-06-17 04:00,0.0
,2014-06-17 05:00,0.0
,2014-06-17 06:00,239.12807339457873
,2014-06-17 07:00,458.4007884831745
,2014-06-17 08:00,667.6968192133669
,2014-06-17 09:00,845.3917976533139
,2014-06-17 10:00,972.9227129854736
,2014-06-17 11:00,1042.685672692948
,2014-06-17 12:00,1047.6365827461188
,2014-06-17 13:00,986.5407770941804
,2014-06-17 14:00,865.8832611697201
,2014-06-17 15:00,693.6713111322942
,2014-06-17 16:00,486.03008939439076
,2014-06-17 17:00,265.34639957168736
,2014-06-17 18:00,69.42345426111905
,2014-06-17 19:00,0.0
,2014-06-17 20:00,0.0
,2014-06-17 21:00,0.0
,2014-06-17 22:00,0.0
,2014-06-17 23:00,0.0
,2014-06-18 00:00,0.0
,2014-06-18 01:00,0.0
,2014-06-18 02:00,0.0
,2014-06-18 03:00,0.0
,2014-06-18 04:00,0.0
,2014-06-18 05:00,0.0
,2014-06-18 06:00,239.28211698597582
,2014-06-18 07:00,458.3158280750679
,2014-06-18 08:00,667.7649859752315
,2014-06-18 09:00,844.5851084332378
,2014-06-18 10:00,972.637737228378
,2014-06-18 11:00,1042.9563215134751
,2014-06-18 12:00,1047.4331284688126
,2014-06-18 13:00,987.1775932912457
,2014-06-18 14:00,865.1049563245076
,2014-06-18 15:00,693.2115100979045
,2014-06-18 16:00,487.44135036529434
,2014-06-18 17:00,265.9064475402063
,2014-06-18 18:00,69.88198026965159
,2014-06-18 19:00,0.0
,2014-06-18 20:00,0.0
,2014-06-18 21:00,0.0
,2014-06-18 22:00,0.0
,2014-06-18 23:00,0.0
,2014-06-19 00:00,0.0
,2014-06-19 01:00,0.0
,2014-06-19 02:00,0.0
,2014-06-19 03:00,0.0
,2014-06-19 04:00,0.0
,2014-06-19 05:00,0.0
,2014-06-19 06:00,239.92964453840924
,2014-06-19 07:00,459.1182767567108
,2014-06-19 08:00,668.4402652357147
,2014-06-19 09:00,846.3559809585912
,2014-06-19 10:00,976.3367699807535
,2014-06-19 11:00,1049.930362337279
,2014-06-19 12:00,1053.940484449316
,2014-06-19 13:00,992.3966053240359
,2014-06-19 14:00,869.4138864743126
,2014-06-19 15:00,697.0086719752106
,2014-06-19 16:00,488.87161526514893
,2014-06-19 17:00,267.06746531959527
,2014-06-19 18:00,70.15691811715189
,2014-06-19 19:00,0.0
,2014-06-19 20:00,0.0
,2014-06-19 21:00,0.0
,2014-06-19 22:00,0.0
,2014-06-19 23:00,0.0
,2014-06-20 00:00,0.0
,2014-06-20 01:00,0.0
,2014-06-20 02:00,0.0
,2014-06-20 03:00,0.0
,2014-06-20 04:00,0.0
,2014-06-20 05:00,0.0
,2014-06-20 06:00,239.6284775835845
,2014-06-20 07:00,458.20727369895206
,2014-06-20 08:00,668.1612056420914
,2014-06-20 09:00,845.3885638460769
,2014-06-20 10:00,974.3404122799216
,2014-06-20 11:00,1044.3027748022155
,2014-06-20 12:00,1047.7320380409778
,2014-06-20 13:00,986.1891907935544
,2014-06-20 14:00,864.9064444493446
,2014-06-20 15:00,692.2036936301913
,2014-06-20 16:00,486.03527373625246
,2014-06-20 17:00,265.04911491536336
,2014-06-20 18:00,69.70850388141821
,2014-06-20 19:00,0.0
,2014-06-20 20:00,0.0
,2014-06-20 21:00,0.0
,2014-06-20 22:00,0.0
,2014-06-20 23:00,0.0
,2014-06-21 00:00,0.0
,2014-06-21 01:00,0.0
,2014-06-21 02:00,0.0
,2014-06-21 03:00,0.0
,2014-06-21 04:00,0.0
,2014-06-21 05:00,0.0
,2014-06-21 06:00,239.40964073194908
,2014-06-21 07:00,458.2127516428915
,2014-06-21 08:00,666.9337376442764
,2014-06-21 09:00,844.9095642875257
,2014-06-21 10:00,973.0597077126783
,2014-06-21 11:00,1042.6709192582844
,2014-06-21 12:00,1045.6138307891106
,2014-06-21 13:00,983.5246399437219
,2014-06-21 14:00,862.8066157255305
,2014-06-21 15:00,691.0508076758781
,2014-06-21 16:00,485.58216976112675
,2014-06-21 17:00,265.72797443183237
,2014-06-21 18:00,69.9040953922244
,2014-06-21 19:00,0.0
,2014-06-21 20:00,0.0
,2014-06-21 21:00,0.0
,2014-06-21 22:00,0.0
,2014-06-21 23:00,0.0
,2014-06-22 00:00,0.0
,2014-06-22 01:00,0.0
,2014-06-22 02:00,0.0
,2014-06-22 03:00,0.0
,2014-06-22 04:00,0.0
,2014-06-22 05:00,0.0
,2014-06-22 06:00,238.7445272438876
,2014-06-22 07:00,456.463258789134
,2014-06-22 08:00,665.8082417067733
,2014-06-22 09:00,843.0728053011818
,2014-06-22 10:00,971.8712645826479
,2014-06-22 11:00,1040.7326760766216
,2014-06-22 12:00,1044.6023525203193
,2014-06-22 13:00,983.8525721505608
,2014-06-22 14:00,863.0261749348272
,2014-06-22 15:00,691.2630903426227
,2014-06-22 16:00,484.362492016875
,2014-06-22 17:00,264.53997238688197
,2014-06-22 18:00,69.60329297098042
,2014-06-22 19:00,0.0
,2014-06-22 20:00,0.0
,2014-06-22 21:00,0.0
,2014-06-22 22:00,0.0
,2014-06-22 23:00,0.0
,2014-06-23 00:00,0.0
,2014-06-23 01:00,0.0
,2014-06-23 02:00,0.0
,2014-06-23 03:00,0.0
,2014-06-23 04:00,0.0
,2014-06-23 05:00,0.0
,2014-06-23 06:00,238.19838979287135
,2014-06-23 07:00,455.149473727642
,2014-06-23 08:00,664.1660337636523
,2014-06-23 09:00,840.9741093817009
,2014-06-23 10:00,968.7995909308953
,2014-06-23 11:00,1038.0309129127718
,2014-06-23 12:00,1042.457060521376
,2014-06-23 13:00,980.8100271126914
,2014-06-23 14:00,859.5725955336269
,2014-06-23 15:00,689.2452477490219
,2014-06-23 16:00,482.9210006845534
,2014-06-23 17:00,264.1478185587448
,2014-06-23 18:00,69.35964217365797
,2014-06-23 19:00,0.0
,2014-06-23 20:00,0.0
,2014-06-23 21:00,0.0
,2014-06-23 22:00,0.0
,2014-06-23 23:00,0.0
,2014-06-24 00:00,0.0
,2014-06-24 01:00,0.0
,2014-06-24 02:00,0.0
,2014-06-24 03:00,0.0
,2014-06-24 04:00,0.0
,2014-06-24 05:00,0.0
,2014-06-24 06:00,237.79711904329346
,2014-06-24 07:00,455.09462167278406
,2014-06-24 08:00,662.766047551186
,2014-06-24 09:00,839.3424103998825
,2014-06-24 10:00,969.6071573860381
,2014-06-24 11:00,1037.219539193471
,2014-06-24 12:00,1040.6238430981161
,2014-06-24 13:00,978.877770120819
,2014-06-24 14:00,857.7352172354305
,2014-06-24 15:00,686.7140318431739
,2014-06-24 16:00,481.2972961371999
,2014-06-24 17:00,263.01482031044543
,2014-06-24 18:00,68.95305862434815
,2014-06-24 19:00,0.0
,2014-06-24 20:00,0.0
,2014-06-24 21:00,0.0
,2014-06-24 22:00,0.0
,2014-06-24 23:00,0.0
,2014-06-25 00:00,0.0
,2014-06-25 01:00,0.0
,2014-06-25 02:00,0.0
,2014-06-25 03:00,0.0
,2014-06-25 04:00,0.0
,2014-06-25 05:00,0.0
,2014-06-25 06:00,237.38506879152055
,2014-06-25 07:00,455.5640277899443
,2014-06-25 08:00,664.1335867439724
,2014-06-25 09:00,840.9229192857204
,2014-06-25 10:00,969.5493111796877
,2014-06-25 11:00,1041.196114521596
,2014-06-25 12:00,1045.3047785364515
,2014-06-25 13:00,983.4255786388983
,2014-06-25 14:00,862.0218061345088
,2014-06-25 15:00,689.9970300592519
,2014-06-25 16:00,482.874183787799
,2014-06-25 17:00,263.4020703764239
,2014-06-25 18:00,68.92371714537678
,2014-06-25 19:00,0.0
,2014-06-25 20:00,0.0
,2014-06-25 21:00,0.0
,2014-06-25 22:00,0.0
,2014-06-25 23:00,0.0
,2014-06-26 00:00,0.0
,2014-06-26 01:00,0.0
,2014-06-26 02:00,0.0
,2014-06-26 03:00,0.0
,2014-06-26 04:00,0.0
,2014-06-26 05:00,0.0
,2014-06-26 06:00,238.05844523902812
,2014-06-26 07:00,456.7788557833752
,2014-06-26 08:00,666.410598197199
,2014-06-26 09:00,844.8508630922267
,2014-06-26 10:00,972.7774551479997
,2014-06-26 11:00,1042.1905242801256
,2014-06-26 12:00,1045.9707278910644
,2014-06-26 13:00,984.9390709525508
,2014-06-26 14:00,862.7646729888161
,2014-06-26 15:00,691.0970643342613
,2014-06-26 16:00,483.6938152518997
,2014-06-26 17:00,263.78850813593493
,2014-06-26 18:00,68.91604492576886
,2014-06-26 19:00,0.0
,2014-06-26 20:00,0.0
,2014-06-26 21:00,0.0
,2014-06-26 22:00,0.0
,2014-06-26 23:00,0.0
,2014-06-27 00:00,0.0
,2014-06-27 01:00,0.0
,2014-06-27 02:00,0.0
,2014-06-27 03:00,0.0
,2014-06-27 04:00,0.0
,2014-06-27 05:00,51.14788542682751
,2014-06-27 06:00,237.49308383107737
,2014-06-27 07:00,455.36180138038026
,2014-06-27 08:00,664.8775801458072
,2014-06-27 09:00,842.1966767649686
,2014-06-27 10:00,971.5250320602245
,2014-06-27 11:00,1044.0390589821081
,2014-06-27 12:00,1048.5049032371512
,2014-06-27 13:00,986.6700428398154
,2014-06-27 14:00,863.8550864885702
,2014-06-27 15:00,691.5496419023483
,2014-06-27 16:00,484.5132952037972
,2014-06-27 17:00,263.93465481210507
,2014-06-27 18:00,68.79197440670922
,2014-06-27 19:00,0.0
,2014-06-27 20:00,0.0
,2014-06-27 21:00,0.0
,2014-06-27 22:00,0.0
,2014-06-27 23:00,0.0
,2014-06-28 00:00,0.0
,2014-06-28 01:00,0.0
,2014-06-28 02:00,0.0
,2014-06-28 03:00,0.0
,2014-06-28 04:00,0.0
,2014-06-28 05:00,50.807774366840476
,2014-06-28 06:00,236.88890051720477
,2014-06-28 07:00,454.28167376092273
,2014-06-28 08:00,663.602395600037
,2014-06-28 09:00,841.0329728180228
,2014-06-28 10:00,969.6532318576711
,2014-06-28 11:00,1038.4903789799098
,2014-06-28 12:00,1042.9045379457243
,2014-06-28 13:00,981.3463193482911
,2014-06-28 14:00,859.6987529157732
,2014-06-28 15:00,687.6907936739565
,2014-06-28 16:00,481.3964707270071
,2014-06-28 17:00,262.5271412189519
,2014-06-28 18:00,68.13576697266274
,2014-06-28 19:00,0.0
,2014-06-28 20:00,0.0
,2014-06-28 21:00,0.0
,2014-06-28 22:00,0.0
,2014-06-28 23:00,0.0
,2014-06-29 00:00,0.0
,2014-06-29 01:00,0.0
,2014-06-29 02:00,0.0
,2014-06-29 03:00,0.0
,2014-06-29 04:00,0.0
,2014-06-29 05:00,50.384309761044356
,2014-06-29 06:00,236.28717615888786
,2014-06-29 07:00,453.26597521620965
,2014-06-29 08:00,662.4677756935407
,2014-06-29 09:00,839.8900056049096
,2014-06-29 10:00,968.6434511005929
,2014-06-29 11:00,1037.0254560661874
,2014-06-29 12:00,1041.036990406989
,2014-06-29 13:00,980.5128371965045
,2014-06-29 14:00,859.4641821939623
,2014-06-29 15:00,687.8905894982803
,2014-06-29 16:00,481.331062490238
,2014-06-29 17:00,262.07562151636864
,2014-06-29 18:00,67.73764013717924
,2014-06-29 19:00,0.0
,2014-06-29 20:00,0.0
,2014-06-29 21:00,0.0
,2014-06-29 22:00,0.0
,2014-06-29 23:00,0.0
,2014-06-30 00:00,0.0
,2014-06-30 01:00,0.0
,2014-06-30 02:00,0.0
,2014-06-30 03:00,0.0
,2014-06-30 04:00,0.0
,2014-06-30 05:00,49.64954598666014
,2014-06-30 06:00,235.34281876605394
,2014-06-30 07:00,453.65083012578975
,2014-06-30 08:00,663.2308890048889
,2014-06-30 09:00,841.1887461245459
,2014-06-30 10:00,968.3294482986959
,2014-06-30 11:00,1036.9501512156903
,2014-06-30 12:00,1041.7884471379625
,2014-06-30 13:00,980.5140402034685
,2014-06-30 14:00,859.7485244389346
,2014-06-30 15:00,688.2098676958453
,2014-06-30 16:00,481.6023325838033
,2014-06-30 17:00,261.8586806428524
,2014-06-30 18:00,67.4053629602021
,2014-06-30 19:00,0.0
,2014-06-30 20:00,0.0
,2014-06-30 21:00,0.0
,2014-06-30 22:00,0.0
,2014-06-30 23:00,0.0
,2014-07-01 00:00,0.0
,2014-07-01 01:00,0.0
,2014-07-01 02:00,0.0
,2014-07-01 03:00,0.0
,2014-07-01 04:00,0.0
,2014-07-01 05:00,49.81474603963328
,2014-07-01 06:00,236.74750047629533
,2014-07-01 07:00,455.5714769331551
,2014-07-01 08:00,666.6940217216734
,2014-07-01 09:00,844.4817741370774
,2014-07-01 10:00,972.9937407826062
,2014-07-01 11:00,1043.8162465159628
,2014-07-01 12:00,1046.4968918014895
,2014-07-01 13:00,985.2023764316239
,2014-07-01 14:00,862.5291047842943
,2014-07-01 15:00,690.1990045477793
,2014-07-01 16:00,482.54266086535563
,2014-07-01 17:00,261.9392589062638
,2014-07-01 18:00,67.07286441079542
,2014-07-01 19:00,0.0
,2014-07-01 20:00,0.0
,2014-07-01 21:00,0.0
,2014-07-01 22:00,0.0
,2014-07-01 23:00,0.0
,2014-07-02 00:00,0.0
,2014-07-02 01:00,0.0
,2014-07-02 02:00,0.0
,2014-07-02 03:00,0.0
,2014-07-02 04:00,0.0
,2014-07-02 05:00,49.178985805372896
,2014-07-02 06:00,235.62885344390722
,2014-07-02 07:00,454.88981355249047
,2014-07-02 08:00,665.2243108523346
,2014-07-02 09:00,843.2185411331824
,2014-07-02 10:00,972.0575275841176
,2014-07-02 11:00,1041.1615489541782
,2014-07-02 12:00,1045.1597939309481
,2014-07-02 13:00,983.7253099106892
,2014-07-02 14:00,861.9392995424378
,2014-07-02 15:00,689.3718775939502
,2014-07-02 16:00,481.6863950233572
,2014-07-02 17:00,261.24850854632393
,2014-07-02 18:00,66.46121898778085
,2014-07-02 19:00,0.0
,2014-07-02 20:00,0.0
,2014-07-02 21:00,0.0
,2014-07-02 22:00,0.0
,2014-07-02 23:00,0.0
,2014-07-03 00:00,0.0
,2014-07-03 01:00,0.0
,2014-07-03 02:00,0.0
,2014-07-03 03:00,0.0
,2014-07-03 04:00,0.0
,2014-07-03 05:00,48.53340721031623
,2014-07-03 06:00,234.65610775700404
,2014-07-03 07:00,452.59761192048643
,2014-07-03 08:00,663.0395205062738
,2014-07-03 09:00,840.6552190532618
,2014-07-03 10:00,970.2986887211994
,2014-07-03 11:00,1039.8571329305921
,2014-07-03 12:00,1043.3305473652233
,2014-07-03 13:00,982.6717962988984
,2014-07-03 14:00,859.808628252873
,2014-07-03 15:00,687.4316706548884
,2014-07-03 16:00,479.88683493361
,2014-07-03 17:00,260.02752356994097
,2014-07-03 18:00,65.68254770788907
,2014-07-03 19:00,0.0
,2014-07-03 20:00,0.0
,2014-07-03 21:00,0.0
,2014-07-03 22:00,0.0
,2014-07-03 23:00,0.0
,2014-07-04 00:00,0.0
,2014-07-04 01:00,0.0
,2014-07-04 02:00,0.0
,2014-07-04 03:00,0.0
,2014-07-04 04:00,0.0
,2014-07-04 05:00,47.92641642135783
,2014-07-04 06:00,234.17956460728368
,2014-07-04 07:00,453.45456570732915
,2014-07-04 08:00,663.8608124934461
,2014-07-04 09:00,841.9119396849777
,2014-07-04 10:00,971.4160460935313
,2014-07-04 11:00,1040.714079765755
,2014-07-04 12:00,1044.5873083689512
,2014-07-04 13:00,981.8840626111996
,2014-07-04 14:00,859.6219903565618
,2014-07-04 15:00,686.2848939952165
,2014-07-04 16:00,479.0412366514519
,2014-07-04 17:00,259.1146791541403
,2014-07-04 18:00,64.92431285822174
,2014-07-04 19:00,0.0
,2014-07-04 20:00,0.0
,2014-07-04 21:00,0.0
,2014-07-04 22:00,0.0
,2014-07-04 23:00,0.0
,2014-07-05 00:00,0.0
,2014-07-05 01:00,0.0
,2014-07-05 02:00,0.0
,2014-07-05 03:00,0.0
,2014-07-05 04:00,0.0
,2014-07-05 05:00,47.25130700825293
,2014-07-05 06:00,233.40800864300851
,2014-07-05 07:00,452.2484907249446
,2014-07-05 08:00,663.083698370559
,2014-07-05 09:00,840.0754150000747
,2014-07-05 10:00,968.3142710603893
,2014-07-05 11:00,1036.9681295806156
,2014-07-05 12:00,1040.462911081272
,2014-07-05 13:00,978.2973327210128
,2014-07-05 14:00,856.6810855267304
,2014-07-05 15:00,684.4890391298337
,2014-07-05 16:00,477.6587616418012
,2014-07-05 17:00,257.9664061833212
,2014-07-05 18:00,64.18791034124261
,2014-07-05 19:00,0.0
,2014-07-05 20:00,0.0
,2014-07-05 21:00,0.0
,2014-07-05 22:00,0.0
,2014-07-05 23:00,0.0
,2014-07-06 00:00,0.0
,2014-07-06 01:00,0.0
,2014-07-06 02:00,0.0
,2014-07-06 03:00,0.0
,2014-07-06 04:00,0.0
,2014-07-06 05:00,46.52099108294262
,2014-07-06 06:00,231.98557050450145
,2014-07-06 07:00,450.30592473200977
,2014-07-06 08:00,660.9186424803584
,2014-07-06 09:00,838.8397098737905
,2014-07-06 10:00,968.7093116220839
,2014-07-06 11:00,1037.7586877433089
,2014-07-06 12:00,1041.4452974879957
,2014-07-06 13:00,979.9818748508394
,2014-07-06 14:00,858.0567593176929
,2014-07-06 15:00,685.3085332282991
,2014-07-06 16:00,477.7619934629799
,2014-07-06 17:00,257.50934673327885
,2014-07-06 18:00,63.494598010717844
,2014-07-06 19:00,0.0
,2014-07-06 20:00,0.0
,2014-07-06 21:00,0.0
,2014-07-06 22:00,0.0
,2014-07-06 23:00,0.0
,2014-07-07 00:00,0.0
,2014-07-07 01:00,0.0
,2014-07-07 02:00,0.0
,2014-07-07 03:00,0.0
,2014-07-07 04:00,0.0
,2014-07-07 05:00,0.0
,2014-07-07 06:00,230.86173222991798
,2014-07-07 07:00,449.175571408977
,2014-07-07 08:00,659.6430042088928
,2014-07-07 09:00,837.4898417815411
,2014-07-07 10:00,967.0237535534084
,2014-07-07 11:00,1035.9497957371061
,2014-07-07 12:00,1040.0618289639517
,2014-07-07 13:00,978.0414803538112
,2014-07-07 14:00,856.2901047883381
,2014-07-07 15:00,684.0071133844266
,2014-07-07 16:00,476.5251280913793
,2014-07-07 17:00,256.4307518880136
,2014-07-07 18:00,62.61339166295033
,2014-07-07 19:00,0.0
,2014-07-07 20:00,0.0
,2014-07-07 21:00,0.0
,2014-07-07 22:00,0.0
,2014-07-07 23:00,0.0
,2014-07-08 00:00,0.0
,2014-07-08 01:00,0.0
,2014-07-08 02:00,0.0
,2014-07-08 03:00,0.0
,2014-07-08 04:00,0.0
,2014-07-08 05:00,0.0
,2014-07-08 06:00,230.01763727351883
,2014-07-08 07:00,448.84855557284953
,2014-07-08 08:00,660.1566557393165
,2014-07-08 09:00,838.4458764027556
,2014-07-08 10:00,966.8701596096826
,2014-07-08 11:00,1034.966630377342
,2014-07-08 12:00,1039.4025036582968
,2014-07-08 13:00,978.673955751663
,2014-07-08 14:00,856.3115687770642
,2014-07-08 15:00,683.8195313155408
,2014-07-08 16:00,476.09827485129324
,2014-07-08 17:00,255.5425770588122
,2014-07-08 18:00,61.858263472956075
,2014-07-08 19:00,0.0
,2014-07-08 20:00,0.0
,2014-07-08 21:00,0.0
,2014-07-08 22:00,0.0
,2014-07-08 23:00,0.0
,2014-07-09 00:00,0.0
,2014-07-09 01:00,0.0
,2014-07-09 02:00,0.0
,2014-07-09 03:00,0.0
,2014-07-09 04:00,0.0
,2014-07-09 05:00,0.0
,2014-07-09 06:00,229.70032596969082
,2014-07-09 07:00,449.05119981948025
,2014-07-09 08:00,660.5833395779171
,2014-07-09 09:00,838.736284075828
,2014-07-09 10:00,968.2853261797483
,2014-07-09 11:00,1038.5405879050952
,2014-07-09 12:00,1042.0219119537794
,2014-07-09 13:00,980.6412714630992
,2014-07-09 14:00,857.4592490541527
,2014-07-09 15:00,684.6253808510097
,2014-07-09 16:00,476.5894217480265
,2014-07-09 17:00,255.48874674832476
,2014-07-09 18:00,61.153329719410806
,2014-07-09 19:00,0.0
,2014-07-09 20:00,0.0
,2014-07-09 21:00,0.0
,2014-07-09 22:00,0.0
,2014-07-09 23:00,0.0
,2014-07-10 00:00,0.0
,2014-07-10 01:00,0.0
,2014-07-10 02:00,0.0
,2014-07-10 03:00,0.0
,2014-07-10 04:00,0.0
,2014-07-10 05:00,0.0
,2014-07-10 06:00,228.49369146189358
,2014-07-10 07:00,449.0923272931391
,2014-07-10 08:00,661.735524973772
,2014-07-10 09:00,840.0344615374787
,2014-07-10 10:00,968.3712199732897
,2014-07-10 11:00,1038.2242648692948
,2014-07-10 12:00,1042.7147960482166
,2014-07-10 13:00,980.6629224924271
,2014-07-10 14:00,857.9149308582487
,2014-07-10 15:00,684.7781023843453
,2014-07-10 16:00,476.0407520425562
,2014-07-10 17:00,254.87033966524496
,2014-07-10 18:00,60.292917481341824
,2014-07-10 19:00,0.0
,2014-07-10 20:00,0.0
,2014-07-10 21:00,0.0
,2014-07-10 22:00,0.0
,2014-07-10 23:00,0.0
,2014-07-11 00:00,0.0
,2014-07-11 01:00,0.0
,2014-07-11 02:00,0.0
,2014-07-11 03:00,0.0
,2014-07-11 04:00,0.0
,2014-07-11 05:00,42.56149078751273
,2014-07-11 06:00,227.90955902374873
,2014-07-11 07:00,447.77746894736873
,2014-07-11 08:00,660.0049555864936
,2014-07-11 09:00,839.5577774846371
,2014-07-11 10:00,969.7892778250471
,2014-07-11 11:00,1039.5804549115876
,2014-07-11 12:00,1043.4004179505491
,2014-07-11 13:00,981.8000677897435
,2014-07-11 14:00,859.9717402187542
,2014-07-11 15:00,685.7284160863848
,2014-07-11 16:00,475.90447755547075
,2014-07-11 17:00,253.5026955456952
,2014-07-11 18:00,0.0
,2014-07-11 19:00,0.0
,2014-07-11 20:00,0.0
,2014-07-11 21:00,0.0
,2014-07-11 22:00,0.0
,2014-07-11 23:00,0.0
,2014-07-12 00:00,0.0
,2014-07-12 01:00,0.0
,2014-07-12 02:00,0.0
,2014-07-12 03:00,0.0
,2014-07-12 04:00,0.0
,2014-07-12 05:00,41.53294113036261
,2014-07-12 06:00,226.01213735741746
,2014-07-12 07:00,445.7463588775537
,2014-07-12 08:00,657.1133658974204
,2014-07-12 09:00,836.5965008909598
,2014-07-12 10:00,966.8721354577506
,2014-07-12 11:00,1037.0098648071505
,2014-07-12 12:00,1042.1076296986053
,2014-07-12 13:00,980.0106500121366
,2014-07-12 14:00,857.0026482054983
,2014-07-12 15:00,683.2157565995157
,2014-07-12 16:00,473.7017310624863
,2014-07-12 17:00,252.32010350055467
,2014-07-12 18:00,0.0
,2014-07-12 19:00,0.0
,2014-07-12 20:00,0.0
,2014-07-12 21:00,0.0
,2014-07-12 22:00,0.0
,2014-07-12 23:00,0.0
,2014-07-13 00:00,0.0
,2014-07-13 01:00,0.0
,2014-07-13 02:00,0.0
,2014-07-13 03:00,0.0
,2014-07-13 04:00,0.0
,2014-07-13 05:00,40.468249516842334
,2014-07-13 06:00,224.78277235160482
,2014-07-13 07:00,444.6145748535687
,2014-07-13 08:00,655.8040088481555
,2014-07-13 09:00,837.04726536065
,2014-07-13 10:00,967.9720854346918
,2014-07-13 11:00,1038.9887301555054
,2014-07-13 12:00,1047.8107318771936
,2014-07-13 13:00,981.2892901918789
,2014-07-13 14:00,856.6569872965802
,2014-07-13 15:00,683.2398465400122
,2014-07-13 16:00,472.8283723944523
,2014-07-13 17:00,250.5782494433714
,2014-07-13 18:00,0.0
,2014-07-13 19:00,0.0
,2014-07-13 20:00,0.0
,2014-07-13 21:00,0.0
,2014-07-13 22:00,0.0
,2014-07-13 23:00,0.0
,2014-07-14 00:00,0.0
,2014-07-14 01:00,0.0
,2014-07-14 02:00,0.0
,2014-07-14 03:00,0.0
,2014-07-14 04:00,0.0
,2014-07-14 05:00,39.493455547721766
,2014-07-14 06:00,223.39868844910194
,2014-07-14 07:00,443.4572957360246
,2014-07-14 08:00,655.9490700040321
,2014-07-14 09:00,835.0658330799645
,2014-07-14 10:00,965.7100305407174
,2014-07-14 11:00,1035.80867971487
,2014-07-14 12:00,1040.4340786122084
,2014-07-14 13:00,980.4577261216292
,2014-07-14 14:00,856.9791619564465
,2014-07-14 15:00,682.7021404436389
,2014-07-14 16:00,472.407060910668
,2014-07-14 17:00,249.54408522384466
,2014-07-14 18:00,0.0
,2014-07-14 19:00,0.0
,2014-07-14 20:00,0.0
,2014-07-14 21:00,0.0
,2014-07-14 22:00,0.0
,2014-07-14 23:00,0.0
,2014-07-15 00:00,0.0
,2014-07-15 01:00,0.0
,2014-07-15 02:00,0.0
,2014-07-15 03:00,0.0
,2014-07-15 04:00,0.0
,2014-07-15 05:00,38.41486238442761
,2014-07-15 06:00,222.19393583686664
,2014-07-15 07:00,442.8996280822768
,2014-07-15 08:00,655.5523966628125
,2014-07-15 09:00,835.6429827199211
,2014-07-15 10:00,966.4536625705784
,2014-07-15 11:00,1037.2236234692675
,2014-07-15 12:00,1040.5946618510463
,2014-07-15 13:00,979.7422227726247
,2014-07-15 14:00,855.7487238908342
,2014-07-15 15:00,682.2613194232148
,2014-07-15 16:00,470.87634324882697
,2014-07-15 17:00,247.79539739072774
,2014-07-15 18:00,54.62577733172624
,2014-07-15 19:00,0.0
,2014-07-15 20:00,0.0
,2014-07-15 21:00,0.0
,2014-07-15 22:00,0.0
,2014-07-15 23:00,0.0
,2014-07-16 00:00,0.0
,2014-07-16 01:00,0.0
,2014-07-16 02:00,0.0
,2014-07-16 03:00,0.0
,2014-07-16 04:00,0.0
,2014-07-16 05:00,0.0
,2014-07-16 06:00,220.2004451304579
,2014-07-16 07:00,440.65967360662927
,2014-07-16 08:00,653.170046440396
,2014-07-16 09:00,832.6887886529897
,2014-07-16 10:00,962.5080410639192
,2014-07-16 11:00,1032.8495759749587
,2014-07-16 12:00,1037.726323123023
,2014-07-16 13:00,975.1665053629788
,2014-07-16 14:00,851.559926662031
,2014-07-16 15:00,676.7633432227698
,2014-07-16 16:00,467.21860225314026
,2014-07-16 17:00,245.20214429530526
,2014-07-16 18:00,53.1426792394961
,2014-07-16 19:00,0.0
,2014-07-16 20:00,0.0
,2014-07-16 21:00,0.0
,2014-07-16 22:00,0.0
,2014-07-16 23:00,0.0
,2014-07-17 00:00,0.0
,2014-07-17 01:00,0.0
,2014-07-17 02:00,0.0
,2014-07-17 03:00,0.0
,2014-07-17 04:00,0.0
,2014-07-17 05:00,0.0
,2014-07-17 06:00,218.1995635285868
,2014-07-17 07:00,438.18485763322565
,2014-07-17 08:00,650.4325949871716
,2014-07-17 09:00,830.1940206626654
,2014-07-17 10:00,960.4595872441574
,2014-07-17 11:00,1030.5842327352407
,2014-07-17 12:00,1035.3436627709502
,2014-07-17 13:00,973.014769845599
,2014-07-17 14:00,851.8216803604311
,2014-07-17 15:00,678.1129986140865
,2014-07-17 16:00,466.6650219997052
,2014-07-17 17:00,243.7179234910842
,2014-07-17 18:00,51.84009862964474
,2014-07-17 19:00,0.0
,2014-07-17 20:00,0.0
,2014-07-17 21:00,0.0
,2014-07-17 22:00,0.0
,2014-07-17 23:00,0.0
,2014-07-18 00:00,0.0
,2014-07-18 01:00,0.0
,2014-07-18 02:00,0.0
,2014-07-18 03:00,0.0
,2014-07-18 04:00,0.0
,2014-07-18 05:00,0.0
,2014-07-18 06:00,216.46759771973208
,2014-07-18 07:00,436.4857679185093
,2014-07-18 08:00,648.559371634056
,2014-07-18 09:00,828.0641206207455
,2014-07-18 10:00,959.0635834646935
,2014-07-18 11:00,1029.2734879891718
,2014-07-18 12:00,1033.1757404501527
,2014-07-18 13:00,971.5033853544155
,2014-07-18 14:00,848.1928049816928
,2014-07-18 15:00,673.9797043971287
,2014-07-18 16:00,464.2334578641447
,2014-07-18 17:00,242.09221490218295
,2014-07-18 18:00,50.532516417405446
,2014-07-18 19:00,0.0
,2014-07-18 20:00,0.0
,2014-07-18 21:00,0.0
,2014-07-18 22:00,0.0
,2014-07-18 23:00,0.0
,2014-07-19 00:00,0.0
,2014-07-19 01:00,0.0
,2014-07-19 02:00,0.0
,2014-07-19 03:00,0.0
,2014-07-19 04:00,0.0
,2014-07-19 05:00,33.62234171047741
,2014-07-19 06:00,214.78805939716565
,2014-07-19 07:00,434.70395266498485
,2014-07-19 08:00,646.955928262392
,2014-07-19 09:00,827.3072951315262
,2014-07-19 10:00,958.2870516414613
,2014-07-19 11:00,1028.469726979762
,2014-07-19 12:00,1032.2846409184797
,2014-07-19 13:00,970.0357311993517
,2014-07-19 14:00,846.1210197959191
,2014-07-19 15:00,671.33554251545
,2014-07-19 16:00,461.4849599333179
,2014-07-19 17:00,239.85912499910447
,2014-07-19 18:00,49.12525370150446
,2014-07-19 19:00,0.0
,2014-07-19 20:00,0.0
,2014-07-19 21:00,0.0
,2014-07-19 22:00,0.0
,2014-07-19 23:00,0.0
,2014-07-20 00:00,0.0
,2014-07-20 01:00,0.0
,2014-07-20 02:00,0.0
,2014-07-20 03:00,0.0
,2014-07-20 04:00,0.0
,2014-07-20 05:00,32.362362507915144
,2014-07-20 06:00,212.65044660839828
,2014-07-20 07:00,432.06852078174245
,2014-07-20 08:00,643.7117804718761
,2014-07-20 09:00,824.3549646319053
,2014-07-20 10:00,954.8538676380764
,2014-07-20 11:00,1024.8797104912273
,2014-07-20 12:00,1028.031552924903
,2014-07-20 13:00,965.8167166981005
,2014-07-20 14:00,841.4677269046339
,2014-07-20 15:00,667.4072860099037
,2014-07-20 16:00,458.3894460084522
,2014-07-20 17:00,237.28188174262607
,2014-07-20 18:00,0.0
,2014-07-20 19:00,0.0
,2014-07-20 20:00,0.0
,2014-07-20 21:00,0.0
,2014-07-20 22:00,0.0
,2014-07-20 23:00,0.0
,2014-07-21 00:00,0.0
,2014-07-21 01:00,0.0
,2014-07-21 02:00,0.0
,2014-07-21 03:00,0.0
,2014-07-21 04:00,0.0
,2014-07-21 05:00,31.083029912390995
,2014-07-21 06:00,210.87074431221075
,2014-07-21 07:00,429.91156805850625
,2014-07-21 08:00,642.3750366298243
,2014-07-21 09:00,823.4408012463583
,2014-07-21 10:00,956.9832729228657
,2014-07-21 11:00,1028.1012559196015
,2014-07-21 12:00,1032.161865278499
,2014-07-21 13:00,972.4930118226184
,2014-07-21 14:00,846.2233082996479
,2014-07-21 15:00,670.0984855464474
,2014-07-21 16:00,459.219555656881
,2014-07-21 17:00,237.1575820735925
,2014-07-21 18:00,0.0
,2014-07-21 19:00,0.0
,2014-07-21 20:00,0.0
,2014-07-21 21:00,0.0
,2014-07-21 22:00,0.0
,2014-07-21 23:00,0.0
,2014-07-22 00:00,0.0
,2014-07-22 01:00,0.0
,2014-07-22 02:00,0.0
,2014-07-22 03:00,0.0
,2014-07-22 04:00,0.0
,2014-07-22 05:00,30.002221090453155
,2014-07-22 06:00,209.8538483580679
,2014-07-22 07:00,430.1671770251954
,2014-07-22 08:00,643.4565084882432
,2014-07-22 09:00,823.9556678164065
,2014-07-22 10:00,956.3078208560306
,2014-07-22 11:00,1026.3792144466993
,2014-07-22 12:00,1029.5270440487666
,2014-07-22 13:00,968.1325012787818
,2014-07-22 14:00,844.6415010603439
,2014-07-22 15:00,668.8285759376664
,2014-07-22 16:00,457.9295056165755
,2014-07-22 17:00,235.49733649155246
,2014-07-22 18:00,45.27037371383173
,2014-07-22 19:00,0.0
,2014-07-22 20:00,0.0
,2014-07-22 21:00,0.0
,2014-07-22 22:00,0.0
,2014-07-22 23:00,0.0
,2014-07-23 00:00,0.0
,2014-07-23 01:00,0.0
,2014-07-23 02:00,0.0
,2014-07-23 03:00,0.0
,2014-07-23 04:00,0.0
,2014-07-23 05:00,0.0
,2014-07-23 06:00,208.15613099523364
,2014-07-23 07:00,429.4032535564013
,2014-07-23 08:00,643.5229226151248
,2014-07-23 09:00,824.8467079846389
,2014-07-23 10:00,957.0582804239666
,2014-07-23 11:00,1028.291419595393
,2014-07-23 12:00,1032.5497195690245
,2014-07-23 13:00,968.2919378673948
,2014-07-23 14:00,844.2280208576568
,2014-07-23 15:00,667.6832526348855
,2014-07-23 16:00,456.4792019016882
,2014-07-23 17:00,233.53519524203256
,2014-07-23 18:00,43.692857469039595
,2014-07-23 19:00,0.0
,2014-07-23 20:00,0.0
,2014-07-23 21:00,0.0
,2014-07-23 22:00,0.0
,2014-07-23 23:00,0.0
,2014-07-24 00:00,0.0
,2014-07-24 01:00,0.0
,2014-07-24 02:00,0.0
,2014-07-24 03:00,0.0
,2014-07-24 04:00,0.0
,2014-07-24 05:00,0.0
,2014-07-24 06:00,205.7885110903927
,2014-07-24 07:00,425.89021524785903
,2014-07-24 08:00,639.2551453681024
,2014-07-24 09:00,820.9221922464263
,2014-07-24 10:00,951.9946474517948
,2014-07-24 11:00,1022.5280267609623
,2014-07-24 12:00,1027.5476588276726
,2014-07-24 13:00,965.0962565063633
,2014-07-24 14:00,840.717165012284
,2014-07-24 15:00,664.9024880807912
,2014-07-24 16:00,454.4558986099962
,2014-07-24 17:00,232.6123347968075
,2014-07-24 18:00,42.36656494332427
,2014-07-24 19:00,0.0
,2014-07-24 20:00,0.0
,2014-07-24 21:00,0.0
,2014-07-24 22:00,0.0
,2014-07-24 23:00,0.0
,2014-07-25 00:00,0.0
,2014-07-25 01:00,0.0
,2014-07-25 02:00,0.0
,2014-07-25 03:00,0.0
,2014-07-25 04:00,0.0
,2014-07-25 05:00,26.111836344349552
,2014-07-25 06:00,203.74911425119933
,2014-07-25 07:00,424.2035583825249
,2014-07-25 08:00,637.8306595212435
,2014-07-25 09:00,819.4084330673314
,2014-07-25 10:00,951.154822385359
,2014-07-25 11:00,1021.9973508254832
,2014-07-25 12:00,1026.1639813169588
,2014-07-25 13:00,963.0580159713351
,2014-07-25 14:00,838.3942062418798
,2014-07-25 15:00,662.0543658658912
,2014-07-25 16:00,450.6660629026609
,2014-07-25 17:00,228.2193210026255
,2014-07-25 18:00,40.50727078480396
,2014-07-25 19:00,0.0
,2014-07-25 20:00,0.0
,2014-07-25 21:00,0.0
,2014-07-25 22:00,0.0
,2014-07-25 23:00,0.0
,2014-07-26 00:00,0.0
,2014-07-26 01:00,0.0
,2014-07-26 02:00,0.0
,2014-07-26 03:00,0.0
,2014-07-26 04:00,0.0
,2014-07-26 05:00,24.729106806055455
,2014-07-26 06:00,201.21171575685082
,2014-07-26 07:00,420.904959560166
,2014-07-26 08:00,634.5737435720125
,2014-07-26 09:00,817.6080773380006
,2014-07-26 10:00,948.9869383676544
,2014-07-26 11:00,1020.0698711140722
,2014-07-26 12:00,1025.378127528319
,2014-07-26 13:00,964.1776394417
,2014-07-26 14:00,838.8285122018832
,2014-07-26 15:00,661.9909579838444
,2014-07-26 16:00,450.6427238085733
,2014-07-26 17:00,227.0505280637013
,2014-07-26 18:00,0.0
,2014-07-26 19:00,0.0
,2014-07-26 20:00,0.0
,2014-07-26 21:00,0.0
,2014-07-26 22:00,0.0
,2014-07-26 23:00,0.0
,2014-07-27 00:00,0.0
,2014-07-27 01:00,0.0
,2014-07-27 02:00,0.0
,2014-07-27 03:00,0.0
,2014-07-27 04:00,0.0
,2014-07-27 05:00,23.450057361506772
,2014-07-27 06:00,199.5324436405119
,2014-07-27 07:00,420.7951917450905
,2014-07-27 08:00,634.3671723305724
,2014-07-27 09:00,814.7398116643365
,2014-07-27 10:00,945.9337971993418
,2014-07-27 11:00,1015.9468945409687
,2014-07-27 12:00,1021.9762057574297
,2014-07-27 13:00,958.0427284828802
,2014-07-27 14:00,833.6111660282331
,2014-07-27 15:00,658.24577508918
,2014-07-27 16:00,446.8276056974665
,2014-07-27 17:00,224.94088146501713
,2014-07-27 18:00,0.0
,2014-07-27 19:00,0.0
,2014-07-27 20:00,0.0
,2014-07-27 21:00,0.0
,2014-07-27 22:00,0.0
,2014-07-27 23:00,0.0
,2014-07-28 00:00,0.0
,2014-07-28 01:00,0.0
,2014-07-28 02:00,0.0
,2014-07-28 03:00,0.0
,2014-07-28 04:00,0.0
,2014-07-28 05:00,22.14381785267449
,2014-07-28 06:00,197.36011012992884
,2014-07-28 07:00,417.6935604295305
,2014-07-28 08:00,632.1351485525736
,2014-07-28 09:00,814.6723599267385
,2014-07-28 10:00,946.9652325989438
,2014-07-28 11:00,1017.0774394999851
,2014-07-28 12:00,1022.6841810045346
,2014-07-28 13:00,959.6222945725311
,2014-07-28 14:00,833.1563322217247
,2014-07-28 15:00,657.4969454219595
,2014-07-28 16:00,445.31500960929935
,2014-07-28 17:00,222.4345160019437
,2014-07-28 18:00,35.877643525776485
,2014-07-28 19:00,0.0
,2014-07-28 20:00,0.0
,2014-07-28 21:00,0.0
,2014-07-28 22:00,0.0
,2014-07-28 23:00,0.0
,2014-07-29 00:00,0.0
,2014-07-29 01:00,0.0
,2014-07-29 02:00,0.0
,2014-07-29 03:00,0.0
,2014-07-29 04:00,0.0
,2014-07-29 05:00,0.0
,2014-07-29 06:00,195.0804478491729
,2014-07-29 07:00,415.19900267876494
,2014-07-29 08:00,629.658486700807
,2014-07-29 09:00,811.6539572371009
,2014-07-29 10:00,943.5219385330704
,2014-07-29 11:00,1014.2488544435028
,2014-07-29 12:00,1018.7639063540598
,2014-07-29 13:00,956.1340976150592
,2014-07-29 14:00,830.9638163002426
,2014-07-29 15:00,654.2208443594592
,2014-07-29 16:00,442.57378938211446
,2014-07-29 17:00,219.74611354592315
,2014-07-29 18:00,34.278034913735205
,2014-07-29 19:00,0.0
,2014-07-29 20:00,0.0
,2014-07-29 21:00,0.0
,2014-07-29 22:00,0.0
,2014-07-29 23:00,0.0
,2014-07-30 00:00,0.0
,2014-07-30 01:00,0.0
,2014-07-30 02:00,0.0
,2014-07-30 03:00,0.0
,2014-07-30 04:00,0.0
,2014-07-30 05:00,19.38453523147976
,2014-07-30 06:00,192.2403266837149
,2014-07-30 07:00,412.80860863922334
,2014-07-30 08:00,627.540336854588
,2014-07-30 09:00,809.0810785965635
,2014-07-30 10:00,941.3777831400432
,2014-07-30 11:00,1013.4059168858531
,2014-07-30 12:00,1019.1149413324789
,2014-07-30 13:00,955.7915342618948
,2014-07-30 14:00,830.6707025917691
,2014-07-30 15:00,653.097760652083
,2014-07-30 16:00,441.1554590327495
,2014-07-30 17:00,217.75423146200822
,2014-07-30 18:00,32.77413428700096
,2014-07-30 19:00,0.0
,2014-07-30 20:00,0.0
,2014-07-30 21:00,0.0
,2014-07-30 22:00,0.0
,2014-07-30 23:00,0.0
,2014-07-31 00:00,0.0
,2014-07-31 01:00,0.0
,2014-07-31 02:00,0.0
,2014-07-31 03:00,0.0
,2014-07-31 04:00,0.0
,2014-07-31 05:00,18.12746070137155
,2014-07-31 06:00,190.78471007381003
,2014-07-31 07:00,411.6921649881815
,2014-07-31 08:00,626.158535747547
,2014-07-31 09:00,809.2550085937092
,2014-07-31 10:00,942.1045531050336
,2014-07-31 11:00,1013.2326801726401
,2014-07-31 12:00,1017.9972785420248
,2014-07-31 13:00,953.7525448074357
,2014-07-31 14:00,830.4413037217453
,2014-07-31 15:00,652.0403249682632
,2014-07-31 16:00,440.50024306613545
,2014-07-31 17:00,216.1586216642726
,2014-07-31 18:00,31.234628198782012
,2014-07-31 19:00,0.0
,2014-07-31 20:00,0.0
,2014-07-31 21:00,0.0
,2014-07-31 22:00,0.0
,2014-07-31 23:00,0.0
,2014-08-01 00:00,0.0
,2014-08-01 01:00,0.0
,2014-08-01 02:00,0.0
,2014-08-01 03:00,0.0
,2014-08-01 04:00,0.0
,2014-08-01 05:00,16.908241810370548
,2014-08-01 06:00,189.00251056796097
,2014-08-01 07:00,410.7191578796543
,2014-08-01 08:00,626.5201395730255
,2014-08-01 09:00,809.4779693594371
,2014-08-01 10:00,944.1822856642079
,2014-08-01 11:00,1014.6287061073722
,2014-08-01 12:00,1018.4903583262792
,2014-08-01 13:00,955.9270743441558
,2014-08-01 14:00,830.8035365436643
,2014-08-01 15:00,653.154747157176
,2014-08-01 16:00,439.21752655123345
,2014-08-01 17:00,214.23357225278195
,2014-08-01 18:00,0.0
,2014-08-01 19:00,0.0
,2014-08-01 20:00,0.0
,2014-08-01 21:00,0.0
,2014-08-01 22:00,0.0
,2014-08-01 23:00,0.0
,2014-08-02 00:00,0.0
,2014-08-02 01:00,0.0
,2014-08-02 02:00,0.0
,2014-08-02 03:00,0.0
,2014-08-02 04:00,0.0
,2014-08-02 05:00,15.56259322735243
,2014-08-02 06:00,186.38263824178873
,2014-08-02 07:00,407.4500000955487
,2014-08-02 08:00,623.1194707515556
,2014-08-02 09:00,806.4051436603567
,2014-08-02 10:00,939.2761922455394
,2014-08-02 11:00,1010.2551603574329
,2014-08-02 12:00,1015.3886212956688
,2014-08-02 13:00,950.4979555275231
,2014-08-02 14:00,825.8951450394995
,2014-08-02 15:00,647.3461395931329
,2014-08-02 16:00,433.9893388165021
,2014-08-02 17:00,210.76126134700522
,2014-08-02 18:00,0.0
,2014-08-02 19:00,0.0
,2014-08-02 20:00,0.0
,2014-08-02 21:00,0.0
,2014-08-02 22:00,0.0
,2014-08-02 23:00,0.0
,2014-08-03 00:00,0.0
,2014-08-03 01:00,0.0
,2014-08-03 02:00,0.0
,2014-08-03 03:00,0.0
,2014-08-03 04:00,0.0
,2014-08-03 05:00,0.0
,2014-08-03 06:00,183.4505271112144
,2014-08-03 07:00,404.72212866658526
,2014-08-03 08:00,620.1188085117484
,2014-08-03 09:00,803.6019857862331
,2014-08-03 10:00,936.8457604832906
,2014-08-03 11:00,1008.989822814149
,2014-08-03 12:00,1012.8516296817364
,2014-08-03 13:00,947.2228472719736
,2014-08-03 14:00,822.3967122499433
,2014-08-03 15:00,645.2839365144596
,2014-08-03 16:00,431.7252797738049
,2014-08-03 17:00,207.95980790452447
,2014-08-03 18:00,26.331341506141957
,2014-08-03 19:00,0.0
,2014-08-03 20:00,0.0
,2014-08-03 21:00,0.0
,2014-08-03 22:00,0.0
,2014-08-03 23:00,0.0
,2014-08-04 00:00,0.0
,2014-08-04 01:00,0.0
,2014-08-04 02:00,0.0
,2014-08-04 03:00,0.0
,2014-08-04 04:00,0.0
,2014-08-04 05:00,12.96864634129101
,2014-08-04 06:00,181.10079342626318
,2014-08-04 07:00,402.64092466664835
,2014-08-04 08:00,619.0704635937223
,2014-08-04 09:00,802.2989935195573
,2014-08-04 10:00,936.3881948369425
,2014-08-04 11:00,1008.8443364459722
,2014-08-04 12:00,1013.0714240050647
,2014-08-04 13:00,949.4987903889588
,2014-08-04 14:00,823.0789092056319
,2014-08-04 15:00,644.1753976785242
,2014-08-04 16:00,429.85443836282695
,2014-08-04 17:00,205.6690928867803
,2014-08-04 18:00,24.78297130738996
,2014-08-04 19:00,0.0
,2014-08-04 20:00,0.0
,2014-08-04 21:00,0.0
,2014-08-04 22:00,0.0
,2014-08-04 23:00,0.0
,2014-08-05 00:00,0.0
,2014-08-05 01:00,0.0
,2014-08-05 02:00,0.0
,2014-08-05 03:00,0.0
,2014-08-05 04:00,0.0
,2014-08-05 05:00,11.740699342050432
,2014-08-05 06:00,178.66357163444266
,2014-08-05 07:00,400.11660377445793
,2014-08-05 08:00,615.7397031048328
,2014-08-05 09:00,799.3224533743153
,2014-08-05 10:00,932.8759066647303
,2014-08-05 11:00,1003.9143362472112
,2014-08-05 12:00,1009.3005256733564
,2014-08-05 13:00,946.0180135562815
,2014-08-05 14:00,817.2360994338334
,2014-08-05 15:00,639.9169379745431
,2014-08-05 16:00,426.4592422027062
,2014-08-05 17:00,204.0593324284812
,2014-08-05 18:00,23.390507780079346
,2014-08-05 19:00,0.0
,2014-08-05 20:00,0.0
,2014-08-05 21:00,0.0
,2014-08-05 22:00,0.0
,2014-08-05 23:00,0.0
,2014-08-06 00:00,0.0
,2014-08-06 01:00,0.0
,2014-08-06 02:00,0.0
,2014-08-06 03:00,0.0
,2014-08-06 04:00,0.0
,2014-08-06 05:00,10.54052741546911
,2014-08-06 06:00,176.42034273699412
,2014-08-06 07:00,398.2174967559299
,2014-08-06 08:00,615.3985079340388
,2014-08-06 09:00,799.943422188631
,2014-08-06 10:00,934.4590341876686
,2014-08-06 11:00,1007.5323323436675
,2014-08-06 12:00,1012.2911897909919
,2014-08-06 13:00,947.6331598654015
,2014-08-06 14:00,820.8058657208672
,2014-08-06 15:00,641.3818579053661
,2014-08-06 16:00,426.3098483810611
,2014-08-06 17:00,201.12668896923208
,2014-08-06 18:00,0.0
,2014-08-06 19:00,0.0
,2014-08-06 20:00,0.0
,2014-08-06 21:00,0.0
,2014-08-06 22:00,0.0
,2014-08-06 23:00,0.0
,2014-08-07 00:00,0.0
,2014-08-07 01:00,0.0
,2014-08-07 02:00,0.0
,2014-08-07 03:00,0.0
,2014-08-07 04:00,0.0
,2014-08-07 05:00,9.363940362317328
,2014-08-07 06:00,173.90779155985882
,2014-08-07 07:00,396.08216633446636
,2014-08-07 08:00,613.0533617407613
,2014-08-07 09:00,798.4703474564536
,2014-08-07 10:00,932.6747014132376
,2014-08-07 11:00,1005.798419015761
,2014-08-07 12:00,1010.3249922757121
,2014-08-07 13:00,946.1172426529865
,2014-08-07 14:00,817.6331849551991
,2014-08-07 15:00,638.1940362182952
,2014-08-07 16:00,423.2100403881996
,2014-08-07 17:00,198.12505697719195
,2014-08-07 18:00,0.0
,2014-08-07 19:00,0.0
,2014-08-07 20:00,0.0
,2014-08-07 21:00,0.0
,2014-08-07 22:00,0.0
,2014-08-07 23:00,0.0
,2014-08-08 00:00,0.0
,2014-08-08 01:00,0.0
,2014-08-08 02:00,0.0
,2014-08-08 03:00,0.0
,2014-08-08 04:00,0.0
,2014-08-08 05:00,0.0
,2014-08-08 06:00,171.1106448027391
,2014-08-08 07:00,392.62444794931525
,2014-08-08 08:00,609.7356637882424
,2014-08-08 09:00,794.0808325391347
,2014-08-08 10:00,929.2244294725157
,2014-08-08 11:00,1001.5646919567248
,2014-08-08 12:00,1005.8265532268267
,2014-08-08 13:00,941.1402034092895
,2014-08-08 14:00,813.0454419195886
,2014-08-08 15:00,633.7483147642234
,2014-08-08 16:00,419.21537687066785
,2014-08-08 17:00,194.9225372271049
,2014-08-08 18:00,18.605288723164357
,2014-08-08 19:00,0.0
,2014-08-08 20:00,0.0
,2014-08-08 21:00,0.0
,2014-08-08 22:00,0.0
,2014-08-08 23:00,0.0
,2014-08-09 00:00,0.0
,2014-08-09 01:00,0.0
,2014-08-09 02:00,0.0
,2014-08-09 03:00,0.0
,2014-08-09 04:00,0.0
,2014-08-09 05:00,7.078070947686818
,2014-08-09 06:00,167.94660951230267
,2014-08-09 07:00,388.7416998801987
,2014-08-09 08:00,605.734112245106
,2014-08-09 09:00,790.8162726079784
,2014-08-09 10:00,925.369539263983
,2014-08-09 11:00,996.9164683585735
,2014-08-09 12:00,1001.4288580073486
,2014-08-09 13:00,937.3035100560214
,2014-08-09 14:00,810.3545357672573
,2014-08-09 15:00,630.5225872185202
,2014-08-09 16:00,416.12379712948047
,2014-08-09 17:00,191.9217176540384
,2014-08-09 18:00,17.10143257553648
,2014-08-09 19:00,0.0
,2014-08-09 20:00,0.0
,2014-08-09 21:00,0.0
,2014-08-09 22:00,0.0
,2014-08-09 23:00,0.0
,2014-08-10 00:00,0.0
,2014-08-10 01:00,0.0
,2014-08-10 02:00,0.0
,2014-08-10 03:00,0.0
,2014-08-10 04:00,0.0
,2014-08-10 05:00,6.004448436402214
,2014-08-10 06:00,165.00000298439846
,2014-08-10 07:00,385.4410559533542
,2014-08-10 08:00,601.9694967709352
,2014-08-10 09:00,786.7898683960324
,2014-08-10 10:00,921.0537126897582
,2014-08-10 11:00,993.8151719150426
,2014-08-10 12:00,998.1750937945665
,2014-08-10 13:00,934.0212609079668
,2014-08-10 14:00,806.404131116409
,2014-08-10 15:00,627.2674374946484
,2014-08-10 16:00,412.6627689096906
,2014-08-10 17:00,188.92610310325657
,2014-08-10 18:00,15.635694294014856
,2014-08-10 19:00,0.0
,2014-08-10 20:00,0.0
,2014-08-10 21:00,0.0
,2014-08-10 22:00,0.0
,2014-08-10 23:00,0.0
,2014-08-11 00:00,0.0
,2014-08-11 01:00,0.0
,2014-08-11 02:00,0.0
,2014-08-11 03:00,0.0
,2014-08-11 04:00,0.0
,2014-08-11 05:00,4.9822771619193045
,2014-08-11 06:00,161.97949300824087
,2014-08-11 07:00,381.957951260883
,2014-08-11 08:00,598.4897391198843
,2014-08-11 09:00,783.0480395089893
,2014-08-11 10:00,917.3826528060376
,2014-08-11 11:00,989.8622960966247
,2014-08-11 12:00,994.0753061482483
,2014-08-11 13:00,930.1090101881708
,2014-08-11 14:00,803.0895215443691
,2014-08-11 15:00,624.2321216227391
,2014-08-11 16:00,409.73955131370866
,2014-08-11 17:00,185.80678804697678
,2014-08-11 18:00,0.0
,2014-08-11 19:00,0.0
,2014-08-11 20:00,0.0
,2014-08-11 21:00,0.0
,2014-08-11 22:00,0.0
,2014-08-11 23:00,0.0
,2014-08-12 00:00,0.0
,2014-08-12 01:00,0.0
,2014-08-12 02:00,0.0
,2014-08-12 03:00,0.0
,2014-08-12 04:00,0.0
,2014-08-12 05:00,0.0
,2014-08-12 06:00,159.0301385422964
,2014-08-12 07:00,379.2898164711492
,2014-08-12 08:00,595.78616292088
,2014-08-12 09:00,780.9902423532856
,2014-08-12 10:00,915.6466883189819
,2014-08-12 11:00,987.6832856633122
,2014-08-12 12:00,991.831784916757
,2014-08-12 13:00,927.7852067322651
,2014-08-12 14:00,800.7788593212935
,2014-08-12 15:00,621.4011390922986
,2014-08-12 16:00,406.5345008555622
,2014-08-12 17:00,182.74809305540268
,2014-08-12 18:00,0.0
,2014-08-12 19:00,0.0
,2014-08-12 20:00,0.0
,2014-08-12 21:00,0.0
,2014-08-12 22:00,0.0
,2014-08-12 23:00,0.0
,2014-08-13 00:00,0.0
,2014-08-13 01:00,0.0
,2014-08-13 02:00,0.0
,2014-08-13 03:00,0.0
,2014-08-13 04:00,0.0
,2014-08-13 05:00,3.127003624236653
,2014-08-13 06:00,156.02020910913365
,2014-08-13 07:00,375.67718172480863
,2014-08-13 08:00,592.7619378020778
,2014-08-13 09:00,777.7664298639047
,2014-08-13 10:00,913.2394026372951
,2014-08-13 11:00,985.5310887004443
,2014-08-13 12:00,989.728403387371
,2014-08-13 13:00,925.4805862548711
,2014-08-13 14:00,798.4887039741285
,2014-08-13 15:00,618.8171541615893
,2014-08-13 16:00,403.6583759893221
,2014-08-13 17:00,179.93430082022496
,2014-08-13 18:00,11.534153116699368
,2014-08-13 19:00,0.0
,2014-08-13 20:00,0.0
,2014-08-13 21:00,0.0
,2014-08-13 22:00,0.0
,2014-08-13 23:00,0.0
,2014-08-14 00:00,0.0
,2014-08-14 01:00,0.0
,2014-08-14 02:00,0.0
,2014-08-14 03:00,0.0
,2014-08-14 04:00,0.0
,2014-08-14 05:00,2.2902090689478243
,2014-08-14 06:00,153.4308582520226
,2014-08-14 07:00,373.6721658629952
,2014-08-14 08:00,590.3766535538399
,2014-08-14 09:00,775.6772457436892
,2014-08-14 10:00,909.6991924521066
,2014-08-14 11:00,981.7596816917272
,2014-08-14 12:00,985.6220791758294
,2014-08-14 13:00,920.8738188575763
,2014-08-14 14:00,794.7444710619029
,2014-08-14 15:00,615.1581272284815
,2014-08-14 16:00,400.56141542925343
,2014-08-14 17:00,177.1134338209313
,2014-08-14 18:00,10.286627531535332
,2014-08-14 19:00,0.0
,2014-08-14 20:00,0.0
,2014-08-14 21:00,0.0
,2014-08-14 22:00,0.0
,2014-08-14 23:00,0.0
,2014-08-15 00:00,0.0
,2014-08-15 01:00,0.0
,2014-08-15 02:00,0.0
,2014-08-15 03:00,0.0
,2014-08-15 04:00,0.0
,2014-08-15 05:00,1.5343898682472503
,2014-08-15 06:00,151.3434357570849
,2014-08-15 07:00,372.8310183164066
,2014-08-15 08:00,590.812211381869
,2014-08-15 09:00,777.0918556443651
,2014-08-15 10:00,912.1447234117064
,2014-08-15 11:00,985.1341991858147
,2014-08-15 12:00,989.5151159365946
,2014-08-15 13:00,924.9235591864431
,2014-08-15 14:00,795.1610803085041
,2014-08-15 15:00,614.4917169188972
,2014-08-15 16:00,398.8720381061373
,2014-08-15 17:00,174.60230187394188
,2014-08-15 18:00,9.12167657545786
,2014-08-15 19:00,0.0
,2014-08-15 20:00,0.0
,2014-08-15 21:00,0.0
,2014-08-15 22:00,0.0
,2014-08-15 23:00,0.0
,2014-08-16 00:00,0.0
,2014-08-16 01:00,0.0
,2014-08-16 02:00,0.0
,2014-08-16 03:00,0.0
,2014-08-16 04:00,0.0
,2014-08-16 05:00,0.0
,2014-08-16 06:00,148.57061988750561
,2014-08-16 07:00,369.7641522022018
,2014-08-16 08:00,588.8017382727506
,2014-08-16 09:00,774.4834819573932
,2014-08-16 10:00,909.3225674282668
,2014-08-16 11:00,982.2818753229171
,2014-08-16 12:00,986.442578623291
,2014-08-16 13:00,921.9463133292461
,2014-08-16 14:00,793.8735472346376
,2014-08-16 15:00,612.904232171057
,2014-08-16 16:00,396.53696598410204
,2014-08-16 17:00,171.91145752028163
,2014-08-16 18:00,0.0
,2014-08-16 19:00,0.0
,2014-08-16 20:00,0.0
,2014-08-16 21:00,0.0
,2014-08-16 22:00,0.0
,2014-08-16 23:00,0.0
,2014-08-17 00:00,0.0
,2014-08-17 01:00,0.0
,2014-08-17 02:00,0.0
,2014-08-17 03:00,0.0
,2014-08-17 04:00,0.0
,2014-08-17 05:00,0.19707503682282657
,2014-08-17 06:00,145.77973835813464
,2014-08-17 07:00,367.3699928779726
,2014-08-17 08:00,586.798884924727
,2014-08-17 09:00,774.2188362650664
,2014-08-17 10:00,911.4004010837646
,2014-08-17 11:00,984.1289483161842
,2014-08-17 12:00,987.6960974125063
,2014-08-17 13:00,923.3199059843149
,2014-08-17 14:00,793.7920953738126
,2014-08-17 15:00,611.6983632393931
,2014-08-17 16:00,394.4269413941053
,2014-08-17 17:00,169.11717921520457
,2014-08-17 18:00,6.942095450908739
,2014-08-17 19:00,0.0
,2014-08-17 20:00,0.0
,2014-08-17 21:00,0.0
,2014-08-17 22:00,0.0
,2014-08-17 23:00,0.0
,2014-08-18 00:00,0.0
,2014-08-18 01:00,0.0
,2014-08-18 02:00,0.0
,2014-08-18 03:00,0.0
,2014-08-18 04:00,0.0
,2014-08-18 05:00,0.0
,2014-08-18 06:00,142.58017439435238
,2014-08-18 07:00,363.00848743122
,2014-08-18 08:00,582.1129544426893
,2014-08-18 09:00,769.352453101955
,2014-08-18 10:00,905.1960810282493
,2014-08-18 11:00,978.3942214223529
,2014-08-18 12:00,982.5267538927154
,2014-08-18 13:00,917.540826540315
,2014-08-18 14:00,788.263538416826
,2014-08-18 15:00,606.370789849144
,2014-08-18 16:00,389.47563939693765
,2014-08-18 17:00,165.26293086467396
,2014-08-18 18:00,5.925292407523901
,2014-08-18 19:00,0.0
,2014-08-18 20:00,0.0
,2014-08-18 21:00,0.0
,2014-08-18 22:00,0.0
,2014-08-18 23:00,0.0
,2014-08-19 00:00,0.0
,2014-08-19 01:00,0.0
,2014-08-19 02:00,0.0
,2014-08-19 03:00,0.0
,2014-08-19 04:00,0.0
,2014-08-19 05:00,0.0
,2014-08-19 06:00,139.47244443652684
,2014-08-19 07:00,359.8127739417104
,2014-08-19 08:00,578.783288536402
,2014-08-19 09:00,766.2381126453246
,2014-08-19 10:00,902.6358753963166
,2014-08-19 11:00,975.5073272425284
,2014-08-19 12:00,979.1965600509916
,2014-08-19 13:00,914.4495631855102
,2014-08-19 14:00,786.1062075431521
,2014-08-19 15:00,604.0803535559655
,2014-08-19 16:00,386.6725888632387
,2014-08-19 17:00,162.31388296210696
,2014-08-19 18:00,5.018317241335114
,2014-08-19 19:00,0.0
,2014-08-19 20:00,0.0
,2014-08-19 21:00,0.0
,2014-08-19 22:00,0.0
,2014-08-19 23:00,0.0
,2014-08-20 00:00,0.0
,2014-08-20 01:00,0.0
,2014-08-20 02:00,0.0
,2014-08-20 03:00,0.0
,2014-08-20 04:00,0.0
,2014-08-20 05:00,0.0
,2014-08-20 06:00,136.0311900975701
,2014-08-20 07:00,355.51870577593763
,2014-08-20 08:00,574.4776853397278
,2014-08-20 09:00,761.7765411036371
,2014-08-20 10:00,897.0279793223417
,2014-08-20 11:00,970.7538506089346
,2014-08-20 12:00,975.0946594267456
,2014-08-20 13:00,910.1584358928357
,2014-08-20 14:00,780.6846617108637
,2014-08-20 15:00,600.1811444908762
,2014-08-20 16:00,382.7713104948068
,2014-08-20 17:00,158.8343968923412
,2014-08-20 18:00,0.0
,2014-08-20 19:00,0.0
,2014-08-20 20:00,0.0
,2014-08-20 21:00,0.0
,2014-08-20 22:00,0.0
,2014-08-20 23:00,0.0
,2014-08-21 00:00,0.0
,2014-08-21 01:00,0.0
,2014-08-21 02:00,0.0
,2014-08-21 03:00,0.0
,2014-08-21 04:00,0.0
,2014-08-21 05:00,0.0
,2014-08-21 06:00,132.965912096433
,2014-08-21 07:00,352.4770827745991
,2014-08-21 08:00,571.2471799652179
,2014-08-21 09:00,757.7424399813661
,2014-08-21 10:00,892.9695967045058
,2014-08-21 11:00,965.6475906424804
,2014-08-21 12:00,970.4589468342966
,2014-08-21 13:00,905.8884730914614
,2014-08-21 14:00,776.542312471044
,2014-08-21 15:00,593.9186049865107
,2014-08-21 16:00,377.72655873586444
,2014-08-21 17:00,154.87891330295494
,2014-08-21 18:00,0.0
,2014-08-21 19:00,0.0
,2014-08-21 20:00,0.0
,2014-08-21 21:00,0.0
,2014-08-21 22:00,0.0
,2014-08-21 23:00,0.0
,2014-08-22 00:00,0.0
,2014-08-22 01:00,0.0
,2014-08-22 02:00,0.0
,2014-08-22 03:00,0.0
,2014-08-22 04:00,0.0
,2014-08-22 05:00,0.0
,2014-08-22 06:00,129.6749561487021
,2014-08-22 07:00,348.4807896836776
,2014-08-22 08:00,566.844702594269
,2014-08-22 09:00,754.5320614779746
,2014-08-22 10:00,890.7019305083678
,2014-08-22 11:00,963.814886812679
,2014-08-22 12:00,968.03899216936
,2014-08-22 13:00,902.44736171732
,2014-08-22 14:00,773.2924377086252
,2014-08-22 15:00,591.7653434475138
,2014-08-22 16:00,375.3709169947404
,2014-08-22 17:00,151.94982101824243
,2014-08-22 18:00,0.0
,2014-08-22 19:00,0.0
,2014-08-22 20:00,0.0
,2014-08-22 21:00,0.0
,2014-08-22 22:00,0.0
,2014-08-22 23:00,0.0
,2014-08-23 00:00,0.0
,2014-08-23 01:00,0.0
,2014-08-23 02:00,0.0
,2014-08-23 03:00,0.0
,2014-08-23 04:00,0.0
,2014-08-23 05:00,0.0
,2014-08-23 06:00,126.55425319348211
,2014-08-23 07:00,344.7797999078285
,2014-08-23 08:00,563.753291750572
,2014-08-23 09:00,751.4947995883701
,2014-08-23 10:00,887.8227217829216
,2014-08-23 11:00,960.8221177921674
,2014-08-23 12:00,964.4253154942917
,2014-08-23 13:00,899.5681724355379
,2014-08-23 14:00,770.0880452912909
,2014-08-23 15:00,588.7673145600197
,2014-08-23 16:00,372.0628946185986
,2014-08-23 17:00,148.6961072787027
,2014-08-23 18:00,0.0
,2014-08-23 19:00,0.0
,2014-08-23 20:00,0.0
,2014-08-23 21:00,0.0
,2014-08-23 22:00,0.0
,2014-08-23 23:00,0.0
,2014-08-24 00:00,0.0
,2014-08-24 01:00,0.0
,2014-08-24 02:00,0.0
,2014-08-24 03:00,0.0
,2014-08-24 04:00,0.0
,2014-08-24 05:00,0.0
,2014-08-24 06:00,123.48135486641306
,2014-08-24 07:00,342.06026400821344
,2014-08-24 08:00,561.0483704042989
,2014-08-24 09:00,748.0536607271189
,2014-08-24 10:00,884.6057410841222
,2014-08-24 11:00,958.5285478480519
,2014-08-24 12:00,961.2457560028964
,2014-08-24 13:00,895.4333360326178
,2014-08-24 14:00,767.169317640194
,2014-08-24 15:00,585.5362704920929
,2014-08-24 16:00,368.31187684492676
,2014-08-24 17:00,145.5288971572084
,2014-08-24 18:00,0.0
,2014-08-24 19:00,0.0
,2014-08-24 20:00,0.0
,2014-08-24 21:00,0.0
,2014-08-24 22:00,0.0
,2014-08-24 23:00,0.0
,2014-08-25 00:00,0.0
,2014-08-25 01:00,0.0
,2014-08-25 02:00,0.0
,2014-08-25 03:00,0.0
,2014-08-25 04:00,0.0
,2014-08-25 05:00,0.0
,2014-08-25 06:00,120.84453566038424
,2014-08-25 07:00,339.9714668637602
,2014-08-25 08:00,559.6753163898558
,2014-08-25 09:00,746.8360879978129
,2014-08-25 10:00,884.2312797737408
,2014-08-25 11:00,958.1592689572235
,2014-08-25 12:00,962.0726883613565
,2014-08-25 13:00,896.6380280275304
,2014-08-25 14:00,766.6502519993288
,2014-08-25 15:00,583.4506456092467
,2014-08-25 16:00,365.50397679725864
,2014-08-25 17:00,142.37449514855373
,2014-08-25 18:00,0.0
,2014-08-25 19:00,0.0
,2014-08-25 20:00,0.0
,2014-08-25 21:00,0.0
,2014-08-25 22:00,0.0
,2014-08-25 23:00,0.0
,2014-08-26 00:00,0.0
,2014-08-26 01:00,0.0
,2014-08-26 02:00,0.0
,2014-08-26 03:00,0.0
,2014-08-26 04:00,0.0
,2014-08-26 05:00,0.0
,2014-08-26 06:00,117.40038418209649
,2014-08-26 07:00,335.2764662993835
,2014-08-26 08:00,554.7071236989382
,2014-08-26 09:00,742.5023761389499
,2014-08-26 10:00,879.3182462995304
,2014-08-26 11:00,952.3861989947441
,2014-08-26 12:00,956.2960328588069
,2014-08-26 13:00,891.5233030754005
,2014-08-26 14:00,760.8585927470151
,2014-08-26 15:00,579.3160227365745
,2014-08-26 16:00,361.51515300061635
,2014-08-26 17:00,138.88090088902945
,2014-08-26 18:00,0.0
,2014-08-26 19:00,0.0
,2014-08-26 20:00,0.0
,2014-08-26 21:00,0.0
,2014-08-26 22:00,0.0
,2014-08-26 23:00,0.0
,2014-08-27 00:00,0.0
,2014-08-27 01:00,0.0
,2014-08-27 02:00,0.0
,2014-08-27 03:00,0.0
,2014-08-27 04:00,0.0
,2014-08-27 05:00,0.0
,2014-08-27 06:00,113.59700930157372
,2014-08-27 07:00,330.47552654029965
,2014-08-27 08:00,548.7068507271496
,2014-08-27 09:00,736.5304398818218
,2014-08-27 10:00,873.300370829456
,2014-08-27 11:00,945.0593730633244
,2014-08-27 12:00,948.0524814198052
,2014-08-27 13:00,883.3669451251458
,2014-08-27 14:00,753.997169247767
,2014-08-27 15:00,572.6610123392416
,2014-08-27 16:00,356.18575043914507
,2014-08-27 17:00,134.84365459404768
,2014-08-27 18:00,0.0
,2014-08-27 19:00,0.0
,2014-08-27 20:00,0.0
,2014-08-27 21:00,0.0
,2014-08-27 22:00,0.0
,2014-08-27 23:00,0.0
,2014-08-28 00:00,0.0
,2014-08-28 01:00,0.0
,2014-08-28 02:00,0.0
,2014-08-28 03:00,0.0
,2014-08-28 04:00,0.0
,2014-08-28 05:00,0.0
,2014-08-28 06:00,110.53531180197291
,2014-08-28 07:00,326.7422116493824
,2014-08-28 08:00,545.6799391006708
,2014-08-28 09:00,733.6991009877019
,2014-08-28 10:00,870.5375150634412
,2014-08-28 11:00,944.2156601825237
,2014-08-28 12:00,949.1432719082084
,2014-08-28 13:00,883.8870466790344
,2014-08-28 14:00,754.0090292949753
,2014-08-28 15:00,571.5624653536337
,2014-08-28 16:00,354.23398858241404
,2014-08-28 17:00,132.12995430837086
,2014-08-28 18:00,0.0
,2014-08-28 19:00,0.0
,2014-08-28 20:00,0.0
,2014-08-28 21:00,0.0
,2014-08-28 22:00,0.0
,2014-08-28 23:00,0.0
,2014-08-29 00:00,0.0
,2014-08-29 01:00,0.0
,2014-08-29 02:00,0.0
,2014-08-29 03:00,0.0
,2014-08-29 04:00,0.0
,2014-08-29 05:00,0.0
,2014-08-29 06:00,107.56088672984913
,2014-08-29 07:00,324.38913206262936
,2014-08-29 08:00,544.127394544757
,2014-08-29 09:00,732.4371946903658
,2014-08-29 10:00,869.3600897339273
,2014-08-29 11:00,944.0093320252881
,2014-08-29 12:00,948.1059529694389
,2014-08-29 13:00,882.1382438586968
,2014-08-29 14:00,752.1423342891159
,2014-08-29 15:00,568.9590572956041
,2014-08-29 16:00,350.805349461567
,2014-08-29 17:00,128.596297185805
,2014-08-29 18:00,0.0
,2014-08-29 19:00,0.0
,2014-08-29 20:00,0.0
,2014-08-29 21:00,0.0
,2014-08-29 22:00,0.0
,2014-08-29 23:00,0.0
,2014-08-30 00:00,0.0
,2014-08-30 01:00,0.0
,2014-08-30 02:00,0.0
,2014-08-30 03:00,0.0
,2014-08-30 04:00,0.0
,2014-08-30 05:00,0.0
,2014-08-30 06:00,104.36525914220385
,2014-08-30 07:00,320.27909129409176
,2014-08-30 08:00,539.2798566127798
,2014-08-30 09:00,727.4954987453743
,2014-08-30 10:00,864.2884251996849
,2014-08-30 11:00,938.5357571469656
,2014-08-30 12:00,943.3375226563953
,2014-08-30 13:00,877.636840603206
,2014-08-30 14:00,747.0406159622634
,2014-08-30 15:00,565.4887157709121
,2014-08-30 16:00,348.28533645728766
,2014-08-30 17:00,125.92548601182138
,2014-08-30 18:00,0.0
,2014-08-30 19:00,0.0
,2014-08-30 20:00,0.0
,2014-08-30 21:00,0.0
,2014-08-30 22:00,0.0
,2014-08-30 23:00,0.0
,2014-08-31 00:00,0.0
,2014-08-31 01:00,0.0
,2014-08-31 02:00,0.0
,2014-08-31 03:00,0.0
,2014-08-31 04:00,0.0
,2014-08-31 05:00,0.0
,2014-08-31 06:00,101.06633736194155
,2014-08-31 07:00,316.3250757195972
,2014-08-31 08:00,535.4834586983314
,2014-08-31 09:00,723.8884945188639
,2014-08-31 10:00,861.1395662422893
,2014-08-31 11:00,935.0732134782667
,2014-08-31 12:00,940.7274194108805
,2014-08-31 13:00,877.2258497036095
,2014-08-31 14:00,748.671216806232
,2014-08-31 15:00,563.3694704506742
,2014-08-31 16:00,344.0280345163507
,2014-08-31 17:00,121.9508631776276
,2014-08-31 18:00,0.0
,2014-08-31 19:00,0.0
,2014-08-31 20:00,0.0
,2014-08-31 21:00,0.0
,2014-08-31 22:00,0.0
,2014-08-31 23:00,0.0
,2014-09-01 00:00,0.0
,2014-09-01 01:00,0.0
,2014-09-01 02:00,0.0
,2014-09-01 03:00,0.0
,2014-09-01 04:00,0.0
,2014-09-01 05:00,0.0
,2014-09-01 06:00,98.29639220117399
,2014-09-01 07:00,314.19127616764
,2014-09-01 08:00,534.7792625297591
,2014-09-01 09:00,724.1601718732693
,2014-09-01 10:00,863.3227113656998
,2014-09-01 11:00,939.3692811926285
,2014-09-01 12:00,945.4402327146954
,2014-09-01 13:00,881.8477237365305
,2014-09-01 14:00,747.7261466697983
,2014-09-01 15:00,562.2500964535107
,2014-09-01 16:00,343.0902098472683
,2014-09-01 17:00,119.8268420902922
,2014-09-01 18:00,0.0
,2014-09-01 19:00,0.0
,2014-09-01 20:00,0.0
,2014-09-01 21:00,0.0
,2014-09-01 22:00,0.0
,2014-09-01 23:00,0.0
,2014-09-02 00:00,0.0
,2014-09-02 01:00,0.0
,2014-09-02 02:00,0.0
,2014-09-02 03:00,0.0
,2014-09-02 04:00,0.0
,2014-09-02 05:00,0.0
,2014-09-02 06:00,95.71691069271694
,2014-09-02 07:00,312.5729089855742
,2014-09-02 08:00,533.1619101813167
,2014-09-02 09:00,723.882833659125
,2014-09-02 10:00,862.5247975636033
,2014-09-02 11:00,937.5330602596114
,2014-09-02 12:00,942.0756705243646
,2014-09-02 13:00,876.4983754668588
,2014-09-02 14:00,746.8646660953507
,2014-09-02 15:00,560.1404311847358
,2014-09-02 16:00,339.0238426001334
,2014-09-02 17:00,115.99104532020755
,2014-09-02 18:00,0.0
,2014-09-02 19:00,0.0
,2014-09-02 20:00,0.0
,2014-09-02 21:00,0.0
,2014-09-02 22:00,0.0
,2014-09-02 23:00,0.0
,2014-09-03 00:00,0.0
,2014-09-03 01:00,0.0
,2014-09-03 02:00,0.0
,2014-09-03 03:00,0.0
,2014-09-03 04:00,0.0
,2014-09-03 05:00,0.0
,2014-09-03 06:00,92.14619586687617
,2014-09-03 07:00,307.76147502263404
,2014-09-03 08:00,529.4434116054266
,2014-09-03 09:00,720.1114951890993
,2014-09-03 10:00,859.4263053561458
,2014-09-03 11:00,935.2302574547899
,2014-09-03 12:00,939.9893236030448
,2014-09-03 13:00,872.9347784856905
,2014-09-03 14:00,741.5639995036933
,2014-09-03 15:00,555.3728538305617
,2014-09-03 16:00,335.0741764649974
,2014-09-03 17:00,112.58272986260039
,2014-09-03 18:00,0.0
,2014-09-03 19:00,0.0
,2014-09-03 20:00,0.0
,2014-09-03 21:00,0.0
,2014-09-03 22:00,0.0
,2014-09-03 23:00,0.0
,2014-09-04 00:00,0.0
,2014-09-04 01:00,0.0
,2014-09-04 02:00,0.0
,2014-09-04 03:00,0.0
,2014-09-04 04:00,0.0
,2014-09-04 05:00,0.0
,2014-09-04 06:00,88.80044724886451
,2014-09-04 07:00,303.7153095221458
,2014-09-04 08:00,525.2730194122679
,2014-09-04 09:00,714.813999902604
,2014-09-04 10:00,854.0607473323466
,2014-09-04 11:00,929.9195330009427
,2014-09-04 12:00,935.0419317204364
,2014-09-04 13:00,868.5644826301229
,2014-09-04 14:00,735.3026469075115
,2014-09-04 15:00,550.8321185551522
,2014-09-04 16:00,330.90960676769237
,2014-09-04 17:00,109.0849297854409
,2014-09-04 18:00,0.0
,2014-09-04 19:00,0.0
,2014-09-04 20:00,0.0
,2014-09-04 21:00,0.0
,2014-09-04 22:00,0.0
,2014-09-04 23:00,0.0
,2014-09-05 00:00,0.0
,2014-09-05 01:00,0.0
,2014-09-05 02:00,0.0
,2014-09-05 03:00,0.0
,2014-09-05 04:00,0.0
,2014-09-05 05:00,0.0
,2014-09-05 06:00,85.6509901868865
,2014-09-05 07:00,299.7193562769146
,2014-09-05 08:00,520.7470577161907
,2014-09-05 09:00,710.3821205267291
,2014-09-05 10:00,849.3119151822154
,2014-09-05 11:00,924.9143737605962
,2014-09-05 12:00,931.2932593344378
,2014-09-05 13:00,862.3539811272781
,2014-09-05 14:00,731.3219145510029
,2014-09-05 15:00,547.41077518782
,2014-09-05 16:00,326.3879150888614
,2014-09-05 17:00,105.23917139409687
,2014-09-05 18:00,0.0
,2014-09-05 19:00,0.0
,2014-09-05 20:00,0.0
,2014-09-05 21:00,0.0
,2014-09-05 22:00,0.0
,2014-09-05 23:00,0.0
,2014-09-06 00:00,0.0
,2014-09-06 01:00,0.0
,2014-09-06 02:00,0.0
,2014-09-06 03:00,0.0
,2014-09-06 04:00,0.0
,2014-09-06 05:00,0.0
,2014-09-06 06:00,82.34847413549737
,2014-09-06 07:00,296.06463581651934
,2014-09-06 08:00,517.7068307948258
,2014-09-06 09:00,707.0341250025906
,2014-09-06 10:00,847.9366987297115
,2014-09-06 11:00,921.471553780741
,2014-09-06 12:00,926.8631249680785
,2014-09-06 13:00,862.2654804453617
,2014-09-06 14:00,730.8131592147579
,2014-09-06 15:00,543.8964609776559
,2014-09-06 16:00,323.4103128829089
,2014-09-06 17:00,102.11953169578754
,2014-09-06 18:00,0.0
,2014-09-06 19:00,0.0
,2014-09-06 20:00,0.0
,2014-09-06 21:00,0.0
,2014-09-06 22:00,0.0
,2014-09-06 23:00,0.0
,2014-09-07 00:00,0.0
,2014-09-07 01:00,0.0
,2014-09-07 02:00,0.0
,2014-09-07 03:00,0.0
,2014-09-07 04:00,0.0
,2014-09-07 05:00,0.0
,2014-09-07 06:00,79.11111715519695
,2014-09-07 07:00,291.65980430548666
,2014-09-07 08:00,512.4130738667254
,2014-09-07 09:00,702.9740178976567
,2014-09-07 10:00,841.9886655828523
,2014-09-07 11:00,917.5714820062525
,2014-09-07 12:00,921.4600533414103
,2014-09-07 13:00,854.9680512225306
,2014-09-07 14:00,723.0762509859954
,2014-09-07 15:00,537.8375884547146
,2014-09-07 16:00,317.9432406384568
,2014-09-07 17:00,98.11850296724134
,2014-09-07 18:00,0.0
,2014-09-07 19:00,0.0
,2014-09-07 20:00,0.0
,2014-09-07 21:00,0.0
,2014-09-07 22:00,0.0
,2014-09-07 23:00,0.0
,2014-09-08 00:00,0.0
,2014-09-08 01:00,0.0
,2014-09-08 02:00,0.0
,2014-09-08 03:00,0.0
,2014-09-08 04:00,0.0
,2014-09-08 05:00,0.0
,2014-09-08 06:00,75.7532963330708
,2014-09-08 07:00,287.1476947138787
,2014-09-08 08:00,506.83997756005715
,2014-09-08 09:00,697.4097371195883
,2014-09-08 10:00,836.6825541069638
,2014-09-08 11:00,911.7886877523102
,2014-09-08 12:00,916.8395976146334
,2014-09-08 13:00,849.3713412619313
,2014-09-08 14:00,718.6474153595616
,2014-09-08 15:00,533.9332145236858
,2014-09-08 16:00,314.2334919493215
,2014-09-08 17:00,94.68343203042268
,2014-09-08 18:00,0.0
,2014-09-08 19:00,0.0
,2014-09-08 20:00,0.0
,2014-09-08 21:00,0.0
,2014-09-08 22:00,0.0
,2014-09-08 23:00,0.0
,2014-09-09 00:00,0.0
,2014-09-09 01:00,0.0
,2014-09-09 02:00,0.0
,2014-09-09 03:00,0.0
,2014-09-09 04:00,0.0
,2014-09-09 05:00,0.0
,2014-09-09 06:00,72.57093061089891
,2014-09-09 07:00,283.0134183084126
,2014-09-09 08:00,502.7988854298403
,2014-09-09 09:00,693.1431532427243
,2014-09-09 10:00,831.9921929536927
,2014-09-09 11:00,907.1276714266663
,2014-09-09 12:00,910.9127149115068
,2014-09-09 13:00,845.0565901699738
,2014-09-09 14:00,713.1501807689018
,2014-09-09 15:00,528.0338211935551
,2014-09-09 16:00,308.65131387101366
,2014-09-09 17:00,90.74985332472446
,2014-09-09 18:00,0.0
,2014-09-09 19:00,0.0
,2014-09-09 20:00,0.0
,2014-09-09 21:00,0.0
,2014-09-09 22:00,0.0
,2014-09-09 23:00,0.0
,2014-09-10 00:00,0.0
,2014-09-10 01:00,0.0
,2014-09-10 02:00,0.0
,2014-09-10 03:00,0.0
,2014-09-10 04:00,0.0
,2014-09-10 05:00,0.0
,2014-09-10 06:00,69.40815376597982
,2014-09-10 07:00,278.79678537336196
,2014-09-10 08:00,498.33039797690424
,2014-09-10 09:00,688.0786486393673
,2014-09-10 10:00,827.4542725658634
,2014-09-10 11:00,901.7441793182091
,2014-09-10 12:00,906.0272149865158
,2014-09-10 13:00,840.0644181519899
,2014-09-10 14:00,709.2482652477047
,2014-09-10 15:00,525.1400317419366
,2014-09-10 16:00,305.5858397638258
,2014-09-10 17:00,87.50501580566782
,2014-09-10 18:00,0.0
,2014-09-10 19:00,0.0
,2014-09-10 20:00,0.0
,2014-09-10 21:00,0.0
,2014-09-10 22:00,0.0
,2014-09-10 23:00,0.0
,2014-09-11 00:00,0.0
,2014-09-11 01:00,0.0
,2014-09-11 02:00,0.0
,2014-09-11 03:00,0.0
,2014-09-11 04:00,0.0
,2014-09-11 05:00,0.0
,2014-09-11 06:00,66.20234373654853
,2014-09-11 07:00,275.25053663705484
,2014-09-11 08:00,495.74504518627396
,2014-09-11 09:00,686.230022277039
,2014-09-11 10:00,824.8308876372356
,2014-09-11 11:00,899.4589593988111
,2014-09-11 12:00,904.6322571489636
,2014-09-11 13:00,839.1671817582786
,2014-09-11 14:00,708.0267578027842
,2014-09-11 15:00,522.2101846406688
,2014-09-11 16:00,302.02657215996135
,2014-09-11 17:00,84.15227084961148
,2014-09-11 18:00,0.0
,2014-09-11 19:00,0.0
,2014-09-11 20:00,0.0
,2014-09-11 21:00,0.0
,2014-09-11 22:00,0.0
,2014-09-11 23:00,0.0
,2014-09-12 00:00,0.0
,2014-09-12 01:00,0.0
,2014-09-12 02:00,0.0
,2014-09-12 03:00,0.0
,2014-09-12 04:00,0.0
,2014-09-12 05:00,0.0
,2014-09-12 06:00,63.080489392950334
,2014-09-12 07:00,271.05922661970374
,2014-09-12 08:00,490.88188172492806
,2014-09-12 09:00,681.1188298915723
,2014-09-12 10:00,820.1784252227283
,2014-09-12 11:00,896.5708744548347
,2014-09-12 12:00,900.1860413444381
,2014-09-12 13:00,833.3631607965697
,2014-09-12 14:00,700.5197918148887
,2014-09-12 15:00,515.0055086748301
,2014-09-12 16:00,295.9295261105103
,2014-09-12 17:00,80.2522492383717
,2014-09-12 18:00,0.0
,2014-09-12 19:00,0.0
,2014-09-12 20:00,0.0
,2014-09-12 21:00,0.0
,2014-09-12 22:00,0.0
,2014-09-12 23:00,0.0
,2014-09-13 00:00,0.0
,2014-09-13 01:00,0.0
,2014-09-13 02:00,0.0
,2014-09-13 03:00,0.0
,2014-09-13 04:00,0.0
,2014-09-13 05:00,0.0
,2014-09-13 06:00,59.887248188075965
,2014-09-13 07:00,266.6999734355336
,2014-09-13 08:00,486.8960631031553
,2014-09-13 09:00,676.6699659695022
,2014-09-13 10:00,815.3847370012577
,2014-09-13 11:00,890.2416951613269
,2014-09-13 12:00,892.9114863541678
,2014-09-13 13:00,827.2740192348028
,2014-09-13 14:00,695.1611298503813
,2014-09-13 15:00,510.66085657191525
,2014-09-13 16:00,292.44740432812273
,2014-09-13 17:00,77.03138158552844
,2014-09-13 18:00,0.0
,2014-09-13 19:00,0.0
,2014-09-13 20:00,0.0
,2014-09-13 21:00,0.0
,2014-09-13 22:00,0.0
,2014-09-13 23:00,0.0
,2014-09-14 00:00,0.0
,2014-09-14 01:00,0.0
,2014-09-14 02:00,0.0
,2014-09-14 03:00,0.0
,2014-09-14 04:00,0.0
,2014-09-14 05:00,0.0
,2014-09-14 06:00,57.040311501584995
,2014-09-14 07:00,263.25751489073485
,2014-09-14 08:00,483.5863009012734
,2014-09-14 09:00,674.1569756373552
,2014-09-14 10:00,813.0958950428155
,2014-09-14 11:00,887.9807607097164
,2014-09-14 12:00,893.1664771659714
,2014-09-14 13:00,827.1342332821649
,2014-09-14 14:00,693.6790982406222
,2014-09-14 15:00,508.6460074729682
,2014-09-14 16:00,289.04420735620215
,2014-09-14 17:00,73.9359757308461
,2014-09-14 18:00,0.0
,2014-09-14 19:00,0.0
,2014-09-14 20:00,0.0
,2014-09-14 21:00,0.0
,2014-09-14 22:00,0.0
,2014-09-14 23:00,0.0
,2014-09-15 00:00,0.0
,2014-09-15 01:00,0.0
,2014-09-15 02:00,0.0
,2014-09-15 03:00,0.0
,2014-09-15 04:00,0.0
,2014-09-15 05:00,0.0
,2014-09-15 06:00,54.00771384709836
,2014-09-15 07:00,258.4975004415502
,2014-09-15 08:00,477.7076974423336
,2014-09-15 09:00,667.8532657784174
,2014-09-15 10:00,807.1026848649582
,2014-09-15 11:00,882.7817019630207
,2014-09-15 12:00,888.0259492871793
,2014-09-15 13:00,820.9453626313995
,2014-09-15 14:00,689.1693323941824
,2014-09-15 15:00,503.9520969422978
,2014-09-15 16:00,284.06411860697034
,2014-09-15 17:00,70.10596057602001
,2014-09-15 18:00,0.0
,2014-09-15 19:00,0.0
,2014-09-15 20:00,0.0
,2014-09-15 21:00,0.0
,2014-09-15 22:00,0.0
,2014-09-15 23:00,0.0
,2014-09-16 00:00,0.0
,2014-09-16 01:00,0.0
,2014-09-16 02:00,0.0
,2014-09-16 03:00,0.0
,2014-09-16 04:00,0.0
,2014-09-16 05:00,0.0
,2014-09-16 06:00,50.9940058216904
,2014-09-16 07:00,254.64589691600156
,2014-09-16 08:00,473.8298599017027
,2014-09-16 09:00,664.2501206617737
,2014-09-16 10:00,804.0458801443156
,2014-09-16 11:00,878.7469964885556
,2014-09-16 12:00,883.5955758163768
,2014-09-16 13:00,817.2745989786367
,2014-09-16 14:00,685.0808789391297
,2014-09-16 15:00,499.14593073701025
,2014-09-16 16:00,279.40443103981806
,2014-09-16 17:00,66.72431814945226
,2014-09-16 18:00,0.0
,2014-09-16 19:00,0.0
,2014-09-16 20:00,0.0
,2014-09-16 21:00,0.0
,2014-09-16 22:00,0.0
,2014-09-16 23:00,0.0
,2014-09-17 00:00,0.0
,2014-09-17 01:00,0.0
,2014-09-17 02:00,0.0
,2014-09-17 03:00,0.0
,2014-09-17 04:00,0.0
,2014-09-17 05:00,0.0
,2014-09-17 06:00,48.04790626889443
,2014-09-17 07:00,250.29029403284392
,2014-09-17 08:00,469.5839779666398
,2014-09-17 09:00,659.9641345865987
,2014-09-17 10:00,799.0498925892805
,2014-09-17 11:00,874.316131191859
,2014-09-17 12:00,878.6812975594389
,2014-09-17 13:00,812.6457498838582
,2014-09-17 14:00,680.2666371184017
,2014-09-17 15:00,494.41279810219396
,2014-09-17 16:00,274.9728306543938
,2014-09-17 17:00,63.22334653329544
,2014-09-17 18:00,0.0
,2014-09-17 19:00,0.0
,2014-09-17 20:00,0.0
,2014-09-17 21:00,0.0
,2014-09-17 22:00,0.0
,2014-09-17 23:00,0.0
,2014-09-18 00:00,0.0
,2014-09-18 01:00,0.0
,2014-09-18 02:00,0.0
,2014-09-18 03:00,0.0
,2014-09-18 04:00,0.0
,2014-09-18 05:00,0.0
,2014-09-18 06:00,45.07986515001582
,2014-09-18 07:00,245.90883109481862
,2014-09-18 08:00,464.2270352750845
,2014-09-18 09:00,654.4658696393094
,2014-09-18 10:00,793.819993078859
,2014-09-18 11:00,869.0931167070179
,2014-09-18 12:00,873.5614723495594
,2014-09-18 13:00,806.6326225166608
,2014-09-18 14:00,675.0139765162255
,2014-09-18 15:00,489.44928074282404
,2014-09-18 16:00,270.69371948134807
,2014-09-18 17:00,59.92103991178404
,2014-09-18 18:00,0.0
,2014-09-18 19:00,0.0
,2014-09-18 20:00,0.0
,2014-09-18 21:00,0.0
,2014-09-18 22:00,0.0
,2014-09-18 23:00,0.0
,2014-09-19 00:00,0.0
,2014-09-19 01:00,0.0
,2014-09-19 02:00,0.0
,2014-09-19 03:00,0.0
,2014-09-19 04:00,0.0
,2014-09-19 05:00,0.0
,2014-09-19 06:00,42.12076110248201
,2014-09-19 07:00,241.22821421634623
,2014-09-19 08:00,459.2791070124983
,2014-09-19 09:00,649.0583117405757
,2014-09-19 10:00,788.322779978671
,2014-09-19 11:00,862.8166091561158
,2014-09-19 12:00,867.1778622738113
,2014-09-19 13:00,800.5401194465783
,2014-09-19 14:00,669.4851539533895
,2014-09-19 15:00,484.2239450275352
,2014-09-19 16:00,265.94887822265576
,2014-09-19 17:00,56.519714452156826
,2014-09-19 18:00,0.0
,2014-09-19 19:00,0.0
,2014-09-19 20:00,0.0
,2014-09-19 21:00,0.0
,2014-09-19 22:00,0.0
,2014-09-19 23:00,0.0
,2014-09-20 00:00,0.0
,2014-09-20 01:00,0.0
,2014-09-20 02:00,0.0
,2014-09-20 03:00,0.0
,2014-09-20 04:00,0.0
,2014-09-20 05:00,0.0
,2014-09-20 06:00,39.19613539115583
,2014-09-20 07:00,236.44427349190113
,2014-09-20 08:00,453.87150632693533
,2014-09-20 09:00,643.1659502537235
,2014-09-20 10:00,782.5946112118158
,2014-09-20 11:00,857.6825805729623
,2014-09-20 12:00,863.1937284261043
,2014-09-20 13:00,795.8984068817138
,2014-09-20 14:00,664.2415485234127
,2014-09-20 15:00,478.6465404986716
,2014-09-20 16:00,260.9096542514337
,2014-09-20 17:00,53.10265288483735
,2014-09-20 18:00,0.0
,2014-09-20 19:00,0.0
,2014-09-20 20:00,0.0
,2014-09-20 21:00,0.0
,2014-09-20 22:00,0.0
,2014-09-20 23:00,0.0
,2014-09-21 00:00,0.0
,2014-09-21 01:00,0.0
,2014-09-21 02:00,0.0
,2014-09-21 03:00,0.0
,2014-09-21 04:00,0.0
,2014-09-21 05:00,0.0
,2014-09-21 06:00,36.36840590162704
,2014-09-21 07:00,231.39172152438513
,2014-09-21 08:00,448.1250276475562
,2014-09-21 09:00,636.8110737636018
,2014-09-21 10:00,774.5371400516962
,2014-09-21 11:00,848.7103473992928
,2014-09-21 12:00,851.9279859861962
,2014-09-21 13:00,785.9336794183253
,2014-09-21 14:00,655.3394839127635
,2014-09-21 15:00,471.5660391722919
,2014-09-21 16:00,255.244890327808
,2014-09-21 17:00,49.66917320367843
,2014-09-21 18:00,0.0
,2014-09-21 19:00,0.0
,2014-09-21 20:00,0.0
,2014-09-21 21:00,0.0
,2014-09-21 22:00,0.0
,2014-09-21 23:00,0.0
,2014-09-22 00:00,0.0
,2014-09-22 01:00,0.0
,2014-09-22 02:00,0.0
,2014-09-22 03:00,0.0
,2014-09-22 04:00,0.0
,2014-09-22 05:00,0.0
,2014-09-22 06:00,33.69768339118863
,2014-09-22 07:00,226.85232560735247
,2014-09-22 08:00,443.5331207946467
,2014-09-22 09:00,631.4965605428175
,2014-09-22 10:00,768.8699743342802
,2014-09-22 11:00,843.7321309569585
,2014-09-22 12:00,849.750895272485
,2014-09-22 13:00,782.9179025773783
,2014-09-22 14:00,652.7443966865314
,2014-09-22 15:00,468.6675394148221
,2014-09-22 16:00,251.50489651439156
,2014-09-22 17:00,46.586360345160344
,2014-09-22 18:00,0.0
,2014-09-22 19:00,0.0
,2014-09-22 20:00,0.0
,2014-09-22 21:00,0.0
,2014-09-22 22:00,0.0
,2014-09-22 23:00,0.0
,2014-09-23 00:00,0.0
,2014-09-23 01:00,0.0
,2014-09-23 02:00,0.0
,2014-09-23 03:00,0.0
,2014-09-23 04:00,0.0
,2014-09-23 05:00,0.0
,2014-09-23 06:00,31.304360301176732
,2014-09-23 07:00,224.5262511693238
,2014-09-23 08:00,442.98526915178155
,2014-09-23 09:00,633.1074058090679
,2014-09-23 10:00,772.4756015175581
,2014-09-23 11:00,847.5464951583118
,2014-09-23 12:00,852.7424917358907
,2014-09-23 13:00,785.7601850965802
,2014-09-23 14:00,653.2790636319659
,2014-09-23 15:00,467.3366834695312
,2014-09-23 16:00,249.05686843603272
,2014-09-23 17:00,43.90745591344746
,2014-09-23 18:00,0.0
,2014-09-23 19:00,0.0
,2014-09-23 20:00,0.0
,2014-09-23 21:00,0.0
,2014-09-23 22:00,0.0
,2014-09-23 23:00,0.0
,2014-09-24 00:00,0.0
,2014-09-24 01:00,0.0
,2014-09-24 02:00,0.0
,2014-09-24 03:00,0.0
,2014-09-24 04:00,0.0
,2014-09-24 05:00,0.0
,2014-09-24 06:00,28.831266625047583
,2014-09-24 07:00,220.4728083299947
,2014-09-24 08:00,438.13766024586334
,2014-09-24 09:00,627.3738801766928
,2014-09-24 10:00,766.5672549718281
,2014-09-24 11:00,841.7917505202201
,2014-09-24 12:00,845.867254612135
,2014-09-24 13:00,780.1500961398617
,2014-09-24 14:00,648.9265051848953
,2014-09-24 15:00,462.59023700743984
,2014-09-24 16:00,244.63111557859668
,2014-09-24 17:00,40.86433246736901
,2014-09-24 18:00,0.0
,2014-09-24 19:00,0.0
,2014-09-24 20:00,0.0
,2014-09-24 21:00,0.0
,2014-09-24 22:00,0.0
,2014-09-24 23:00,0.0
,2014-09-25 00:00,0.0
,2014-09-25 01:00,0.0
,2014-09-25 02:00,0.0
,2014-09-25 03:00,0.0
,2014-09-25 04:00,0.0
,2014-09-25 05:00,0.0
,2014-09-25 06:00,26.22533965541293
,2014-09-25 07:00,215.23758826355584
,2014-09-25 08:00,431.6941438116411
,2014-09-25 09:00,620.3402825830069
,2014-09-25 10:00,759.1173374061675
,2014-09-25 11:00,833.6886913001526
,2014-09-25 12:00,837.597217064938
,2014-09-25 13:00,770.719808331277
,2014-09-25 14:00,640.887245258356
,2014-09-25 15:00,455.78497502924847
,2014-09-25 16:00,239.08163039759353
,2014-09-25 17:00,37.736381986239955
,2014-09-25 18:00,0.0
,2014-09-25 19:00,0.0
,2014-09-25 20:00,0.0
,2014-09-25 21:00,0.0
,2014-09-25 22:00,0.0
,2014-09-25 23:00,0.0
,2014-09-26 00:00,0.0
,2014-09-26 01:00,0.0
,2014-09-26 02:00,0.0
,2014-09-26 03:00,0.0
,2014-09-26 04:00,0.0
,2014-09-26 05:00,0.0
,2014-09-26 06:00,23.944483812587766
,2014-09-26 07:00,211.556353146111
,2014-09-26 08:00,428.492221144858
,2014-09-26 09:00,618.0229211749862
,2014-09-26 10:00,757.1596234718847
,2014-09-26 11:00,832.2515115504855
,2014-09-26 12:00,836.9901030352174
,2014-09-26 13:00,770.6602174712666
,2014-09-26 14:00,638.5386006231437
,2014-09-26 15:00,453.17291934438794
,2014-09-26 16:00,235.58115085668175
,2014-09-26 17:00,34.94234378612416
,2014-09-26 18:00,0.0
,2014-09-26 19:00,0.0
,2014-09-26 20:00,0.0
,2014-09-26 21:00,0.0
,2014-09-26 22:00,0.0
,2014-09-26 23:00,0.0
,2014-09-27 00:00,0.0
,2014-09-27 01:00,0.0
,2014-09-27 02:00,0.0
,2014-09-27 03:00,0.0
,2014-09-27 04:00,0.0
,2014-09-27 05:00,0.0
,2014-09-27 06:00,21.67438174475078
,2014-09-27 07:00,207.06960098139933
,2014-09-27 08:00,423.12507599411623
,2014-09-27 09:00,612.6788927405325
,2014-09-27 10:00,751.7445383343756
,2014-09-27 11:00,827.5787555498056
,2014-09-27 12:00,832.115059666939
,2014-09-27 13:00,765.1984118702121
,2014-09-27 14:00,632.9541165063026
,2014-09-27 15:00,448.70227626785663
,2014-09-27 16:00,230.96304273147803
,2014-09-27 17:00,32.05790564182159
,2014-09-27 18:00,0.0
,2014-09-27 19:00,0.0
,2014-09-27 20:00,0.0
,2014-09-27 21:00,0.0
,2014-09-27 22:00,0.0
,2014-09-27 23:00,0.0
,2014-09-28 00:00,0.0
,2014-09-28 01:00,0.0
,2014-09-28 02:00,0.0
,2014-09-28 03:00,0.0
,2014-09-28 04:00,0.0
,2014-09-28 05:00,0.0
,2014-09-28 06:00,19.4972856449176
,2014-09-28 07:00,202.68164795439858
,2014-09-28 08:00,418.32401560490536
,2014-09-28 09:00,607.465313062299
,2014-09-28 10:00,746.4739395135216
,2014-09-28 11:00,821.6915068103453
,2014-09-28 12:00,826.3339627357093
,2014-09-28 13:00,759.5971497932994
,2014-09-28 14:00,627.5050587210483
,2014-09-28 15:00,442.5250046478713
,2014-09-28 16:00,225.79560668572728
,2014-09-28 17:00,29.219007265911877
,2014-09-28 18:00,0.0
,2014-09-28 19:00,0.0
,2014-09-28 20:00,0.0
,2014-09-28 21:00,0.0
,2014-09-28 22:00,0.0
,2014-09-28 23:00,0.0
,2014-09-29 00:00,0.0
,2014-09-29 01:00,0.0
,2014-09-29 02:00,0.0
,2014-09-29 03:00,0.0
,2014-09-29 04:00,0.0
,2014-09-29 05:00,0.0
,2014-09-29 06:00,17.4081832081728
,2014-09-29 07:00,197.88732297111312
,2014-09-29 08:00,412.2637039019653
,2014-09-29 09:00,600.8268202456755
,2014-09-29 10:00,739.9374833210386
,2014-09-29 11:00,814.7720468721625
,2014-09-29 12:00,818.9096812096278
,2014-09-29 13:00,751.825321969565
,2014-09-29 14:00,620.6152284420542
,2014-09-29 15:00,436.58885321499315
,2014-09-29 16:00,220.60405632668846
,2014-09-29 17:00,26.483380832704707
,2014-09-29 18:00,0.0
,2014-09-29 19:00,0.0
,2014-09-29 20:00,0.0
,2014-09-29 21:00,0.0
,2014-09-29 22:00,0.0
,2014-09-29 23:00,0.0
,2014-09-30 00:00,0.0
,2014-09-30 01:00,0.0
,2014-09-30 02:00,0.0
,2014-09-30 03:00,0.0
,2014-09-30 04:00,0.0
,2014-09-30 05:00,0.0
,2014-09-30 06:00,15.396907018724058
,2014-09-30 07:00,193.13783866263893
,2014-09-30 08:00,406.9214522693665
,2014-09-30 09:00,595.0392530554701
,2014-09-30 10:00,733.4104055343366
,2014-09-30 11:00,808.5549839086638
,2014-09-30 12:00,812.213893611956
,2014-09-30 13:00,746.0080192951006
,2014-09-30 14:00,614.4197562558685
,2014-09-30 15:00,430.57825490643484
,2014-09-30 16:00,215.58280002327135
,2014-09-30 17:00,23.90381500318663
,2014-09-30 18:00,0.0
,2014-09-30 19:00,0.0
,2014-09-30 20:00,0.0
,2014-09-30 21:00,0.0
,2014-09-30 22:00,0.0
,2014-09-30 23:00,0.0
,2014-10-01 00:00,0.0
,2014-10-01 01:00,0.0
,2014-10-01 02:00,0.0
,2014-10-01 03:00,0.0
,2014-10-01 04:00,0.0
,2014-10-01 05:00,0.0
,2014-10-01 06:00,13.585367035831359
,2014-10-01 07:00,189.3052120332287
,2014-10-01 08:00,402.9817749141469
,2014-10-01 09:00,591.3344514336312
,2014-10-01 10:00,729.7126249395767
,2014-10-01 11:00,805.1228912612562
,2014-10-01 12:00,809.0786820015406
,2014-10-01 13:00,742.6397447242974
,2014-10-01 14:00,610.927197024335
,2014-10-01 15:00,426.81202563001665
,2014-10-01 16:00,211.67855600616474
,2014-10-01 17:00,21.570848869107447
,2014-10-01 18:00,0.0
,2014-10-01 19:00,0.0
,2014-10-01 20:00,0.0
,2014-10-01 21:00,0.0
,2014-10-01 22:00,0.0
,2014-10-01 23:00,0.0
,2014-10-02 00:00,0.0
,2014-10-02 01:00,0.0
,2014-10-02 02:00,0.0
,2014-10-02 03:00,0.0
,2014-10-02 04:00,0.0
,2014-10-02 05:00,0.0
,2014-10-02 06:00,11.846098659229751
,2014-10-02 07:00,184.8321833875012
,2014-10-02 08:00,398.4715448490284
,2014-10-02 09:00,586.7840272056397
,2014-10-02 10:00,725.2931482074588
,2014-10-02 11:00,801.0144302555753
,2014-10-02 12:00,806.3995783419239
,2014-10-02 13:00,741.4875119134484
,2014-10-02 14:00,609.0317169446823
,2014-10-02 15:00,424.49175634717085
,2014-10-02 16:00,208.6951932283557
,2014-10-02 17:00,0.0
,2014-10-02 18:00,0.0
,2014-10-02 19:00,0.0
,2014-10-02 20:00,0.0
,2014-10-02 21:00,0.0
,2014-10-02 22:00,0.0
,2014-10-02 23:00,0.0
,2014-10-03 00:00,0.0
,2014-10-03 01:00,0.0
,2014-10-03 02:00,0.0
,2014-10-03 03:00,0.0
,2014-10-03 04:00,0.0
,2014-10-03 05:00,0.0
,2014-10-03 06:00,10.271484266106361
,2014-10-03 07:00,181.0571495417263
,2014-10-03 08:00,395.1693891217889
,2014-10-03 09:00,584.6114394998481
,2014-10-03 10:00,723.7330392661163
,2014-10-03 11:00,799.6266824318024
,2014-10-03 12:00,804.3605272346308
,2014-10-03 13:00,736.8878544907974
,2014-10-03 14:00,604.724054480947
,2014-10-03 15:00,420.33072297932176
,2014-10-03 16:00,204.15109171650366
,2014-10-03 17:00,0.0
,2014-10-03 18:00,0.0
,2014-10-03 19:00,0.0
,2014-10-03 20:00,0.0
,2014-10-03 21:00,0.0
,2014-10-03 22:00,0.0
,2014-10-03 23:00,0.0
,2014-10-04 00:00,0.0
,2014-10-04 01:00,0.0
,2014-10-04 02:00,0.0
,2014-10-04 03:00,0.0
,2014-10-04 04:00,0.0
,2014-10-04 05:00,0.0
,2014-10-04 06:00,8.82053146830844
,2014-10-04 07:00,176.7814974032755
,2014-10-04 08:00,390.3873328014203
,2014-10-04 09:00,579.3431594293678
,2014-10-04 10:00,718.4212905270118
,2014-10-04 11:00,792.7346190644153
,2014-10-04 12:00,796.5143799253805
,2014-10-04 13:00,729.6087576989673
,2014-10-04 14:00,598.172557398718
,2014-10-04 15:00,413.9605149237398
,2014-10-04 16:00,199.1335774798523
,2014-10-04 17:00,0.0
,2014-10-04 18:00,0.0
,2014-10-04 19:00,0.0
,2014-10-04 20:00,0.0
,2014-10-04 21:00,0.0
,2014-10-04 22:00,0.0
,2014-10-04 23:00,0.0
,2014-10-05 00:00,0.0
,2014-10-05 01:00,0.0
,2014-10-05 02:00,0.0
,2014-10-05 03:00,0.0
,2014-10-05 04:00,0.0
,2014-10-05 05:00,0.0
,2014-10-05 06:00,7.523660313912365
,2014-10-05 07:00,172.49156141720215
,2014-10-05 08:00,385.7379698453577
,2014-10-05 09:00,574.5790298186126
,2014-10-05 10:00,713.8223203533042
,2014-10-05 11:00,789.5688965203673
,2014-10-05 12:00,794.5315533160681
,2014-10-05 13:00,728.1708168360578
,2014-10-05 14:00,596.1313151597897
,2014-10-05 15:00,410.83313180965337
,2014-10-05 16:00,195.2527606140795
,2014-10-05 17:00,0.0
,2014-10-05 18:00,0.0
,2014-10-05 19:00,0.0
,2014-10-05 20:00,0.0
,2014-10-05 21:00,0.0
,2014-10-05 22:00,0.0
,2014-10-05 23:00,0.0
,2014-10-06 00:00,0.0
,2014-10-06 01:00,0.0
,2014-10-06 02:00,0.0
,2014-10-06 03:00,0.0
,2014-10-06 04:00,0.0
,2014-10-06 05:00,0.0
,2014-10-06 06:00,6.388856466975874
,2014-10-06 07:00,168.21770900673502
,2014-10-06 08:00,380.5913346556395
,2014-10-06 09:00,568.6419547397901
,2014-10-06 10:00,707.0393897183018
,2014-10-06 11:00,782.1614090483687
,2014-10-06 12:00,786.1514572528747
,2014-10-06 13:00,721.4782733626308
,2014-10-06 14:00,588.9556684228146
,2014-10-06 15:00,404.4390448744685
,2014-10-06 16:00,190.13471621191172
,2014-10-06 17:00,0.0
,2014-10-06 18:00,0.0
,2014-10-06 19:00,0.0
,2014-10-06 20:00,0.0
,2014-10-06 21:00,0.0
,2014-10-06 22:00,0.0
,2014-10-06 23:00,0.0
,2014-10-07 00:00,0.0
,2014-10-07 01:00,0.0
,2014-10-07 02:00,0.0
,2014-10-07 03:00,0.0
,2014-10-07 04:00,0.0
,2014-10-07 05:00,0.0
,2014-10-07 06:00,5.434848868650627
,2014-10-07 07:00,163.76175891431032
,2014-10-07 08:00,374.7574704769753
,2014-10-07 09:00,562.5228706928515
,2014-10-07 10:00,700.2076724517041
,2014-10-07 11:00,774.5751223183579
,2014-10-07 12:00,780.3452178590708
,2014-10-07 13:00,713.2447265529923
,2014-10-07 14:00,582.4387287722685
,2014-10-07 15:00,399.2340500003443
,2014-10-07 16:00,185.325633803247
,2014-10-07 17:00,0.0
,2014-10-07 18:00,0.0
,2014-10-07 19:00,0.0
,2014-10-07 20:00,0.0
,2014-10-07 21:00,0.0
,2014-10-07 22:00,0.0
,2014-10-07 23:00,0.0
,2014-10-08 00:00,0.0
,2014-10-08 01:00,0.0
,2014-10-08 02:00,0.0
,2014-10-08 03:00,0.0
,2014-10-08 04:00,0.0
,2014-10-08 05:00,0.0
,2014-10-08 06:00,0.0
,2014-10-08 07:00,159.05330059664055
,2014-10-08 08:00,369.06229998299733
,2014-10-08 09:00,555.5936706837501
,2014-10-08 10:00,693.5285059226964
,2014-10-08 11:00,768.2999476195716
,2014-10-08 12:00,772.8334992514673
,2014-10-08 13:00,706.4994172034966
,2014-10-08 14:00,575.4643758228963
,2014-10-08 15:00,392.40624967484905
,2014-10-08 16:00,180.13965403446073
,2014-10-08 17:00,0.0
,2014-10-08 18:00,0.0
,2014-10-08 19:00,0.0
,2014-10-08 20:00,0.0
,2014-10-08 21:00,0.0
,2014-10-08 22:00,0.0
,2014-10-08 23:00,0.0
,2014-10-09 00:00,0.0
,2014-10-09 01:00,0.0
,2014-10-09 02:00,0.0
,2014-10-09 03:00,0.0
,2014-10-09 04:00,0.0
,2014-10-09 05:00,0.0
,2014-10-09 06:00,0.0
,2014-10-09 07:00,154.89513585233516
,2014-10-09 08:00,363.89437877968743
,2014-10-09 09:00,550.2302998570744
,2014-10-09 10:00,688.3509838190395
,2014-10-09 11:00,762.9580512542967
,2014-10-09 12:00,767.3671680241068
,2014-10-09 13:00,700.6357531310234
,2014-10-09 14:00,570.1095885996119
,2014-10-09 15:00,387.47473934114583
,2014-10-09 16:00,175.58540292786398
,2014-10-09 17:00,0.0
,2014-10-09 18:00,0.0
,2014-10-09 19:00,0.0
,2014-10-09 20:00,0.0
,2014-10-09 21:00,0.0
,2014-10-09 22:00,0.0
,2014-10-09 23:00,0.0
,2014-10-10 00:00,0.0
,2014-10-10 01:00,0.0
,2014-10-10 02:00,0.0
,2014-10-10 03:00,0.0
,2014-10-10 04:00,0.0
,2014-10-10 05:00,0.0
,2014-10-10 06:00,0.0
,2014-10-10 07:00,150.3353154852389
,2014-10-10 08:00,358.7300178630256
,2014-10-10 09:00,544.753488287124
,2014-10-10 10:00,682.2477356025915
,2014-10-10 11:00,756.6826984178056
,2014-10-10 12:00,760.7380420059601
,2014-10-10 13:00,694.5028702109873
,2014-10-10 14:00,564.1965026754472
,2014-10-10 15:00,381.90990992677564
,2014-10-10 16:00,170.8416354244776
,2014-10-10 17:00,0.0
,2014-10-10 18:00,0.0
,2014-10-10 19:00,0.0
,2014-10-10 20:00,0.0
,2014-10-10 21:00,0.0
,2014-10-10 22:00,0.0
,2014-10-10 23:00,0.0
,2014-10-11 00:00,0.0
,2014-10-11 01:00,0.0
,2014-10-11 02:00,0.0
,2014-10-11 03:00,0.0
,2014-10-11 04:00,0.0
,2014-10-11 05:00,0.0
,2014-10-11 06:00,0.0
,2014-10-11 07:00,146.1098034274572
,2014-10-11 08:00,353.87439903388196
,2014-10-11 09:00,539.5122528887833
,2014-10-11 10:00,675.7515774012129
,2014-10-11 11:00,750.4218695483848
,2014-10-11 12:00,754.8342061697242
,2014-10-11 13:00,688.838193827356
,2014-10-11 14:00,558.6217377362793
,2014-10-11 15:00,376.70698851781236
,2014-10-11 16:00,166.26400035886851
,2014-10-11 17:00,0.0
,2014-10-11 18:00,0.0
,2014-10-11 19:00,0.0
,2014-10-11 20:00,0.0
,2014-10-11 21:00,0.0
,2014-10-11 22:00,0.0
,2014-10-11 23:00,0.0
,2014-10-12 00:00,0.0
,2014-10-12 01:00,0.0
,2014-10-12 02:00,0.0
,2014-10-12 03:00,0.0
,2014-10-12 04:00,0.0
,2014-10-12 05:00,0.0
,2014-10-12 06:00,0.0
,2014-10-12 07:00,141.46296304570467
,2014-10-12 08:00,348.47623370728905
,2014-10-12 09:00,533.684826965856
,2014-10-12 10:00,669.7352525737679
,2014-10-12 11:00,744.6143775967631
,2014-10-12 12:00,748.4781572177926
,2014-10-12 13:00,682.5610786385203
,2014-10-12 14:00,552.3280930106382
,2014-10-12 15:00,371.0244272736977
,2014-10-12 16:00,161.48629857652446
,2014-10-12 17:00,0.0
,2014-10-12 18:00,0.0
,2014-10-12 19:00,0.0
,2014-10-12 20:00,0.0
,2014-10-12 21:00,0.0
,2014-10-12 22:00,0.0
,2014-10-12 23:00,0.0
,2014-10-13 00:00,0.0
,2014-10-13 01:00,0.0
,2014-10-13 02:00,0.0
,2014-10-13 03:00,0.0
,2014-10-13 04:00,0.0
,2014-10-13 05:00,0.0
,2014-10-13 06:00,0.0
,2014-10-13 07:00,137.5396540356196
,2014-10-13 08:00,344.0574734394116
,2014-10-13 09:00,528.2032580669545
,2014-10-13 10:00,664.5564850251658
,2014-10-13 11:00,738.6736549841756
,2014-10-13 12:00,743.2686675939677
,2014-10-13 13:00,677.7920599912111
,2014-10-13 14:00,547.5829798917492
,2014-10-13 15:00,366.25343765948304
,2014-10-13 16:00,157.19429600329565
,2014-10-13 17:00,0.0
,2014-10-13 18:00,0.0
,2014-10-13 19:00,0.0
,2014-10-13 20:00,0.0
,2014-10-13 21:00,0.0
,2014-10-13 22:00,0.0
,2014-10-13 23:00,0.0
,2014-10-14 00:00,0.0
,2014-10-14 01:00,0.0
,2014-10-14 02:00,0.0
,2014-10-14 03:00,0.0
,2014-10-14 04:00,0.0
,2014-10-14 05:00,0.0
,2014-10-14 06:00,0.0
,2014-10-14 07:00,133.44613228535175
,2014-10-14 08:00,338.61278161368057
,2014-10-14 09:00,522.9847676514642
,2014-10-14 10:00,658.8343263702587
,2014-10-14 11:00,732.8127402382532
,2014-10-14 12:00,737.1288112690995
,2014-10-14 13:00,671.5345369603166
,2014-10-14 14:00,541.943481697705
,2014-10-14 15:00,361.2156417699988
,2014-10-14 16:00,152.7379330035255
,2014-10-14 17:00,0.0
,2014-10-14 18:00,0.0
,2014-10-14 19:00,0.0
,2014-10-14 20:00,0.0
,2014-10-14 21:00,0.0
,2014-10-14 22:00,0.0
,2014-10-14 23:00,0.0
,2014-10-15 00:00,0.0
,2014-10-15 01:00,0.0
,2014-10-15 02:00,0.0
,2014-10-15 03:00,0.0
,2014-10-15 04:00,0.0
,2014-10-15 05:00,0.0
,2014-10-15 06:00,0.0
,2014-10-15 07:00,129.0722931863273
,2014-10-15 08:00,334.4196945855449
,2014-10-15 09:00,518.8131650596883
,2014-10-15 10:00,654.774809151592
,2014-10-15 11:00,728.6292266147182
,2014-10-15 12:00,732.8732160856271
,2014-10-15 13:00,667.243189990458
,2014-10-15 14:00,537.2088393570552
,2014-10-15 15:00,356.4070383171668
,2014-10-15 16:00,148.34684345992682
,2014-10-15 17:00,0.0
,2014-10-15 18:00,0.0
,2014-10-15 19:00,0.0
,2014-10-15 20:00,0.0
,2014-10-15 21:00,0.0
,2014-10-15 22:00,0.0
,2014-10-15 23:00,0.0
,2014-10-16 00:00,0.0
,2014-10-16 01:00,0.0
,2014-10-16 02:00,0.0
,2014-10-16 03:00,0.0
,2014-10-16 04:00,0.0
,2014-10-16 05:00,0.0
,2014-10-16 06:00,0.0
,2014-10-16 07:00,124.87416832396246
,2014-10-16 08:00,329.0481995771409
,2014-10-16 09:00,512.9601910824318
,2014-10-16 10:00,649.1425338586678
,2014-10-16 11:00,722.919099300083
,2014-10-16 12:00,726.7310170212189
,2014-10-16 13:00,660.8179671706449
,2014-10-16 14:00,531.066630159575
,2014-10-16 15:00,351.3434753934609
,2014-10-16 16:00,143.82964149471093
,2014-10-16 17:00,0.0
,2014-10-16 18:00,0.0
,2014-10-16 19:00,0.0
,2014-10-16 20:00,0.0
,2014-10-16 21:00,0.0
,2014-10-16 22:00,0.0
,2014-10-16 23:00,0.0
,2014-10-17 00:00,0.0
,2014-10-17 01:00,0.0
,2014-10-17 02:00,0.0
,2014-10-17 03:00,0.0
,2014-10-17 04:00,0.0
,2014-10-17 05:00,0.0
,2014-10-17 06:00,0.0
,2014-10-17 07:00,120.84826551856412
,2014-10-17 08:00,323.6819797006978
,2014-10-17 09:00,506.9329585794587
,2014-10-17 10:00,642.7000093703817
,2014-10-17 11:00,715.5219404755794
,2014-10-17 12:00,719.8361857294165
,2014-10-17 13:00,654.9511846497328
,2014-10-17 14:00,525.3617946334421
,2014-10-17 15:00,345.8484624275384
,2014-10-17 16:00,139.22790184540986
,2014-10-17 17:00,0.0
,2014-10-17 18:00,0.0
,2014-10-17 19:00,0.0
,2014-10-17 20:00,0.0
,2014-10-17 21:00,0.0
,2014-10-17 22:00,0.0
,2014-10-17 23:00,0.0
,2014-10-18 00:00,0.0
,2014-10-18 01:00,0.0
,2014-10-18 02:00,0.0
,2014-10-18 03:00,0.0
,2014-10-18 04:00,0.0
,2014-10-18 05:00,0.0
,2014-10-18 06:00,0.0
,2014-10-18 07:00,116.79846375642197
,2014-10-18 08:00,318.41525811346634
,2014-10-18 09:00,501.4852717747685
,2014-10-18 10:00,636.9621135026039
,2014-10-18 11:00,709.9870971327069
,2014-10-18 12:00,715.138668886744
,2014-10-18 13:00,649.8388250135465
,2014-10-18 14:00,520.9046147127258
,2014-10-18 15:00,340.9416533386096
,2014-10-18 16:00,135.0910358598169
,2014-10-18 17:00,0.0
,2014-10-18 18:00,0.0
,2014-10-18 19:00,0.0
,2014-10-18 20:00,0.0
,2014-10-18 21:00,0.0
,2014-10-18 22:00,0.0
,2014-10-18 23:00,0.0
,2014-10-19 00:00,0.0
,2014-10-19 01:00,0.0
,2014-10-19 02:00,0.0
,2014-10-19 03:00,0.0
,2014-10-19 04:00,0.0
,2014-10-19 05:00,0.0
,2014-10-19 06:00,0.0
,2014-10-19 07:00,113.2084510320477
,2014-10-19 08:00,315.0094112243194
,2014-10-19 09:00,498.391762602348
,2014-10-19 10:00,633.6742412668519
,2014-10-19 11:00,706.8624688544083
,2014-10-19 12:00,711.3662434214317
,2014-10-19 13:00,645.700376349576
,2014-10-19 14:00,516.6425535020105
,2014-10-19 15:00,336.6664850824876
,2014-10-19 16:00,130.95971111586869
,2014-10-19 17:00,0.0
,2014-10-19 18:00,0.0
,2014-10-19 19:00,0.0
,2014-10-19 20:00,0.0
,2014-10-19 21:00,0.0
,2014-10-19 22:00,0.0
,2014-10-19 23:00,0.0
,2014-10-20 00:00,0.0
,2014-10-20 01:00,0.0
,2014-10-20 02:00,0.0
,2014-10-20 03:00,0.0
,2014-10-20 04:00,0.0
,2014-10-20 05:00,0.0
,2014-10-20 06:00,0.0
,2014-10-20 07:00,109.0913690236601
,2014-10-20 08:00,309.5461269285398
,2014-10-20 09:00,491.8865723479594
,2014-10-20 10:00,626.9709915894432
,2014-10-20 11:00,700.2076409143735
,2014-10-20 12:00,704.1203363033858
,2014-10-20 13:00,639.1538363571005
,2014-10-20 14:00,510.46686317427924
,2014-10-20 15:00,331.1378935997232
,2014-10-20 16:00,126.6175570017233
,2014-10-20 17:00,0.0
,2014-10-20 18:00,0.0
,2014-10-20 19:00,0.0
,2014-10-20 20:00,0.0
,2014-10-20 21:00,0.0
,2014-10-20 22:00,0.0
,2014-10-20 23:00,0.0
,2014-10-21 00:00,0.0
,2014-10-21 01:00,0.0
,2014-10-21 02:00,0.0
,2014-10-21 03:00,0.0
,2014-10-21 04:00,0.0
,2014-10-21 05:00,0.0
,2014-10-21 06:00,0.0
,2014-10-21 07:00,105.20922130886879
,2014-10-21 08:00,304.5997728169521
,2014-10-21 09:00,485.9422687684044
,2014-10-21 10:00,620.8093536713038
,2014-10-21 11:00,693.8186152039506
,2014-10-21 12:00,698.271998041539
,2014-10-21 13:00,632.9141963600657
,2014-10-21 14:00,505.03831798137435
,2014-10-21 15:00,326.1211016933203
,2014-10-21 16:00,122.25846578471524
,2014-10-21 17:00,0.0
,2014-10-21 18:00,0.0
,2014-10-21 19:00,0.0
,2014-10-21 20:00,0.0
,2014-10-21 21:00,0.0
,2014-10-21 22:00,0.0
,2014-10-21 23:00,0.0
,2014-10-22 00:00,0.0
,2014-10-22 01:00,0.0
,2014-10-22 02:00,0.0
,2014-10-22 03:00,0.0
,2014-10-22 04:00,0.0
,2014-10-22 05:00,0.0
,2014-10-22 06:00,0.0
,2014-10-22 07:00,101.18026202357467
,2014-10-22 08:00,299.6942882939854
,2014-10-22 09:00,482.26537360671995
,2014-10-22 10:00,616.0486979180173
,2014-10-22 11:00,690.017440953329
,2014-10-22 12:00,694.3865397142387
,2014-10-22 13:00,631.8120809625169
,2014-10-22 14:00,504.0707410815564
,2014-10-22 15:00,324.69939991162374
,2014-10-22 16:00,119.85378813636976
,2014-10-22 17:00,0.0
,2014-10-22 18:00,0.0
,2014-10-22 19:00,0.0
,2014-10-22 20:00,0.0
,2014-10-22 21:00,0.0
,2014-10-22 22:00,0.0
,2014-10-22 23:00,0.0
,2014-10-23 00:00,0.0
,2014-10-23 01:00,0.0
,2014-10-23 02:00,0.0
,2014-10-23 03:00,0.0
,2014-10-23 04:00,0.0
,2014-10-23 05:00,0.0
,2014-10-23 06:00,0.0
,2014-10-23 07:00,98.42302201408866
,2014-10-23 08:00,297.65256787303247
,2014-10-23 09:00,480.7503451131036
,2014-10-23 10:00,615.1317139571377
,2014-10-23 11:00,688.4048711516255
,2014-10-23 12:00,692.7054207492932
,2014-10-23 13:00,627.7742854362333
,2014-10-23 14:00,499.3146109934632
,2014-10-23 15:00,319.9542277773093
,2014-10-23 16:00,115.49670232276223
,2014-10-23 17:00,0.0
,2014-10-23 18:00,0.0
,2014-10-23 19:00,0.0
,2014-10-23 20:00,0.0
,2014-10-23 21:00,0.0
,2014-10-23 22:00,0.0
,2014-10-23 23:00,0.0
,2014-10-24 00:00,0.0
,2014-10-24 01:00,0.0
,2014-10-24 02:00,0.0
,2014-10-24 03:00,0.0
,2014-10-24 04:00,0.0
,2014-10-24 05:00,0.0
,2014-10-24 06:00,0.0
,2014-10-24 07:00,94.67179878939015
,2014-10-24 08:00,293.28125350880936
,2014-10-24 09:00,475.2358628260466
,2014-10-24 10:00,610.8683562035707
,2014-10-24 11:00,684.0078460940233
,2014-10-24 12:00,688.474316356574
,2014-10-24 13:00,623.4104623487477
,2014-10-24 14:00,494.24116470912605
,2014-10-24 15:00,314.5308443514976
,2014-10-24 16:00,111.13756148082847
,2014-10-24 17:00,0.0
,2014-10-24 18:00,0.0
,2014-10-24 19:00,0.0
,2014-10-24 20:00,0.0
,2014-10-24 21:00,0.0
,2014-10-24 22:00,0.0
,2014-10-24 23:00,0.0
,2014-10-25 00:00,0.0
,2014-10-25 01:00,0.0
,2014-10-25 02:00,0.0
,2014-10-25 03:00,0.0
,2014-10-25 04:00,0.0
,2014-10-25 05:00,0.0
,2014-10-25 06:00,0.0
,2014-10-25 07:00,90.6080545300724
,2014-10-25 08:00,287.2706095531352
,2014-10-25 09:00,469.48195329275126
,2014-10-25 10:00,604.0311875898441
,2014-10-25 11:00,677.3138823594254
,2014-10-25 12:00,681.7268526971753
,2014-10-25 13:00,616.938679928689
,2014-10-25 14:00,488.4347845520756
,2014-10-25 15:00,309.35719670914995
,2014-10-25 16:00,106.85322612306862
,2014-10-25 17:00,0.0
,2014-10-25 18:00,0.0
,2014-10-25 19:00,0.0
,2014-10-25 20:00,0.0
,2014-10-25 21:00,0.0
,2014-10-25 22:00,0.0
,2014-10-25 23:00,0.0
,2014-10-26 00:00,0.0
,2014-10-26 01:00,0.0
,2014-10-26 02:00,0.0
,2014-10-26 03:00,0.0
,2014-10-26 04:00,0.0
,2014-10-26 05:00,0.0
,2014-10-26 06:00,0.0
,2014-10-26 07:00,86.8585829412572
,2014-10-26 08:00,282.71272654499313
,2014-10-26 09:00,463.4520235841178
,2014-10-26 10:00,597.7249040318435
,2014-10-26 11:00,670.6047974845469
,2014-10-26 12:00,674.9313799441205
,2014-10-26 13:00,610.1920641297152
,2014-10-26 14:00,482.1599071753848
,2014-10-26 15:00,304.18611612389145
,2014-10-26 16:00,102.72630965007134
,2014-10-26 17:00,0.0
,2014-10-26 18:00,0.0
,2014-10-26 19:00,0.0
,2014-10-26 20:00,0.0
,2014-10-26 21:00,0.0
,2014-10-26 22:00,0.0
,2014-10-26 23:00,0.0
,2014-10-27 00:00,0.0
,2014-10-27 01:00,0.0
,2014-10-27 02:00,0.0
,2014-10-27 03:00,0.0
,2014-10-27 04:00,0.0
,2014-10-27 05:00,0.0
,2014-10-27 06:00,0.0
,2014-10-27 07:00,83.26743006575549
,2014-10-27 08:00,278.1008379430501
,2014-10-27 09:00,458.5892379085302
,2014-10-27 10:00,592.6099460318003
,2014-10-27 11:00,664.5821762565531
,2014-10-27 12:00,669.163309985056
,2014-10-27 13:00,604.6107477548076
,2014-10-27 14:00,477.3479446397306
,2014-10-27 15:00,299.3670487122715
,2014-10-27 16:00,98.70434318736099
,2014-10-27 17:00,0.0
,2014-10-27 18:00,0.0
,2014-10-27 19:00,0.0
,2014-10-27 20:00,0.0
,2014-10-27 21:00,0.0
,2014-10-27 22:00,0.0
,2014-10-27 23:00,0.0
,2014-10-28 00:00,0.0
,2014-10-28 01:00,0.0
,2014-10-28 02:00,0.0
,2014-10-28 03:00,0.0
,2014-10-28 04:00,0.0
,2014-10-28 05:00,0.0
,2014-10-28 06:00,0.0
,2014-10-28 07:00,79.79020293621473
,2014-10-28 08:00,273.56820897126687
,2014-10-28 09:00,453.9730685254883
,2014-10-28 10:00,587.5236590022673
,2014-10-28 11:00,659.3244302313158
,2014-10-28 12:00,664.4319590341578
,2014-10-28 13:00,599.5288194197132
,2014-10-28 14:00,472.1378096540818
,2014-10-28 15:00,294.5329466291314
,2014-10-28 16:00,94.75431685833055
,2014-10-28 17:00,0.0
,2014-10-28 18:00,0.0
,2014-10-28 19:00,0.0
,2014-10-28 20:00,0.0
,2014-10-28 21:00,0.0
,2014-10-28 22:00,0.0
,2014-10-28 23:00,0.0
,2014-10-29 00:00,0.0
,2014-10-29 01:00,0.0
,2014-10-29 02:00,0.0
,2014-10-29 03:00,0.0
,2014-10-29 04:00,0.0
,2014-10-29 05:00,0.0
,2014-10-29 06:00,0.0
,2014-10-29 07:00,76.2292968362379
,2014-10-29 08:00,268.76497366775965
,2014-10-29 09:00,448.1596412189531
,2014-10-29 10:00,581.0793889000821
,2014-10-29 11:00,653.9714284125334
,2014-10-29 12:00,658.1049251807191
,2014-10-29 13:00,593.7811121150612
,2014-10-29 14:00,466.5004645560186
,2014-10-29 15:00,289.27795571238954
,2014-10-29 16:00,90.83709981683032
,2014-10-29 17:00,0.0
,2014-10-29 18:00,0.0
,2014-10-29 19:00,0.0
,2014-10-29 20:00,0.0
,2014-10-29 21:00,0.0
,2014-10-29 22:00,0.0
,2014-10-29 23:00,0.0
,2014-10-30 00:00,0.0
,2014-10-30 01:00,0.0
,2014-10-30 02:00,0.0
,2014-10-30 03:00,0.0
,2014-10-30 04:00,0.0
,2014-10-30 05:00,0.0
,2014-10-30 06:00,0.0
,2014-10-30 07:00,72.66813382032133
,2014-10-30 08:00,263.8291916538357
,2014-10-30 09:00,442.7239776608867
,2014-10-30 10:00,575.9630313129493
,2014-10-30 11:00,648.0237003331216
,2014-10-30 12:00,652.5204566734387
,2014-10-30 13:00,588.0438354646333
,2014-10-30 14:00,461.3769858590173
,2014-10-30 15:00,285.04865808451746
,2014-10-30 16:00,87.09973284282366
,2014-10-30 17:00,0.0
,2014-10-30 18:00,0.0
,2014-10-30 19:00,0.0
,2014-10-30 20:00,0.0
,2014-10-30 21:00,0.0
,2014-10-30 22:00,0.0
,2014-10-30 23:00,0.0
,2014-10-31 00:00,0.0
,2014-10-31 01:00,0.0
,2014-10-31 02:00,0.0
,2014-10-31 03:00,0.0
,2014-10-31 04:00,0.0
,2014-10-31 05:00,0.0
,2014-10-31 06:00,0.0
,2014-10-31 07:00,69.38161752543004
,2014-10-31 08:00,259.19142828264546
,2014-10-31 09:00,437.5660495798389
,2014-10-31 10:00,570.5788780202705
,2014-10-31 11:00,642.5573559530907
,2014-10-31 12:00,646.6928549064432
,2014-10-31 13:00,583.028174693364
,2014-10-31 14:00,455.9511247294886
,2014-10-31 15:00,279.8835478553427
,2014-10-31 16:00,83.24943278554984
,2014-10-31 17:00,0.0
,2014-10-31 18:00,0.0
,2014-10-31 19:00,0.0
,2014-10-31 20:00,0.0
,2014-10-31 21:00,0.0
,2014-10-31 22:00,0.0
,2014-10-31 23:00,0.0
,2014-11-01 00:00,0.0
,2014-11-01 01:00,0.0
,2014-11-01 02:00,0.0
,2014-11-01 03:00,0.0
,2014-11-01 04:00,0.0
,2014-11-01 05:00,0.0
,2014-11-01 06:00,0.0
,2014-11-01 07:00,66.39012879714763
,2014-11-01 08:00,255.71163427046287
,2014-11-01 09:00,434.18456322266746
,2014-11-01 10:00,567.0749193594083
,2014-11-01 11:00,638.6046661233946
,2014-11-01 12:00,643.1000199509641
,2014-11-01 13:00,578.9857441383226
,2014-11-01 14:00,451.91093448538317
,2014-11-01 15:00,275.62019146310547
,2014-11-01 16:00,79.70221210694663
,2014-11-01 17:00,0.0
,2014-11-01 18:00,0.0
,2014-11-01 19:00,0.0
,2014-11-01 20:00,0.0
,2014-11-01 21:00,0.0
,2014-11-01 22:00,0.0
,2014-11-01 23:00,0.0
,2014-11-02 00:00,0.0
,2014-11-02 01:00,0.0
,2014-11-02 02:00,0.0
,2014-11-02 03:00,0.0
,2014-11-02 04:00,0.0
,2014-11-02 05:00,0.0
,2014-11-02 06:00,0.0
,2014-11-02 07:00,63.21290564268814
,2014-11-02 08:00,251.3231654570715
,2014-11-02 09:00,428.6359945802153
,2014-11-02 10:00,561.1328766665447
,2014-11-02 11:00,633.1934002603622
,2014-11-02 12:00,637.1729410841828
,2014-11-02 13:00,572.9447570136401
,2014-11-02 14:00,446.2620862428437
,2014-11-02 15:00,270.66091761339044
,2014-11-02 16:00,75.96525438074751
,2014-11-02 17:00,0.0
,2014-11-02 18:00,0.0
,2014-11-02 19:00,0.0
,2014-11-02 20:00,0.0
,2014-11-02 21:00,0.0
,2014-11-02 22:00,0.0
,2014-11-02 23:00,0.0
,2014-11-03 00:00,0.0
,2014-11-03 01:00,0.0
,2014-11-03 02:00,0.0
,2014-11-03 03:00,0.0
,2014-11-03 04:00,0.0
,2014-11-03 05:00,0.0
,2014-11-03 06:00,0.0
,2014-11-03 07:00,59.94878475308408
,2014-11-03 08:00,246.25678506522928
,2014-11-03 09:00,423.04568446671715
,2014-11-03 10:00,555.3492315091167
,2014-11-03 11:00,627.6878179155897
,2014-11-03 12:00,631.578177200345
,2014-11-03 13:00,566.9213731050925
,2014-11-03 14:00,440.90092697265504
,2014-11-03 15:00,266.1491815207358
,2014-11-03 16:00,72.52642261854604
,2014-11-03 17:00,0.0
,2014-11-03 18:00,0.0
,2014-11-03 19:00,0.0
,2014-11-03 20:00,0.0
,2014-11-03 21:00,0.0
,2014-11-03 22:00,0.0
,2014-11-03 23:00,0.0
,2014-11-04 00:00,0.0
,2014-11-04 01:00,0.0
,2014-11-04 02:00,0.0
,2014-11-04 03:00,0.0
,2014-11-04 04:00,0.0
,2014-11-04 05:00,0.0
,2014-11-04 06:00,0.0
,2014-11-04 07:00,56.882171145202435
,2014-11-04 08:00,242.02257326056798
,2014-11-04 09:00,418.210289630279
,2014-11-04 10:00,550.1240235163388
,2014-11-04 11:00,622.100196830259
,2014-11-04 12:00,625.9722792178701
,2014-11-04 13:00,562.1449368017195
,2014-11-04 14:00,436.12785889175814
,2014-11-04 15:00,261.55723847066554
,2014-11-04 16:00,69.04093824698951
,2014-11-04 17:00,0.0
,2014-11-04 18:00,0.0
,2014-11-04 19:00,0.0
,2014-11-04 20:00,0.0
,2014-11-04 21:00,0.0
,2014-11-04 22:00,0.0
,2014-11-04 23:00,0.0
,2014-11-05 00:00,0.0
,2014-11-05 01:00,0.0
,2014-11-05 02:00,0.0
,2014-11-05 03:00,0.0
,2014-11-05 04:00,0.0
,2014-11-05 05:00,0.0
,2014-11-05 06:00,0.0
,2014-11-05 07:00,53.80513369862055
,2014-11-05 08:00,237.29817212683673
,2014-11-05 09:00,413.6003055479961
,2014-11-05 10:00,545.1218438973615
,2014-11-05 11:00,616.7855805175319
,2014-11-05 12:00,620.6277940915876
,2014-11-05 13:00,556.5390446403322
,2014-11-05 14:00,430.82334465123375
,2014-11-05 15:00,256.81801758107036
,2014-11-05 16:00,65.5393608402633
,2014-11-05 17:00,0.0
,2014-11-05 18:00,0.0
,2014-11-05 19:00,0.0
,2014-11-05 20:00,0.0
,2014-11-05 21:00,0.0
,2014-11-05 22:00,0.0
,2014-11-05 23:00,0.0
,2014-11-06 00:00,0.0
,2014-11-06 01:00,0.0
,2014-11-06 02:00,0.0
,2014-11-06 03:00,0.0
,2014-11-06 04:00,0.0
,2014-11-06 05:00,0.0
,2014-11-06 06:00,0.0
,2014-11-06 07:00,50.73236121035457
,2014-11-06 08:00,232.9916814477011
,2014-11-06 09:00,408.52269389504363
,2014-11-06 10:00,540.1209007252664
,2014-11-06 11:00,611.5603092570988
,2014-11-06 12:00,615.4237235461909
,2014-11-06 13:00,551.9703575137781
,2014-11-06 14:00,426.2381539856112
,2014-11-06 15:00,252.30014693263945
,2014-11-06 16:00,62.20227083101399
,2014-11-06 17:00,0.0
,2014-11-06 18:00,0.0
,2014-11-06 19:00,0.0
,2014-11-06 20:00,0.0
,2014-11-06 21:00,0.0
,2014-11-06 22:00,0.0
,2014-11-06 23:00,0.0
,2014-11-07 00:00,0.0
,2014-11-07 01:00,0.0
,2014-11-07 02:00,0.0
,2014-11-07 03:00,0.0
,2014-11-07 04:00,0.0
,2014-11-07 05:00,0.0
,2014-11-07 06:00,0.0
,2014-11-07 07:00,47.91486194346528
,2014-11-07 08:00,228.74165246952336
,2014-11-07 09:00,404.01606517794914
,2014-11-07 10:00,535.7886751683549
,2014-11-07 11:00,607.6827816903635
,2014-11-07 12:00,612.1020927070288
,2014-11-07 13:00,548.531609473502
,2014-11-07 14:00,423.0835386742729
,2014-11-07 15:00,249.07267198412566
,2014-11-07 16:00,59.27221481290613
,2014-11-07 17:00,0.0
,2014-11-07 18:00,0.0
,2014-11-07 19:00,0.0
,2014-11-07 20:00,0.0
,2014-11-07 21:00,0.0
,2014-11-07 22:00,0.0
,2014-11-07 23:00,0.0
,2014-11-08 00:00,0.0
,2014-11-08 01:00,0.0
,2014-11-08 02:00,0.0
,2014-11-08 03:00,0.0
,2014-11-08 04:00,0.0
,2014-11-08 05:00,0.0
,2014-11-08 06:00,0.0
,2014-11-08 07:00,45.353001471421386
,2014-11-08 08:00,225.30641536165868
,2014-11-08 09:00,400.5964889861214
,2014-11-08 10:00,532.0148876964055
,2014-11-08 11:00,603.5244259726505
,2014-11-08 12:00,608.019019268314
,2014-11-08 13:00,544.3775988926942
,2014-11-08 14:00,418.8282272901928
,2014-11-08 15:00,244.98954034308613
,2014-11-08 16:00,56.15336364472768
,2014-11-08 17:00,0.0
,2014-11-08 18:00,0.0
,2014-11-08 19:00,0.0
,2014-11-08 20:00,0.0
,2014-11-08 21:00,0.0
,2014-11-08 22:00,0.0
,2014-11-08 23:00,0.0
,2014-11-09 00:00,0.0
,2014-11-09 01:00,0.0
,2014-11-09 02:00,0.0
,2014-11-09 03:00,0.0
,2014-11-09 04:00,0.0
,2014-11-09 05:00,0.0
,2014-11-09 06:00,0.0
,2014-11-09 07:00,42.740001458423976
,2014-11-09 08:00,221.20732764270173
,2014-11-09 09:00,395.69183431001545
,2014-11-09 10:00,526.1553649543333
,2014-11-09 11:00,596.5220840174903
,2014-11-09 12:00,600.7269777003617
,2014-11-09 13:00,536.9182912909693
,2014-11-09 14:00,412.3661060821476
,2014-11-09 15:00,239.8442006783321
,2014-11-09 16:00,52.95106192721808
,2014-11-09 17:00,0.0
,2014-11-09 18:00,0.0
,2014-11-09 19:00,0.0
,2014-11-09 20:00,0.0
,2014-11-09 21:00,0.0
,2014-11-09 22:00,0.0
,2014-11-09 23:00,0.0
,2014-11-10 00:00,0.0
,2014-11-10 01:00,0.0
,2014-11-10 02:00,0.0
,2014-11-10 03:00,0.0
,2014-11-10 04:00,0.0
,2014-11-10 05:00,0.0
,2014-11-10 06:00,0.0
,2014-11-10 07:00,40.17973867191584
,2014-11-10 08:00,216.85331626143517
,2014-11-10 09:00,390.05865639790534
,2014-11-10 10:00,519.827227284624
,2014-11-10 11:00,590.8566043254599
,2014-11-10 12:00,595.3582301476532
,2014-11-10 13:00,532.308564960216
,2014-11-10 14:00,407.86272011727925
,2014-11-10 15:00,235.57140299850997
,2014-11-10 16:00,50.029686352739084
,2014-11-10 17:00,0.0
,2014-11-10 18:00,0.0
,2014-11-10 19:00,0.0
,2014-11-10 20:00,0.0
,2014-11-10 21:00,0.0
,2014-11-10 22:00,0.0
,2014-11-10 23:00,0.0
,2014-11-11 00:00,0.0
,2014-11-11 01:00,0.0
,2014-11-11 02:00,0.0
,2014-11-11 03:00,0.0
,2014-11-11 04:00,0.0
,2014-11-11 05:00,0.0
,2014-11-11 06:00,0.0
,2014-11-11 07:00,37.696578560077064
,2014-11-11 08:00,213.17120808568978
,2014-11-11 09:00,386.6217595999134
,2014-11-11 10:00,516.7513178342359
,2014-11-11 11:00,587.6658557474191
,2014-11-11 12:00,591.6802131439646
,2014-11-11 13:00,528.668177639495
,2014-11-11 14:00,403.8836339554784
,2014-11-11 15:00,231.86246719763093
,2014-11-11 16:00,47.188581920669705
,2014-11-11 17:00,0.0
,2014-11-11 18:00,0.0
,2014-11-11 19:00,0.0
,2014-11-11 20:00,0.0
,2014-11-11 21:00,0.0
,2014-11-11 22:00,0.0
,2014-11-11 23:00,0.0
,2014-11-12 00:00,0.0
,2014-11-12 01:00,0.0
,2014-11-12 02:00,0.0
,2014-11-12 03:00,0.0
,2014-11-12 04:00,0.0
,2014-11-12 05:00,0.0
,2014-11-12 06:00,0.0
,2014-11-12 07:00,35.297245011580294
,2014-11-12 08:00,209.1202006484393
,2014-11-12 09:00,381.82988227582285
,2014-11-12 10:00,511.77146742572205
,2014-11-12 11:00,581.7820966820516
,2014-11-12 12:00,585.7956566764979
,2014-11-12 13:00,522.9748381626908
,2014-11-12 14:00,398.8495226958477
,2014-11-12 15:00,227.4090334037029
,2014-11-12 16:00,44.35034552258408
,2014-11-12 17:00,0.0
,2014-11-12 18:00,0.0
,2014-11-12 19:00,0.0
,2014-11-12 20:00,0.0
,2014-11-12 21:00,0.0
,2014-11-12 22:00,0.0
,2014-11-12 23:00,0.0
,2014-11-13 00:00,0.0
,2014-11-13 01:00,0.0
,2014-11-13 02:00,0.0
,2014-11-13 03:00,0.0
,2014-11-13 04:00,0.0
,2014-11-13 05:00,0.0
,2014-11-13 06:00,0.0
,2014-11-13 07:00,33.10784180201
,2014-11-13 08:00,205.44447203745904
,2014-11-13 09:00,377.6358523448762
,2014-11-13 10:00,506.64453789035605
,2014-11-13 11:00,577.2683725710419
,2014-11-13 12:00,581.5077935539639
,2014-11-13 13:00,518.4596831841889
,2014-11-13 14:00,393.9352947393595
,2014-11-13 15:00,223.2427164720356
,2014-11-13 16:00,41.71533418175736
,2014-11-13 17:00,0.0
,2014-11-13 18:00,0.0
,2014-11-13 19:00,0.0
,2014-11-13 20:00,0.0
,2014-11-13 21:00,0.0
,2014-11-13 22:00,0.0
,2014-11-13 23:00,0.0
,2014-11-14 00:00,0.0
,2014-11-14 01:00,0.0
,2014-11-14 02:00,0.0
,2014-11-14 03:00,0.0
,2014-11-14 04:00,0.0
,2014-11-14 05:00,0.0
,2014-11-14 06:00,0.0
,2014-11-14 07:00,30.940033395719148
,2014-11-14 08:00,201.59495410566322
,2014-11-14 09:00,373.2019652481858
,2014-11-14 10:00,501.82238070312394
,2014-11-14 11:00,572.5469510932446
,2014-11-14 12:00,576.2982403886084
,2014-11-14 13:00,514.2685330844758
,2014-11-14 14:00,390.4762140284558
,2014-11-14 15:00,219.90791391893276
,2014-11-14 16:00,39.24514134959766
,2014-11-14 17:00,0.0
,2014-11-14 18:00,0.0
,2014-11-14 19:00,0.0
,2014-11-14 20:00,0.0
,2014-11-14 21:00,0.0
,2014-11-14 22:00,0.0
,2014-11-14 23:00,0.0
,2014-11-15 00:00,0.0
,2014-11-15 01:00,0.0
,2014-11-15 02:00,0.0
,2014-11-15 03:00,0.0
,2014-11-15 04:00,0.0
,2014-11-15 05:00,0.0
,2014-11-15 06:00,0.0
,2014-11-15 07:00,28.900650211810404
,2014-11-15 08:00,198.11308163287842
,2014-11-15 09:00,368.9047361071216
,2014-11-15 10:00,497.76140690414235
,2014-11-15 11:00,568.0310817457769
,2014-11-15 12:00,572.3662407068987
,2014-11-15 13:00,509.53842749977576
,2014-11-15 14:00,386.2772829794784
,2014-11-15 15:00,216.24451648720466
,2014-11-15 16:00,36.85877164150709
,2014-11-15 17:00,0.0
,2014-11-15 18:00,0.0
,2014-11-15 19:00,0.0
,2014-11-15 20:00,0.0
,2014-11-15 21:00,0.0
,2014-11-15 22:00,0.0
,2014-11-15 23:00,0.0
,2014-11-16 00:00,0.0
,2014-11-16 01:00,0.0
,2014-11-16 02:00,0.0
,2014-11-16 03:00,0.0
,2014-11-16 04:00,0.0
,2014-11-16 05:00,0.0
,2014-11-16 06:00,0.0
,2014-11-16 07:00,26.934082530096227
,2014-11-16 08:00,194.18469580140066
,2014-11-16 09:00,364.56499389488556
,2014-11-16 10:00,493.5527098617451
,2014-11-16 11:00,562.6598271092621
,2014-11-16 12:00,566.9321617364022
,2014-11-16 13:00,504.40688926428123
,2014-11-16 14:00,381.28572838790706
,2014-11-16 15:00,211.87765057216217
,2014-11-16 16:00,34.41464319545893
,2014-11-16 17:00,0.0
,2014-11-16 18:00,0.0
,2014-11-16 19:00,0.0
,2014-11-16 20:00,0.0
,2014-11-16 21:00,0.0
,2014-11-16 22:00,0.0
,2014-11-16 23:00,0.0
,2014-11-17 00:00,0.0
,2014-11-17 01:00,0.0
,2014-11-17 02:00,0.0
,2014-11-17 03:00,0.0
,2014-11-17 04:00,0.0
,2014-11-17 05:00,0.0
,2014-11-17 06:00,0.0
,2014-11-17 07:00,25.106371383317377
,2014-11-17 08:00,191.0802573447092
,2014-11-17 09:00,361.4735489085329
,2014-11-17 10:00,489.8180129755879
,2014-11-17 11:00,559.4548594415874
,2014-11-17 12:00,563.6687776855536
,2014-11-17 13:00,500.43811104322344
,2014-11-17 14:00,377.46541510929995
,2014-11-17 15:00,208.28417383478254
,2014-11-17 16:00,32.227833751090685
,2014-11-17 17:00,0.0
,2014-11-17 18:00,0.0
,2014-11-17 19:00,0.0
,2014-11-17 20:00,0.0
,2014-11-17 21:00,0.0
,2014-11-17 22:00,0.0
,2014-11-17 23:00,0.0
,2014-11-18 00:00,0.0
,2014-11-18 01:00,0.0
,2014-11-18 02:00,0.0
,2014-11-18 03:00,0.0
,2014-11-18 04:00,0.0
,2014-11-18 05:00,0.0
,2014-11-18 06:00,0.0
,2014-11-18 07:00,23.325014938371883
,2014-11-18 08:00,187.49786500530996
,2014-11-18 09:00,357.37774846744065
,2014-11-18 10:00,485.94699475619615
,2014-11-18 11:00,556.1133971621439
,2014-11-18 12:00,559.8723148400633
,2014-11-18 13:00,497.3139004510794
,2014-11-18 14:00,374.38218980169455
,2014-11-18 15:00,205.29223969481268
,2014-11-18 16:00,30.19098040421588
,2014-11-18 17:00,0.0
,2014-11-18 18:00,0.0
,2014-11-18 19:00,0.0
,2014-11-18 20:00,0.0
,2014-11-18 21:00,0.0
,2014-11-18 22:00,0.0
,2014-11-18 23:00,0.0
,2014-11-19 00:00,0.0
,2014-11-19 01:00,0.0
,2014-11-19 02:00,0.0
,2014-11-19 03:00,0.0
,2014-11-19 04:00,0.0
,2014-11-19 05:00,0.0
,2014-11-19 06:00,0.0
,2014-11-19 07:00,21.72241944298631
,2014-11-19 08:00,184.42548691708583
,2014-11-19 09:00,354.00020799785847
,2014-11-19 10:00,481.1465175385823
,2014-11-19 11:00,551.4539780785544
,2014-11-19 12:00,555.3177043669106
,2014-11-19 13:00,492.28663947054827
,2014-11-19 14:00,369.56358502714966
,2014-11-19 15:00,201.52755492248158
,2014-11-19 16:00,28.18937797082523
,2014-11-19 17:00,0.0
,2014-11-19 18:00,0.0
,2014-11-19 19:00,0.0
,2014-11-19 20:00,0.0
,2014-11-19 21:00,0.0
,2014-11-19 22:00,0.0
,2014-11-19 23:00,0.0
,2014-11-20 00:00,0.0
,2014-11-20 01:00,0.0
,2014-11-20 02:00,0.0
,2014-11-20 03:00,0.0
,2014-11-20 04:00,0.0
,2014-11-20 05:00,0.0
,2014-11-20 06:00,0.0
,2014-11-20 07:00,20.213336811611462
,2014-11-20 08:00,181.40187658667045
,2014-11-20 09:00,350.39627893357357
,2014-11-20 10:00,478.24361954282597
,2014-11-20 11:00,547.383156721144
,2014-11-20 12:00,551.680140859256
,2014-11-20 13:00,489.0144019904803
,2014-11-20 14:00,366.79792962437364
,2014-11-20 15:00,198.4001054497121
,2014-11-20 16:00,26.372192839473044
,2014-11-20 17:00,0.0
,2014-11-20 18:00,0.0
,2014-11-20 19:00,0.0
,2014-11-20 20:00,0.0
,2014-11-20 21:00,0.0
,2014-11-20 22:00,0.0
,2014-11-20 23:00,0.0
,2014-11-21 00:00,0.0
,2014-11-21 01:00,0.0
,2014-11-21 02:00,0.0
,2014-11-21 03:00,0.0
,2014-11-21 04:00,0.0
,2014-11-21 05:00,0.0
,2014-11-21 06:00,0.0
,2014-11-21 07:00,18.78948630114435
,2014-11-21 08:00,178.04759115313797
,2014-11-21 09:00,346.04764507446305
,2014-11-21 10:00,473.0041075470882
,2014-11-21 11:00,542.590109174327
,2014-11-21 12:00,546.9753620012152
,2014-11-21 13:00,484.7716140362529
,2014-11-21 14:00,362.76010081494246
,2014-11-21 15:00,194.81118452552755
,2014-11-21 16:00,24.59765793476002
,2014-11-21 17:00,0.0
,2014-11-21 18:00,0.0
,2014-11-21 19:00,0.0
,2014-11-21 20:00,0.0
,2014-11-21 21:00,0.0
,2014-11-21 22:00,0.0
,2014-11-21 23:00,0.0
,2014-11-22 00:00,0.0
,2014-11-22 01:00,0.0
,2014-11-22 02:00,0.0
,2014-11-22 03:00,0.0
,2014-11-22 04:00,0.0
,2014-11-22 05:00,0.0
,2014-11-22 06:00,0.0
,2014-11-22 07:00,17.465429716053293
,2014-11-22 08:00,175.18680583193483
,2014-11-22 09:00,342.94734569460473
,2014-11-22 10:00,469.49677550853374
,2014-11-22 11:00,538.6396154819072
,2014-11-22 12:00,542.859880667032
,2014-11-22 13:00,480.7274914177603
,2014-11-22 14:00,358.83105001971626
,2014-11-22 15:00,191.55686622003458
,2014-11-22 16:00,22.9691272279462
,2014-11-22 17:00,0.0
,2014-11-22 18:00,0.0
,2014-11-22 19:00,0.0
,2014-11-22 20:00,0.0
,2014-11-22 21:00,0.0
,2014-11-22 22:00,0.0
,2014-11-22 23:00,0.0
,2014-11-23 00:00,0.0
,2014-11-23 01:00,0.0
,2014-11-23 02:00,0.0
,2014-11-23 03:00,0.0
,2014-11-23 04:00,0.0
,2014-11-23 05:00,0.0
,2014-11-23 06:00,0.0
,2014-11-23 07:00,16.190086796524376
,2014-11-23 08:00,171.9526490107889
,2014-11-23 09:00,338.9737644426381
,2014-11-23 10:00,465.30587242218144
,2014-11-23 11:00,534.1697780240398
,2014-11-23 12:00,538.0929099299813
,2014-11-23 13:00,476.3525714426801
,2014-11-23 14:00,355.04853937148124
,2014-11-23 15:00,188.15157065258998
,2014-11-23 16:00,21.44229875269351
,2014-11-23 17:00,0.0
,2014-11-23 18:00,0.0
,2014-11-23 19:00,0.0
,2014-11-23 20:00,0.0
,2014-11-23 21:00,0.0
,2014-11-23 22:00,0.0
,2014-11-23 23:00,0.0
,2014-11-24 00:00,0.0
,2014-11-24 01:00,0.0
,2014-11-24 02:00,0.0
,2014-11-24 03:00,0.0
,2014-11-24 04:00,0.0
,2014-11-24 05:00,0.0
,2014-11-24 06:00,0.0
,2014-11-24 07:00,15.11971317645263
,2014-11-24 08:00,169.2226294835355
,2014-11-24 09:00,335.84943791360246
,2014-11-24 10:00,461.8826340800491
,2014-11-24 11:00,530.8462708445514
,2014-11-24 12:00,534.9780913506457
,2014-11-24 13:00,473.0345030028422
,2014-11-24 14:00,351.7466349183037
,2014-11-24 15:00,185.27999349953348
,2014-11-24 16:00,20.10842490904075
,2014-11-24 17:00,0.0
,2014-11-24 18:00,0.0
,2014-11-24 19:00,0.0
,2014-11-24 20:00,0.0
,2014-11-24 21:00,0.0
,2014-11-24 22:00,0.0
,2014-11-24 23:00,0.0
,2014-11-25 00:00,0.0
,2014-11-25 01:00,0.0
,2014-11-25 02:00,0.0
,2014-11-25 03:00,0.0
,2014-11-25 04:00,0.0
,2014-11-25 05:00,0.0
,2014-11-25 06:00,0.0
,2014-11-25 07:00,14.089162243087056
,2014-11-25 08:00,166.21249231268186
,2014-11-25 09:00,332.7302563994209
,2014-11-25 10:00,458.0253214842124
,2014-11-25 11:00,527.0592687166102
,2014-11-25 12:00,530.9701072327708
,2014-11-25 13:00,469.04986916086534
,2014-11-25 14:00,347.9441377512423
,2014-11-25 15:00,182.06814202447214
,2014-11-25 16:00,0.0
,2014-11-25 17:00,0.0
,2014-11-25 18:00,0.0
,2014-11-25 19:00,0.0
,2014-11-25 20:00,0.0
,2014-11-25 21:00,0.0
,2014-11-25 22:00,0.0
,2014-11-25 23:00,0.0
,2014-11-26 00:00,0.0
,2014-11-26 01:00,0.0
,2014-11-26 02:00,0.0
,2014-11-26 03:00,0.0
,2014-11-26 04:00,0.0
,2014-11-26 05:00,0.0
,2014-11-26 06:00,0.0
,2014-11-26 07:00,13.206193856546655
,2014-11-26 08:00,163.57008895017802
,2014-11-26 09:00,328.8436235019657
,2014-11-26 10:00,454.2853967388284
,2014-11-26 11:00,522.8547180801621
,2014-11-26 12:00,527.0432016728018
,2014-11-26 13:00,465.6079437605109
,2014-11-26 14:00,344.8441052735866
,2014-11-26 15:00,179.29463180035071
,2014-11-26 16:00,0.0
,2014-11-26 17:00,0.0
,2014-11-26 18:00,0.0
,2014-11-26 19:00,0.0
,2014-11-26 20:00,0.0
,2014-11-26 21:00,0.0
,2014-11-26 22:00,0.0
,2014-11-26 23:00,0.0
,2014-11-27 00:00,0.0
,2014-11-27 01:00,0.0
,2014-11-27 02:00,0.0
,2014-11-27 03:00,0.0
,2014-11-27 04:00,0.0
,2014-11-27 05:00,0.0
,2014-11-27 06:00,0.0
,2014-11-27 07:00,12.40086371395219
,2014-11-27 08:00,160.36433950955742
,2014-11-27 09:00,325.79752134904646
,2014-11-27 10:00,451.1663564592599
,2014-11-27 11:00,519.3538362667634
,2014-11-27 12:00,523.3157872629811
,2014-11-27 13:00,461.8456319124653
,2014-11-27 14:00,341.3042387036183
,2014-11-27 15:00,176.29606597610226
,2014-11-27 16:00,0.0
,2014-11-27 17:00,0.0
,2014-11-27 18:00,0.0
,2014-11-27 19:00,0.0
,2014-11-27 20:00,0.0
,2014-11-27 21:00,0.0
,2014-11-27 22:00,0.0
,2014-11-27 23:00,0.0
,2014-11-28 00:00,0.0
,2014-11-28 01:00,0.0
,2014-11-28 02:00,0.0
,2014-11-28 03:00,0.0
,2014-11-28 04:00,0.0
,2014-11-28 05:00,0.0
,2014-11-28 06:00,0.0
,2014-11-28 07:00,11.752864764710825
,2014-11-28 08:00,157.91573732604496
,2014-11-28 09:00,323.09677572930536
,2014-11-28 10:00,448.30837479388447
,2014-11-28 11:00,517.0333158926128
,2014-11-28 12:00,521.1346069128274
,2014-11-28 13:00,460.03685119382385
,2014-11-28 14:00,339.3419045717776
,2014-11-28 15:00,174.0035210439568
,2014-11-28 16:00,0.0
,2014-11-28 17:00,0.0
,2014-11-28 18:00,0.0
,2014-11-28 19:00,0.0
,2014-11-28 20:00,0.0
,2014-11-28 21:00,0.0
,2014-11-28 22:00,0.0
,2014-11-28 23:00,0.0
,2014-11-29 00:00,0.0
,2014-11-29 01:00,0.0
,2014-11-29 02:00,0.0
,2014-11-29 03:00,0.0
,2014-11-29 04:00,0.0
,2014-11-29 05:00,0.0
,2014-11-29 06:00,0.0
,2014-11-29 07:00,11.23425232551989
,2014-11-29 08:00,155.47419730664626
,2014-11-29 09:00,319.8120615401306
,2014-11-29 10:00,444.20873769603156
,2014-11-29 11:00,512.5726148151128
,2014-11-29 12:00,516.6802079602066
,2014-11-29 13:00,456.0587452783588
,2014-11-29 14:00,336.0576345607988
,2014-11-29 15:00,171.27246442530156
,2014-11-29 16:00,0.0
,2014-11-29 17:00,0.0
,2014-11-29 18:00,0.0
,2014-11-29 19:00,0.0
,2014-11-29 20:00,0.0
,2014-11-29 21:00,0.0
,2014-11-29 22:00,0.0
,2014-11-29 23:00,0.0
,2014-11-30 00:00,0.0
,2014-11-30 01:00,0.0
,2014-11-30 02:00,0.0
,2014-11-30 03:00,0.0
,2014-11-30 04:00,0.0
,2014-11-30 05:00,0.0
,2014-11-30 06:00,0.0
,2014-11-30 07:00,10.830364423157329
,2014-11-30 08:00,152.78806177977927
,2014-11-30 09:00,316.60303062684585
,2014-11-30 10:00,440.8379136145656
,2014-11-30 11:00,508.73433363797375
,2014-11-30 12:00,512.6788249318206
,2014-11-30 13:00,451.7827034234572
,2014-11-30 14:00,332.2163955248913
,2014-11-30 15:00,168.4616010178637
,2014-11-30 16:00,0.0
,2014-11-30 17:00,0.0
,2014-11-30 18:00,0.0
,2014-11-30 19:00,0.0
,2014-11-30 20:00,0.0
,2014-11-30 21:00,0.0
,2014-11-30 22:00,0.0
,2014-11-30 23:00,0.0
,2014-12-01 00:00,0.0
,2014-12-01 01:00,0.0
,2014-12-01 02:00,0.0
,2014-12-01 03:00,0.0
,2014-12-01 04:00,0.0
,2014-12-01 05:00,0.0
,2014-12-01 06:00,0.0
,2014-12-01 07:00,10.656114606072858
,2014-12-01 08:00,151.10820056874016
,2014-12-01 09:00,315.4940514849851
,2014-12-01 10:00,440.972695447627
,2014-12-01 11:00,508.9082540037724
,2014-12-01 12:00,512.6699065343506
,2014-12-01 13:00,451.023175048916
,2014-12-01 14:00,331.1971127495644
,2014-12-01 15:00,166.92842862961186
,2014-12-01 16:00,0.0
,2014-12-01 17:00,0.0
,2014-12-01 18:00,0.0
,2014-12-01 19:00,0.0
,2014-12-01 20:00,0.0
,2014-12-01 21:00,0.0
,2014-12-01 22:00,0.0
,2014-12-01 23:00,0.0
,2014-12-02 00:00,0.0
,2014-12-02 01:00,0.0
,2014-12-02 02:00,0.0
,2014-12-02 03:00,0.0
,2014-12-02 04:00,0.0
,2014-12-02 05:00,0.0
,2014-12-02 06:00,0.0
,2014-12-02 07:00,0.0
,2014-12-02 08:00,149.26533219267347
,2014-12-02 09:00,313.4398252335133
,2014-12-02 10:00,438.3319284060196
,2014-12-02 11:00,506.5932518352339
,2014-12-02 12:00,510.60487068242094
,2014-12-02 13:00,449.8807825344225
,2014-12-02 14:00,329.1876299683689
,2014-12-02 15:00,165.0028579721686
,2014-12-02 16:00,0.0
,2014-12-02 17:00,0.0
,2014-12-02 18:00,0.0
,2014-12-02 19:00,0.0
,2014-12-02 20:00,0.0
,2014-12-02 21:00,0.0
,2014-12-02 22:00,0.0
,2014-12-02 23:00,0.0
,2014-12-03 00:00,0.0
,2014-12-03 01:00,0.0
,2014-12-03 02:00,0.0
,2014-12-03 03:00,0.0
,2014-12-03 04:00,0.0
,2014-12-03 05:00,0.0
,2014-12-03 06:00,0.0
,2014-12-03 07:00,10.891339064762418
,2014-12-03 08:00,147.4487042571943
,2014-12-03 09:00,311.44382851910035
,2014-12-03 10:00,435.7398728368879
,2014-12-03 11:00,503.8041983891875
,2014-12-03 12:00,507.6591286765988
,2014-12-03 13:00,446.8793996525819
,2014-12-03 14:00,326.80103697057626
,2014-12-03 15:00,162.78717244768853
,2014-12-03 16:00,0.0
,2014-12-03 17:00,0.0
,2014-12-03 18:00,0.0
,2014-12-03 19:00,0.0
,2014-12-03 20:00,0.0
,2014-12-03 21:00,0.0
,2014-12-03 22:00,0.0
,2014-12-03 23:00,0.0
,2014-12-04 00:00,0.0
,2014-12-04 01:00,0.0
,2014-12-04 02:00,0.0
,2014-12-04 03:00,0.0
,2014-12-04 04:00,0.0
,2014-12-04 05:00,0.0
,2014-12-04 06:00,0.0
,2014-12-04 07:00,11.455501105867807
,2014-12-04 08:00,145.36812071136384
,2014-12-04 09:00,308.6212818517529
,2014-12-04 10:00,432.802314496522
,2014-12-04 11:00,501.04778932203027
,2014-12-04 12:00,505.14976795949883
,2014-12-04 13:00,444.40845277536897
,2014-12-04 14:00,324.23511853254155
,2014-12-04 15:00,160.51288809780286
,2014-12-04 16:00,0.0
,2014-12-04 17:00,0.0
,2014-12-04 18:00,0.0
,2014-12-04 19:00,0.0
,2014-12-04 20:00,0.0
,2014-12-04 21:00,0.0
,2014-12-04 22:00,0.0
,2014-12-04 23:00,0.0
,2014-12-05 00:00,0.0
,2014-12-05 01:00,0.0
,2014-12-05 02:00,0.0
,2014-12-05 03:00,0.0
,2014-12-05 04:00,0.0
,2014-12-05 05:00,0.0
,2014-12-05 06:00,0.0
,2014-12-05 07:00,12.452876260761292
,2014-12-05 08:00,143.47379879248578
,2014-12-05 09:00,306.7571657528083
,2014-12-05 10:00,431.2007705022232
,2014-12-05 11:00,499.24108891999026
,2014-12-05 12:00,503.5243423222931
,2014-12-05 13:00,442.66364761379435
,2014-12-05 14:00,322.655493950839
,2014-12-05 15:00,158.9937549894592
,2014-12-05 16:00,0.0
,2014-12-05 17:00,0.0
,2014-12-05 18:00,0.0
,2014-12-05 19:00,0.0
,2014-12-05 20:00,0.0
,2014-12-05 21:00,0.0
,2014-12-05 22:00,0.0
,2014-12-05 23:00,0.0
,2014-12-06 00:00,0.0
,2014-12-06 01:00,0.0
,2014-12-06 02:00,0.0
,2014-12-06 03:00,0.0
,2014-12-06 04:00,0.0
,2014-12-06 05:00,0.0
,2014-12-06 06:00,0.0
,2014-12-06 07:00,14.242350743888698
,2014-12-06 08:00,142.03604589503288
,2014-12-06 09:00,304.82579157000265
,2014-12-06 10:00,428.8819157038987
,2014-12-06 11:00,496.4277424095906
,2014-12-06 12:00,500.36153149831733
,2014-12-06 13:00,439.4719123918892
,2014-12-06 14:00,320.05061756209375
,2014-12-06 15:00,156.93416028205473
,2014-12-06 16:00,0.0
,2014-12-06 17:00,0.0
,2014-12-06 18:00,0.0
,2014-12-06 19:00,0.0
,2014-12-06 20:00,0.0
,2014-12-06 21:00,0.0
,2014-12-06 22:00,0.0
,2014-12-06 23:00,0.0
,2014-12-07 00:00,0.0
,2014-12-07 01:00,0.0
,2014-12-07 02:00,0.0
,2014-12-07 03:00,0.0
,2014-12-07 04:00,0.0
,2014-12-07 05:00,0.0
,2014-12-07 06:00,0.0
,2014-12-07 07:00,17.18207041944515
,2014-12-07 08:00,140.6517496465319
,2014-12-07 09:00,303.2539838554291
,2014-12-07 10:00,426.833017496525
,2014-12-07 11:00,494.53389326967533
,2014-12-07 12:00,499.1856953774677
,2014-12-07 13:00,438.5538719686032
,2014-12-07 14:00,319.0712978049572
,2014-12-07 15:00,155.80782089582453
,2014-12-07 16:00,0.0
,2014-12-07 17:00,0.0
,2014-12-07 18:00,0.0
,2014-12-07 19:00,0.0
,2014-12-07 20:00,0.0
,2014-12-07 21:00,0.0
,2014-12-07 22:00,0.0
,2014-12-07 23:00,0.0
,2014-12-08 00:00,0.0
,2014-12-08 01:00,0.0
,2014-12-08 02:00,0.0
,2014-12-08 03:00,0.0
,2014-12-08 04:00,0.0
,2014-12-08 05:00,0.0
,2014-12-08 06:00,0.0
,2014-12-08 07:00,0.0
,2014-12-08 08:00,139.20346125242168
,2014-12-08 09:00,301.71689508530363
,2014-12-08 10:00,426.1560013365146
,2014-12-08 11:00,494.20456287871787
,2014-12-08 12:00,498.1382255388426
,2014-12-08 13:00,436.84010221552035
,2014-12-08 14:00,317.6148023464254
,2014-12-08 15:00,154.22714524354402
,2014-12-08 16:00,0.0
,2014-12-08 17:00,0.0
,2014-12-08 18:00,0.0
,2014-12-08 19:00,0.0
,2014-12-08 20:00,0.0
,2014-12-08 21:00,0.0
,2014-12-08 22:00,0.0
,2014-12-08 23:00,0.0
,2014-12-09 00:00,0.0
,2014-12-09 01:00,0.0
,2014-12-09 02:00,0.0
,2014-12-09 03:00,0.0
,2014-12-09 04:00,0.0
,2014-12-09 05:00,0.0
,2014-12-09 06:00,0.0
,2014-12-09 07:00,0.0
,2014-12-09 08:00,137.96954099315846
,2014-12-09 09:00,300.37441497093226
,2014-12-09 10:00,424.5851093745489
,2014-12-09 11:00,492.3565354264797
,2014-12-09 12:00,496.2498040013807
,2014-12-09 13:00,435.67797164273753
,2014-12-09 14:00,316.1182572040765
,2014-12-09 15:00,152.9055149360753
,2014-12-09 16:00,0.0
,2014-12-09 17:00,0.0
,2014-12-09 18:00,0.0
,2014-12-09 19:00,0.0
,2014-12-09 20:00,0.0
,2014-12-09 21:00,0.0
,2014-12-09 22:00,0.0
,2014-12-09 23:00,0.0
,2014-12-10 00:00,0.0
,2014-12-10 01:00,0.0
,2014-12-10 02:00,0.0
,2014-12-10 03:00,0.0
,2014-12-10 04:00,0.0
,2014-12-10 05:00,0.0
,2014-12-10 06:00,0.0
,2014-12-10 07:00,0.0
,2014-12-10 08:00,136.74624259582214
,2014-12-10 09:00,299.3328285189444
,2014-12-10 10:00,423.3094783444629
,2014-12-10 11:00,491.22304790164225
,2014-12-10 12:00,495.37180977630294
,2014-12-10 13:00,434.30534680753595
,2014-12-10 14:00,314.81907733156885
,2014-12-10 15:00,151.6618899048531
,2014-12-10 16:00,0.0
,2014-12-10 17:00,0.0
,2014-12-10 18:00,0.0
,2014-12-10 19:00,0.0
,2014-12-10 20:00,0.0
,2014-12-10 21:00,0.0
,2014-12-10 22:00,0.0
,2014-12-10 23:00,0.0
,2014-12-11 00:00,0.0
,2014-12-11 01:00,0.0
,2014-12-11 02:00,0.0
,2014-12-11 03:00,0.0
,2014-12-11 04:00,0.0
,2014-12-11 05:00,0.0
,2014-12-11 06:00,0.0
,2014-12-11 07:00,0.0
,2014-12-11 08:00,135.46515674401454
,2014-12-11 09:00,297.54441113826687
,2014-12-11 10:00,421.2758332881732
,2014-12-11 11:00,489.1382439976647
,2014-12-11 12:00,492.7582970222777
,2014-12-11 13:00,432.1256613865777
,2014-12-11 14:00,312.7554240661546
,2014-12-11 15:00,150.08084013832476
,2014-12-11 16:00,0.0
,2014-12-11 17:00,0.0
,2014-12-11 18:00,0.0
,2014-12-11 19:00,0.0
,2014-12-11 20:00,0.0
,2014-12-11 21:00,0.0
,2014-12-11 22:00,0.0
,2014-12-11 23:00,0.0
,2014-12-12 00:00,0.0
,2014-12-12 01:00,0.0
,2014-12-12 02:00,0.0
,2014-12-12 03:00,0.0
,2014-12-12 04:00,0.0
,2014-12-12 05:00,0.0
,2014-12-12 06:00,0.0
,2014-12-12 07:00,0.0
,2014-12-12 08:00,134.20015688113932
,2014-12-12 09:00,295.6161274179913
,2014-12-12 10:00,418.9849989064128
,2014-12-12 11:00,486.64123399650055
,2014-12-12 12:00,490.3476465252174
,2014-12-12 13:00,429.61790579864623
,2014-12-12 14:00,310.5412146022121
,2014-12-12 15:00,148.43553518816998
,2014-12-12 16:00,0.0
,2014-12-12 17:00,0.0
,2014-12-12 18:00,0.0
,2014-12-12 19:00,0.0
,2014-12-12 20:00,0.0
,2014-12-12 21:00,0.0
,2014-12-12 22:00,0.0
,2014-12-12 23:00,0.0
,2014-12-13 00:00,0.0
,2014-12-13 01:00,0.0
,2014-12-13 02:00,0.0
,2014-12-13 03:00,0.0
,2014-12-13 04:00,0.0
,2014-12-13 05:00,0.0
,2014-12-13 06:00,0.0
,2014-12-13 07:00,319.0603195905078
,2014-12-13 08:00,133.0588412217266
,2014-12-13 09:00,294.0125038932989
,2014-12-13 10:00,417.26998647960085
,2014-12-13 11:00,484.6308385916474
,2014-12-13 12:00,488.74014316203477
,2014-12-13 13:00,427.85176418917814
,2014-12-13 14:00,308.7464803772567
,2014-12-13 15:00,147.1056337578315
,2014-12-13 16:00,0.0
,2014-12-13 17:00,0.0
,2014-12-13 18:00,0.0
,2014-12-13 19:00,0.0
,2014-12-13 20:00,0.0
,2014-12-13 21:00,0.0
,2014-12-13 22:00,0.0
,2014-12-13 23:00,0.0
,2014-12-14 00:00,0.0
,2014-12-14 01:00,0.0
,2014-12-14 02:00,0.0
,2014-12-14 03:00,0.0
,2014-12-14 04:00,0.0
,2014-12-14 05:00,0.0
,2014-12-14 06:00,0.0
,2014-12-14 07:00,742.4203844021584
,2014-12-14 08:00,132.17382399626817
,2014-12-14 09:00,293.1188538872913
,2014-12-14 10:00,416.09472927262493
,2014-12-14 11:00,483.3607717467936
,2014-12-14 12:00,487.5162630136189
,2014-12-14 13:00,426.78081548913724
,2014-12-14 14:00,307.8953822907358
,2014-12-14 15:00,146.3021759715652
,2014-12-14 16:00,0.0
,2014-12-14 17:00,0.0
,2014-12-14 18:00,0.0
,2014-12-14 19:00,0.0
,2014-12-14 20:00,0.0
,2014-12-14 21:00,0.0
,2014-12-14 22:00,0.0
,2014-12-14 23:00,0.0
,2014-12-15 00:00,0.0
,2014-12-15 01:00,0.0
,2014-12-15 02:00,0.0
,2014-12-15 03:00,0.0
,2014-12-15 04:00,0.0
,2014-12-15 05:00,0.0
,2014-12-15 06:00,0.0
,2014-12-15 07:00,0.0
,2014-12-15 08:00,131.37635984581067
,2014-12-15 09:00,292.37566318749333
,2014-12-15 10:00,415.55167892195504
,2014-12-15 11:00,482.64183665959797
,2014-12-15 12:00,487.0668071709737
,2014-12-15 13:00,426.16068944027506
,2014-12-15 14:00,307.412821799274
,2014-12-15 15:00,145.55158085350425
,2014-12-15 16:00,0.0
,2014-12-15 17:00,0.0
,2014-12-15 18:00,0.0
,2014-12-15 19:00,0.0
,2014-12-15 20:00,0.0
,2014-12-15 21:00,0.0
,2014-12-15 22:00,0.0
,2014-12-15 23:00,0.0
,2014-12-16 00:00,0.0
,2014-12-16 01:00,0.0
,2014-12-16 02:00,0.0
,2014-12-16 03:00,0.0
,2014-12-16 04:00,0.0
,2014-12-16 05:00,0.0
,2014-12-16 06:00,0.0
,2014-12-16 07:00,0.0
,2014-12-16 08:00,130.78640889732563
,2014-12-16 09:00,292.03940057254135
,2014-12-16 10:00,414.9444631626887
,2014-12-16 11:00,482.5578318104473
,2014-12-16 12:00,486.47789240476646
,2014-12-16 13:00,425.9077997247639
,2014-12-16 14:00,306.956921778356
,2014-12-16 15:00,144.91841947881827
,2014-12-16 16:00,0.0
,2014-12-16 17:00,0.0
,2014-12-16 18:00,0.0
,2014-12-16 19:00,0.0
,2014-12-16 20:00,0.0
,2014-12-16 21:00,0.0
,2014-12-16 22:00,0.0
,2014-12-16 23:00,0.0
,2014-12-17 00:00,0.0
,2014-12-17 01:00,0.0
,2014-12-17 02:00,0.0
,2014-12-17 03:00,0.0
,2014-12-17 04:00,0.0
,2014-12-17 05:00,0.0
,2014-12-17 06:00,0.0
,2014-12-17 07:00,0.0
,2014-12-17 08:00,129.94174185879342
,2014-12-17 09:00,290.24694750242963
,2014-12-17 10:00,413.21309502592555
,2014-12-17 11:00,480.584562954904
,2014-12-17 12:00,484.7776165395866
,2014-12-17 13:00,424.14903968971413
,2014-12-17 14:00,305.51452976535563
,2014-12-17 15:00,144.1759746115884
,2014-12-17 16:00,0.0
,2014-12-17 17:00,0.0
,2014-12-17 18:00,0.0
,2014-12-17 19:00,0.0
,2014-12-17 20:00,0.0
,2014-12-17 21:00,0.0
,2014-12-17 22:00,0.0
,2014-12-17 23:00,0.0
,2014-12-18 00:00,0.0
,2014-12-18 01:00,0.0
,2014-12-18 02:00,0.0
,2014-12-18 03:00,0.0
,2014-12-18 04:00,0.0
,2014-12-18 05:00,0.0
,2014-12-18 06:00,0.0
,2014-12-18 07:00,0.0
,2014-12-18 08:00,129.47573346416323
,2014-12-18 09:00,289.97430815477355
,2014-12-18 10:00,413.28027173357304
,2014-12-18 11:00,480.4066133962564
,2014-12-18 12:00,483.88421320706794
,2014-12-18 13:00,423.4651785131593
,2014-12-18 14:00,304.871693092093
,2014-12-18 15:00,143.72848576344524
,2014-12-18 16:00,0.0
,2014-12-18 17:00,0.0
,2014-12-18 18:00,0.0
,2014-12-18 19:00,0.0
,2014-12-18 20:00,0.0
,2014-12-18 21:00,0.0
,2014-12-18 22:00,0.0
,2014-12-18 23:00,0.0
,2014-12-19 00:00,0.0
,2014-12-19 01:00,0.0
,2014-12-19 02:00,0.0
,2014-12-19 03:00,0.0
,2014-12-19 04:00,0.0
,2014-12-19 05:00,0.0
,2014-12-19 06:00,0.0
,2014-12-19 07:00,0.0
,2014-12-19 08:00,129.3105643990999
,2014-12-19 09:00,289.3214384899981
,2014-12-19 10:00,412.2998595630493
,2014-12-19 11:00,479.0324458650708
,2014-12-19 12:00,482.92270611486964
,2014-12-19 13:00,422.5250922214629
,2014-12-19 14:00,304.1338228001465
,2014-12-19 15:00,143.10400994331437
,2014-12-19 16:00,0.0
,2014-12-19 17:00,0.0
,2014-12-19 18:00,0.0
,2014-12-19 19:00,0.0
,2014-12-19 20:00,0.0
,2014-12-19 21:00,0.0
,2014-12-19 22:00,0.0
,2014-12-19 23:00,0.0
,2014-12-20 00:00,0.0
,2014-12-20 01:00,0.0
,2014-12-20 02:00,0.0
,2014-12-20 03:00,0.0
,2014-12-20 04:00,0.0
,2014-12-20 05:00,0.0
,2014-12-20 06:00,0.0
,2014-12-20 07:00,0.0
,2014-12-20 08:00,128.93508457293026
,2014-12-20 09:00,288.8381326424338
,2014-12-20 10:00,411.3329790386727
,2014-12-20 11:00,477.98013782178253
,2014-12-20 12:00,482.13102859538805
,2014-12-20 13:00,421.6320767414167
,2014-12-20 14:00,303.13541614460877
,2014-12-20 15:00,142.4797869535188
,2014-12-20 16:00,0.0
,2014-12-20 17:00,0.0
,2014-12-20 18:00,0.0
,2014-12-20 19:00,0.0
,2014-12-20 20:00,0.0
,2014-12-20 21:00,0.0
,2014-12-20 22:00,0.0
,2014-12-20 23:00,0.0
,2014-12-21 00:00,0.0
,2014-12-21 01:00,0.0
,2014-12-21 02:00,0.0
,2014-12-21 03:00,0.0
,2014-12-21 04:00,0.0
,2014-12-21 05:00,0.0
,2014-12-21 06:00,0.0
,2014-12-21 07:00,0.0
,2014-12-21 08:00,128.5968521320671
,2014-12-21 09:00,288.71545228196334
,2014-12-21 10:00,411.60886783282183
,2014-12-21 11:00,478.36195880251836
,2014-12-21 12:00,482.56234488446165
,2014-12-21 13:00,422.39233360697517
,2014-12-21 14:00,304.8883952361069
,2014-12-21 15:00,143.3783985851665
,2014-12-21 16:00,0.0
,2014-12-21 17:00,0.0
,2014-12-21 18:00,0.0
,2014-12-21 19:00,0.0
,2014-12-21 20:00,0.0
,2014-12-21 21:00,0.0
,2014-12-21 22:00,0.0
,2014-12-21 23:00,0.0
,2014-12-22 00:00,0.0
,2014-12-22 01:00,0.0
,2014-12-22 02:00,0.0
,2014-12-22 03:00,0.0
,2014-12-22 04:00,0.0
,2014-12-22 05:00,0.0
,2014-12-22 06:00,0.0
,2014-12-22 07:00,0.0
,2014-12-22 08:00,129.12967391811088
,2014-12-22 09:00,289.31464088020516
,2014-12-22 10:00,411.8994808009369
,2014-12-22 11:00,478.594015944131
,2014-12-22 12:00,482.95413031192436
,2014-12-22 13:00,422.1889978833154
,2014-12-22 14:00,303.71190847303365
,2014-12-22 15:00,142.7243972951996
,2014-12-22 16:00,0.0
,2014-12-22 17:00,0.0
,2014-12-22 18:00,0.0
,2014-12-22 19:00,0.0
,2014-12-22 20:00,0.0
,2014-12-22 21:00,0.0
,2014-12-22 22:00,0.0
,2014-12-22 23:00,0.0
,2014-12-23 00:00,0.0
,2014-12-23 01:00,0.0
,2014-12-23 02:00,0.0
,2014-12-23 03:00,0.0
,2014-12-23 04:00,0.0
,2014-12-23 05:00,0.0
,2014-12-23 06:00,0.0
,2014-12-23 07:00,0.0
,2014-12-23 08:00,128.94256924147453
,2014-12-23 09:00,288.62991780580086
,2014-12-23 10:00,411.6971801952279
,2014-12-23 11:00,478.1196483960618
,2014-12-23 12:00,482.02961407161746
,2014-12-23 13:00,421.3523747325664
,2014-12-23 14:00,303.1725775946276
,2014-12-23 15:00,142.50925587518017
,2014-12-23 16:00,0.0
,2014-12-23 17:00,0.0
,2014-12-23 18:00,0.0
,2014-12-23 19:00,0.0
,2014-12-23 20:00,0.0
,2014-12-23 21:00,0.0
,2014-12-23 22:00,0.0
,2014-12-23 23:00,0.0
,2014-12-24 00:00,0.0
,2014-12-24 01:00,0.0
,2014-12-24 02:00,0.0
,2014-12-24 03:00,0.0
,2014-12-24 04:00,0.0
,2014-12-24 05:00,0.0
,2014-12-24 06:00,0.0
,2014-12-24 07:00,0.0
,2014-12-24 08:00,129.1111987665122
,2014-12-24 09:00,288.88964336792776
,2014-12-24 10:00,411.7854246414237
,2014-12-24 11:00,478.936820062513
,2014-12-24 12:00,482.75386804333226
,2014-12-24 13:00,422.2700674895748
,2014-12-24 14:00,303.85230175907265
,2014-12-24 15:00,142.81841088024618
,2014-12-24 16:00,0.0
,2014-12-24 17:00,0.0
,2014-12-24 18:00,0.0
,2014-12-24 19:00,0.0
,2014-12-24 20:00,0.0
,2014-12-24 21:00,0.0
,2014-12-24 22:00,0.0
,2014-12-24 23:00,0.0
,2014-12-25 00:00,0.0
,2014-12-25 01:00,0.0
,2014-12-25 02:00,0.0
,2014-12-25 03:00,0.0
,2014-12-25 04:00,0.0
,2014-12-25 05:00,0.0
,2014-12-25 06:00,0.0
,2014-12-25 07:00,0.0
,2014-12-25 08:00,129.50583804564266
,2014-12-25 09:00,290.230604479721
,2014-12-25 10:00,412.68675829824934
,2014-12-25 11:00,480.46208200401446
,2014-12-25 12:00,484.34140587268746
,2014-12-25 13:00,423.38478786678905
,2014-12-25 14:00,304.88462376112767
,2014-12-25 15:00,143.54744268506576
,2014-12-25 16:00,0.0
,2014-12-25 17:00,0.0
,2014-12-25 18:00,0.0
,2014-12-25 19:00,0.0
,2014-12-25 20:00,0.0
,2014-12-25 21:00,0.0
,2014-12-25 22:00,0.0
,2014-12-25 23:00,0.0
,2014-12-26 00:00,0.0
,2014-12-26 01:00,0.0
,2014-12-26 02:00,0.0
,2014-12-26 03:00,0.0
,2014-12-26 04:00,0.0
,2014-12-26 05:00,0.0
,2014-12-26 06:00,0.0
,2014-12-26 07:00,0.0
,2014-12-26 08:00,129.83857221153258
,2014-12-26 09:00,290.10047546191004
,2014-12-26 10:00,412.9158047565863
,2014-12-26 11:00,480.32864009651826
,2014-12-26 12:00,484.7068745688642
,2014-12-26 13:00,423.9559260416238
,2014-12-26 14:00,305.99495740480126
,2014-12-26 15:00,144.47789005149363
,2014-12-26 16:00,0.0
,2014-12-26 17:00,0.0
,2014-12-26 18:00,0.0
,2014-12-26 19:00,0.0
,2014-12-26 20:00,0.0
,2014-12-26 21:00,0.0
,2014-12-26 22:00,0.0
,2014-12-26 23:00,0.0
,2014-12-27 00:00,0.0
,2014-12-27 01:00,0.0
,2014-12-27 02:00,0.0
,2014-12-27 03:00,0.0
,2014-12-27 04:00,0.0
,2014-12-27 05:00,0.0
,2014-12-27 06:00,0.0
,2014-12-27 07:00,0.0
,2014-12-27 08:00,131.09347501369515
,2014-12-27 09:00,292.28418839628995
,2014-12-27 10:00,415.9391289816219
,2014-12-27 11:00,483.0103410751836
,2014-12-27 12:00,486.85897212835545
,2014-12-27 13:00,425.7700693177427
,2014-12-27 14:00,306.69886868205896
,2014-12-27 15:00,144.87582394881284
,2014-12-27 16:00,0.0
,2014-12-27 17:00,0.0
,2014-12-27 18:00,0.0
,2014-12-27 19:00,0.0
,2014-12-27 20:00,0.0
,2014-12-27 21:00,0.0
,2014-12-27 22:00,0.0
,2014-12-27 23:00,0.0
,2014-12-28 00:00,0.0
,2014-12-28 01:00,0.0
,2014-12-28 02:00,0.0
,2014-12-28 03:00,0.0
,2014-12-28 04:00,0.0
,2014-12-28 05:00,0.0
,2014-12-28 06:00,0.0
,2014-12-28 07:00,0.0
,2014-12-28 08:00,131.4455925416086
,2014-12-28 09:00,292.895766745083
,2014-12-28 10:00,416.3974377978484
,2014-12-28 11:00,483.8093976955538
,2014-12-28 12:00,487.4965421843674
,2014-12-28 13:00,427.07222474605163
,2014-12-28 14:00,308.0580541802927
,2014-12-28 15:00,145.82497989984722
,2014-12-28 16:00,0.0
,2014-12-28 17:00,0.0
,2014-12-28 18:00,0.0
,2014-12-28 19:00,0.0
,2014-12-28 20:00,0.0
,2014-12-28 21:00,0.0
,2014-12-28 22:00,0.0
,2014-12-28 23:00,0.0
,2014-12-29 00:00,0.0
,2014-12-29 01:00,0.0
,2014-12-29 02:00,0.0
,2014-12-29 03:00,0.0
,2014-12-29 04:00,0.0
,2014-12-29 05:00,0.0
,2014-12-29 06:00,0.0
,2014-12-29 07:00,1048.9719017872533
,2014-12-29 08:00,132.5304619064766
,2014-12-29 09:00,294.25362926702104
,2014-12-29 10:00,418.69181494607415
,2014-12-29 11:00,486.1512803508876
,2014-12-29 12:00,490.52448842067867
,2014-12-29 13:00,429.84145172068025
,2014-12-29 14:00,310.14412423942036
,2014-12-29 15:00,147.29462898574826
,2014-12-29 16:00,0.0
,2014-12-29 17:00,0.0
,2014-12-29 18:00,0.0
,2014-12-29 19:00,0.0
,2014-12-29 20:00,0.0
,2014-12-29 21:00,0.0
,2014-12-29 22:00,0.0
,2014-12-29 23:00,0.0
,2014-12-30 00:00,0.0
,2014-12-30 01:00,0.0
,2014-12-30 02:00,0.0
,2014-12-30 03:00,0.0
,2014-12-30 04:00,0.0
,2014-12-30 05:00,0.0
,2014-12-30 06:00,0.0
,2014-12-30 07:00,437.77507988049456
,2014-12-30 08:00,133.68588770879984
,2014-12-30 09:00,296.1661096574983
,2014-12-30 10:00,420.43914767554435
,2014-12-30 11:00,488.88909155603193
,2014-12-30 12:00,493.2254753179251
,2014-12-30 13:00,432.68246588981356
,2014-12-30 14:00,312.4734928565337
,2014-12-30 15:00,148.81675168496864
,2014-12-30 16:00,0.0
,2014-12-30 17:00,0.0
,2014-12-30 18:00,0.0
,2014-12-30 19:00,0.0
,2014-12-30 20:00,0.0
,2014-12-30 21:00,0.0
,2014-12-30 22:00,0.0
,2014-12-30 23:00,0.0
,2014-12-31 00:00,0.0
,2014-12-31 01:00,0.0
,2014-12-31 02:00,0.0
,2014-12-31 03:00,0.0
,2014-12-31 04:00,0.0
,2014-12-31 05:00,0.0
,2014-12-31 06:00,0.0
,2014-12-31 07:00,0.0
,2014-12-31 08:00,135.18244507394388
,2014-12-31 09:00,298.19810587371495
,2014-12-31 10:00,422.9077235107469
,2014-12-31 11:00,491.29803649281695
,2014-12-31 12:00,494.9388555726912
,2014-12-31 13:00,433.57512597557206
,2014-12-31 14:00,313.4972692880164
,2014-12-31 15:00,149.7134659623661
,2014-12-31 16:00,0.0
,2014-12-31 17:00,0.0
,2014-12-31 18:00,0.0
,2014-12-31 19:00,0.0
,2014-12-31 20:00,0.0
,2014-12-31 21:00,0.0
,2014-12-31 22:00,0.0
,2014-12-31 23:00,0.0
,2015-01-01 00:00,0.0
,2015-01-01 01:00,0.0
,2015-01-01 02:00,0.0
,2015-01-01 03:00,0.0
,2015-01-01 04:00,0.0
,2015-01-01 05:00,0.0
,2015-01-01 06:00,0.0
,2015-01-01 07:00,0.0
,2015-01-01 08:00,136.21945249612583
,2015-01-01 09:00,299.3103230924474
,2015-01-01 10:00,424.0884438561712
,2015-01-01 11:00,492.26724237085256
,2015-01-01 12:00,496.34807646874543
,2015-01-01 13:00,435.1017714976562
,2015-01-01 14:00,315.08429427966934
,2015-01-01 15:00,151.13758748151244
,2015-01-01 16:00,0.0
,2015-01-01 17:00,0.0
,2015-01-01 18:00,0.0
,2015-01-01 19:00,0.0
,2015-01-01 20:00,0.0
,2015-01-01 21:00,0.0
,2015-01-01 22:00,0.0
,2015-01-01 23:00,0.0
,2015-01-02 00:00,0.0
,2015-01-02 01:00,0.0
,2015-01-02 02:00,0.0
,2015-01-02 03:00,0.0
,2015-01-02 04:00,0.0
,2015-01-02 05:00,0.0
,2015-01-02 06:00,0.0
,2015-01-02 07:00,0.0
,2015-01-02 08:00,137.19850904930183
,2015-01-02 09:00,299.7815058704293
,2015-01-02 10:00,424.51850593966606
,2015-01-02 11:00,492.2067595722711
,2015-01-02 12:00,496.08151257193936
,2015-01-02 13:00,434.8256096320981
,2015-01-02 14:00,314.82435439758444
,2015-01-02 15:00,151.47665005588036
,2015-01-02 16:00,0.0
,2015-01-02 17:00,0.0
,2015-01-02 18:00,0.0
,2015-01-02 19:00,0.0
,2015-01-02 20:00,0.0
,2015-01-02 21:00,0.0
,2015-01-02 22:00,0.0
,2015-01-02 23:00,0.0
,2015-01-03 00:00,0.0
,2015-01-03 01:00,0.0
,2015-01-03 02:00,0.0
,2015-01-03 03:00,0.0
,2015-01-03 04:00,0.0
,2015-01-03 05:00,0.0
,2015-01-03 06:00,0.0
,2015-01-03 07:00,0.0
,2015-01-03 08:00,137.22360389957777
,2015-01-03 09:00,299.157476504848
,2015-01-03 10:00,422.81369483954643
,2015-01-03 11:00,490.1047653248656
,2015-01-03 12:00,493.8163377680916
,2015-01-03 13:00,433.53477870375735
,2015-01-03 14:00,313.9723412670782
,2015-01-03 15:00,151.70462255197444
,2015-01-03 16:00,0.0
,2015-01-03 17:00,0.0
,2015-01-03 18:00,0.0
,2015-01-03 19:00,0.0
,2015-01-03 20:00,0.0
,2015-01-03 21:00,0.0
,2015-01-03 22:00,0.0
,2015-01-03 23:00,0.0
,2015-01-04 00:00,0.0
,2015-01-04 01:00,0.0
,2015-01-04 02:00,0.0
,2015-01-04 03:00,0.0
,2015-01-04 04:00,0.0
,2015-01-04 05:00,0.0
,2015-01-04 06:00,0.0
,2015-01-04 07:00,0.0
,2015-01-04 08:00,138.77652311207643
,2015-01-04 09:00,301.0491577480978
,2015-01-04 10:00,424.34357571638736
,2015-01-04 11:00,491.7306314756358
,2015-01-04 12:00,496.3500425854887
,2015-01-04 13:00,436.0380525886547
,2015-01-04 14:00,316.72475656217983
,2015-01-04 15:00,153.7451808177026
,2015-01-04 16:00,0.0
,2015-01-04 17:00,0.0
,2015-01-04 18:00,0.0
,2015-01-04 19:00,0.0
,2015-01-04 20:00,0.0
,2015-01-04 21:00,0.0
,2015-01-04 22:00,0.0
,2015-01-04 23:00,0.0
,2015-01-05 00:00,0.0
,2015-01-05 01:00,0.0
,2015-01-05 02:00,0.0
,2015-01-05 03:00,0.0
,2015-01-05 04:00,0.0
,2015-01-05 05:00,0.0
,2015-01-05 06:00,0.0
,2015-01-05 07:00,17.708071557802093
,2015-01-05 08:00,141.6019971217607
,2015-01-05 09:00,305.11016112661
,2015-01-05 10:00,430.5124901670513
,2015-01-05 11:00,499.5425294198082
,2015-01-05 12:00,504.32362917593326
,2015-01-05 13:00,442.5614904977489
,2015-01-05 14:00,321.71249875537524
,2015-01-05 15:00,156.78853146446752
,2015-01-05 16:00,0.0
,2015-01-05 17:00,0.0
,2015-01-05 18:00,0.0
,2015-01-05 19:00,0.0
,2015-01-05 20:00,0.0
,2015-01-05 21:00,0.0
,2015-01-05 22:00,0.0
,2015-01-05 23:00,0.0
,2015-01-06 00:00,0.0
,2015-01-06 01:00,0.0
,2015-01-06 02:00,0.0
,2015-01-06 03:00,0.0
,2015-01-06 04:00,0.0
,2015-01-06 05:00,0.0
,2015-01-06 06:00,0.0
,2015-01-06 07:00,14.565067249750815
,2015-01-06 08:00,142.73379454916372
,2015-01-06 09:00,306.38515937274707
,2015-01-06 10:00,431.48086713242685
,2015-01-06 11:00,500.2234338523871
,2015-01-06 12:00,504.11773401597463
,2015-01-06 13:00,442.73662959356335
,2015-01-06 14:00,322.44441649228276
,2015-01-06 15:00,158.0284610386132
,2015-01-06 16:00,0.0
,2015-01-06 17:00,0.0
,2015-01-06 18:00,0.0
,2015-01-06 19:00,0.0
,2015-01-06 20:00,0.0
,2015-01-06 21:00,0.0
,2015-01-06 22:00,0.0
,2015-01-06 23:00,0.0
,2015-01-07 00:00,0.0
,2015-01-07 01:00,0.0
,2015-01-07 02:00,0.0
,2015-01-07 03:00,0.0
,2015-01-07 04:00,0.0
,2015-01-07 05:00,0.0
,2015-01-07 06:00,0.0
,2015-01-07 07:00,12.74926767690175
,2015-01-07 08:00,144.6493808354683
,2015-01-07 09:00,308.4261308883425
,2015-01-07 10:00,433.4767836596291
,2015-01-07 11:00,501.5113620309964
,2015-01-07 12:00,505.24971434994757
,2015-01-07 13:00,444.1997164539603
,2015-01-07 14:00,323.8901934859782
,2015-01-07 15:00,159.6147344341914
,2015-01-07 16:00,0.0
,2015-01-07 17:00,0.0
,2015-01-07 18:00,0.0
,2015-01-07 19:00,0.0
,2015-01-07 20:00,0.0
,2015-01-07 21:00,0.0
,2015-01-07 22:00,0.0
,2015-01-07 23:00,0.0
,2015-01-08 00:00,0.0
,2015-01-08 01:00,0.0
,2015-01-08 02:00,0.0
,2015-01-08 03:00,0.0
,2015-01-08 04:00,0.0
,2015-01-08 05:00,0.0
,2015-01-08 06:00,0.0
,2015-01-08 07:00,11.637503573770244
,2015-01-08 08:00,146.40155933864483
,2015-01-08 09:00,310.9609442558687
,2015-01-08 10:00,435.9028314575617
,2015-01-08 11:00,503.52036686944876
,2015-01-08 12:00,507.83398678746767
,2015-01-08 13:00,446.796898181804
,2015-01-08 14:00,326.4641215635659
,2015-01-08 15:00,161.68548001750656
,2015-01-08 16:00,0.0
,2015-01-08 17:00,0.0
,2015-01-08 18:00,0.0
,2015-01-08 19:00,0.0
,2015-01-08 20:00,0.0
,2015-01-08 21:00,0.0
,2015-01-08 22:00,0.0
,2015-01-08 23:00,0.0
,2015-01-09 00:00,0.0
,2015-01-09 01:00,0.0
,2015-01-09 02:00,0.0
,2015-01-09 03:00,0.0
,2015-01-09 04:00,0.0
,2015-01-09 05:00,0.0
,2015-01-09 06:00,0.0
,2015-01-09 07:00,10.982185196433822
,2015-01-09 08:00,147.86616703488548
,2015-01-09 09:00,312.1885997906086
,2015-01-09 10:00,437.1001587051481
,2015-01-09 11:00,505.05788117635694
,2015-01-09 12:00,509.18869420662116
,2015-01-09 13:00,447.8595958466751
,2015-01-09 14:00,327.8135191125318
,2015-01-09 15:00,163.28086298491434
,2015-01-09 16:00,0.0
,2015-01-09 17:00,0.0
,2015-01-09 18:00,0.0
,2015-01-09 19:00,0.0
,2015-01-09 20:00,0.0
,2015-01-09 21:00,0.0
,2015-01-09 22:00,0.0
,2015-01-09 23:00,0.0
,2015-01-10 00:00,0.0
,2015-01-10 01:00,0.0
,2015-01-10 02:00,0.0
,2015-01-10 03:00,0.0
,2015-01-10 04:00,0.0
,2015-01-10 05:00,0.0
,2015-01-10 06:00,0.0
,2015-01-10 07:00,0.0
,2015-01-10 08:00,149.04747193266746
,2015-01-10 09:00,312.9063565108527
,2015-01-10 10:00,438.37684159268673
,2015-01-10 11:00,504.8602387069146
,2015-01-10 12:00,508.55488703215656
,2015-01-10 13:00,447.0603196805629
,2015-01-10 14:00,327.6022578221831
,2015-01-10 15:00,163.98094729995086
,2015-01-10 16:00,0.0
,2015-01-10 17:00,0.0
,2015-01-10 18:00,0.0
,2015-01-10 19:00,0.0
,2015-01-10 20:00,0.0
,2015-01-10 21:00,0.0
,2015-01-10 22:00,0.0
,2015-01-10 23:00,0.0
,2015-01-11 00:00,0.0
,2015-01-11 01:00,0.0
,2015-01-11 02:00,0.0
,2015-01-11 03:00,0.0
,2015-01-11 04:00,0.0
,2015-01-11 05:00,0.0
,2015-01-11 06:00,0.0
,2015-01-11 07:00,10.701250004504734
,2015-01-11 08:00,151.65676726464682
,2015-01-11 09:00,315.6718668530292
,2015-01-11 10:00,440.31155267695533
,2015-01-11 11:00,508.30018418900727
,2015-01-11 12:00,511.4959819152206
,2015-01-11 13:00,450.1229863942425
,2015-01-11 14:00,330.07595561374404
,2015-01-11 15:00,166.13225442955653
,2015-01-11 16:00,0.0
,2015-01-11 17:00,0.0
,2015-01-11 18:00,0.0
,2015-01-11 19:00,0.0
,2015-01-11 20:00,0.0
,2015-01-11 21:00,0.0
,2015-01-11 22:00,0.0
,2015-01-11 23:00,0.0
,2015-01-12 00:00,0.0
,2015-01-12 01:00,0.0
,2015-01-12 02:00,0.0
,2015-01-12 03:00,0.0
,2015-01-12 04:00,0.0
,2015-01-12 05:00,0.0
,2015-01-12 06:00,0.0
,2015-01-12 07:00,10.966361702212218
,2015-01-12 08:00,154.64892248931721
,2015-01-12 09:00,320.4479185910398
,2015-01-12 10:00,445.9939862272816
,2015-01-12 11:00,514.7810341075938
,2015-01-12 12:00,518.5319207284881
,2015-01-12 13:00,456.99058761455524
,2015-01-12 14:00,335.7215453142834
,2015-01-12 15:00,170.2196569887474
,2015-01-12 16:00,0.0
,2015-01-12 17:00,0.0
,2015-01-12 18:00,0.0
,2015-01-12 19:00,0.0
,2015-01-12 20:00,0.0
,2015-01-12 21:00,0.0
,2015-01-12 22:00,0.0
,2015-01-12 23:00,0.0
,2015-01-13 00:00,0.0
,2015-01-13 01:00,0.0
,2015-01-13 02:00,0.0
,2015-01-13 03:00,0.0
,2015-01-13 04:00,0.0
,2015-01-13 05:00,0.0
,2015-01-13 06:00,0.0
,2015-01-13 07:00,11.296129459981765
,2015-01-13 08:00,156.39788531493613
,2015-01-13 09:00,321.25901143069433
,2015-01-13 10:00,446.7449372831795
,2015-01-13 11:00,515.0286108216474
,2015-01-13 12:00,519.0203183848364
,2015-01-13 13:00,457.0706926858429
,2015-01-13 14:00,336.581618106889
,2015-01-13 15:00,171.61282708478416
,2015-01-13 16:00,0.0
,2015-01-13 17:00,0.0
,2015-01-13 18:00,0.0
,2015-01-13 19:00,0.0
,2015-01-13 20:00,0.0
,2015-01-13 21:00,0.0
,2015-01-13 22:00,0.0
,2015-01-13 23:00,0.0
,2015-01-14 00:00,0.0
,2015-01-14 01:00,0.0
,2015-01-14 02:00,0.0
,2015-01-14 03:00,0.0
,2015-01-14 04:00,0.0
,2015-01-14 05:00,0.0
,2015-01-14 06:00,0.0
,2015-01-14 07:00,11.764680942321682
,2015-01-14 08:00,158.4232512133442
,2015-01-14 09:00,324.2807410857781
,2015-01-14 10:00,449.1729387773453
,2015-01-14 11:00,517.7555318033112
,2015-01-14 12:00,521.7091056080021
,2015-01-14 13:00,460.2496073262977
,2015-01-14 14:00,339.18157500749646
,2015-01-14 15:00,174.16264302850163
,2015-01-14 16:00,0.0
,2015-01-14 17:00,0.0
,2015-01-14 18:00,0.0
,2015-01-14 19:00,0.0
,2015-01-14 20:00,0.0
,2015-01-14 21:00,0.0
,2015-01-14 22:00,0.0
,2015-01-14 23:00,0.0
,2015-01-15 00:00,0.0
,2015-01-15 01:00,0.0
,2015-01-15 02:00,0.0
,2015-01-15 03:00,0.0
,2015-01-15 04:00,0.0
,2015-01-15 05:00,0.0
,2015-01-15 06:00,0.0
,2015-01-15 07:00,12.44831445311895
,2015-01-15 08:00,161.2863958471318
,2015-01-15 09:00,326.8431781509093
,2015-01-15 10:00,452.6318428721915
,2015-01-15 11:00,521.2116985228893
,2015-01-15 12:00,524.9615616643283
,2015-01-15 13:00,463.6235968523661
,2015-01-15 14:00,342.5420896938025
,2015-01-15 15:00,176.86211795020884
,2015-01-15 16:00,0.0
,2015-01-15 17:00,0.0
,2015-01-15 18:00,0.0
,2015-01-15 19:00,0.0
,2015-01-15 20:00,0.0
,2015-01-15 21:00,0.0
,2015-01-15 22:00,0.0
,2015-01-15 23:00,0.0
,2015-01-16 00:00,0.0
,2015-01-16 01:00,0.0
,2015-01-16 02:00,0.0
,2015-01-16 03:00,0.0
,2015-01-16 04:00,0.0
,2015-01-16 05:00,0.0
,2015-01-16 06:00,0.0
,2015-01-16 07:00,13.215902733586269
,2015-01-16 08:00,163.89715927123171
,2015-01-16 09:00,330.0245313355095
,2015-01-16 10:00,456.52249765814344
,2015-01-16 11:00,524.9547525902306
,2015-01-16 12:00,528.902787321818
,2015-01-16 13:00,467.4225976770375
,2015-01-16 14:00,346.65246428964895
,2015-01-16 15:00,180.19029582467232
,2015-01-16 16:00,0.0
,2015-01-16 17:00,0.0
,2015-01-16 18:00,0.0
,2015-01-16 19:00,0.0
,2015-01-16 20:00,0.0
,2015-01-16 21:00,0.0
,2015-01-16 22:00,0.0
,2015-01-16 23:00,0.0
,2015-01-17 00:00,0.0
,2015-01-17 01:00,0.0
,2015-01-17 02:00,0.0
,2015-01-17 03:00,0.0
,2015-01-17 04:00,0.0
,2015-01-17 05:00,0.0
,2015-01-17 06:00,0.0
,2015-01-17 07:00,14.104913383300314
,2015-01-17 08:00,166.92764613003575
,2015-01-17 09:00,334.3157066567379
,2015-01-17 10:00,460.1406504029085
,2015-01-17 11:00,528.7163869101605
,2015-01-17 12:00,532.810850861293
,2015-01-17 13:00,470.56790065176574
,2015-01-17 14:00,348.9624036783792
,2015-01-17 15:00,182.46971817388595
,2015-01-17 16:00,0.0
,2015-01-17 17:00,0.0
,2015-01-17 18:00,0.0
,2015-01-17 19:00,0.0
,2015-01-17 20:00,0.0
,2015-01-17 21:00,0.0
,2015-01-17 22:00,0.0
,2015-01-17 23:00,0.0
,2015-01-18 00:00,0.0
,2015-01-18 01:00,0.0
,2015-01-18 02:00,0.0
,2015-01-18 03:00,0.0
,2015-01-18 04:00,0.0
,2015-01-18 05:00,0.0
,2015-01-18 06:00,0.0
,2015-01-18 07:00,15.078838403504536
,2015-01-18 08:00,169.31474341484633
,2015-01-18 09:00,337.0276370672657
,2015-01-18 10:00,464.2525946106623
,2015-01-18 11:00,532.8460202485907
,2015-01-18 12:00,537.3277718775423
,2015-01-18 13:00,475.1930625114727
,2015-01-18 14:00,353.2336582054163
,2015-01-18 15:00,185.99744587171068
,2015-01-18 16:00,20.157325974944264
,2015-01-18 17:00,0.0
,2015-01-18 18:00,0.0
,2015-01-18 19:00,0.0
,2015-01-18 20:00,0.0
,2015-01-18 21:00,0.0
,2015-01-18 22:00,0.0
,2015-01-18 23:00,0.0
,2015-01-19 00:00,0.0
,2015-01-19 01:00,0.0
,2015-01-19 02:00,0.0
,2015-01-19 03:00,0.0
,2015-01-19 04:00,0.0
,2015-01-19 05:00,0.0
,2015-01-19 06:00,0.0
,2015-01-19 07:00,16.235298523904728
,2015-01-19 08:00,172.554568198624
,2015-01-19 09:00,340.78468268465457
,2015-01-19 10:00,467.97574288374665
,2015-01-19 11:00,537.181260783268
,2015-01-19 12:00,541.3345665201704
,2015-01-19 13:00,479.5338680406861
,2015-01-19 14:00,357.3362093275474
,2015-01-19 15:00,189.38315230018728
,2015-01-19 16:00,21.5534185603454
,2015-01-19 17:00,0.0
,2015-01-19 18:00,0.0
,2015-01-19 19:00,0.0
,2015-01-19 20:00,0.0
,2015-01-19 21:00,0.0
,2015-01-19 22:00,0.0
,2015-01-19 23:00,0.0
,2015-01-20 00:00,0.0
,2015-01-20 01:00,0.0
,2015-01-20 02:00,0.0
,2015-01-20 03:00,0.0
,2015-01-20 04:00,0.0
,2015-01-20 05:00,0.0
,2015-01-20 06:00,0.0
,2015-01-20 07:00,17.449264846994353
,2015-01-20 08:00,175.62394758378224
,2015-01-20 09:00,344.4954368618021
,2015-01-20 10:00,472.2890404090499
,2015-01-20 11:00,541.7121227030076
,2015-01-20 12:00,545.5609477599587
,2015-01-20 13:00,483.07625214448467
,2015-01-20 14:00,360.62957161248386
,2015-01-20 15:00,192.08055978242152
,2015-01-20 16:00,22.997144969876928
,2015-01-20 17:00,0.0
,2015-01-20 18:00,0.0
,2015-01-20 19:00,0.0
,2015-01-20 20:00,0.0
,2015-01-20 21:00,0.0
,2015-01-20 22:00,0.0
,2015-01-20 23:00,0.0
,2015-01-21 00:00,0.0
,2015-01-21 01:00,0.0
,2015-01-21 02:00,0.0
,2015-01-21 03:00,0.0
,2015-01-21 04:00,0.0
,2015-01-21 05:00,0.0
,2015-01-21 06:00,0.0
,2015-01-21 07:00,18.776764373621194
,2015-01-21 08:00,178.77075438157186
,2015-01-21 09:00,347.42758188467633
,2015-01-21 10:00,474.71122431137997
,2015-01-21 11:00,543.8807826177982
,2015-01-21 12:00,547.9080228503178
,2015-01-21 13:00,486.01818269690676
,2015-01-21 14:00,363.46484820077836
,2015-01-21 15:00,194.96285087721412
,2015-01-21 16:00,24.589860819744363
,2015-01-21 17:00,0.0
,2015-01-21 18:00,0.0
,2015-01-21 19:00,0.0
,2015-01-21 20:00,0.0
,2015-01-21 21:00,0.0
,2015-01-21 22:00,0.0
,2015-01-21 23:00,0.0
,2015-01-22 00:00,0.0
,2015-01-22 01:00,0.0
,2015-01-22 02:00,0.0
,2015-01-22 03:00,0.0
,2015-01-22 04:00,0.0
,2015-01-22 05:00,0.0
,2015-01-22 06:00,0.0
,2015-01-22 07:00,20.25093531657277
,2015-01-22 08:00,181.81044086437552
,2015-01-22 09:00,351.3293370012351
,2015-01-22 10:00,479.77585326427504
,2015-01-22 11:00,549.9160916232179
,2015-01-22 12:00,553.928218357555
,2015-01-22 13:00,491.7637506464763
,2015-01-22 14:00,368.57497268274506
,2015-01-22 15:00,199.30624715231957
,2015-01-22 16:00,26.475336201617527
,2015-01-22 17:00,0.0
,2015-01-22 18:00,0.0
,2015-01-22 19:00,0.0
,2015-01-22 20:00,0.0
,2015-01-22 21:00,0.0
,2015-01-22 22:00,0.0
,2015-01-22 23:00,0.0
,2015-01-23 00:00,0.0
,2015-01-23 01:00,0.0
,2015-01-23 02:00,0.0
,2015-01-23 03:00,0.0
,2015-01-23 04:00,0.0
,2015-01-23 05:00,0.0
,2015-01-23 06:00,0.0
,2015-01-23 07:00,21.833321350056636
,2015-01-23 08:00,185.48761902776232
,2015-01-23 09:00,356.02732333686123
,2015-01-23 10:00,484.14827982449106
,2015-01-23 11:00,553.8990944262116
,2015-01-23 12:00,557.4172160727417
,2015-01-23 13:00,495.31888296009043
,2015-01-23 14:00,372.1195961584446
,2015-01-23 15:00,202.5949804412191
,2015-01-23 16:00,28.326003430261004
,2015-01-23 17:00,0.0
,2015-01-23 18:00,0.0
,2015-01-23 19:00,0.0
,2015-01-23 20:00,0.0
,2015-01-23 21:00,0.0
,2015-01-23 22:00,0.0
,2015-01-23 23:00,0.0
,2015-01-24 00:00,0.0
,2015-01-24 01:00,0.0
,2015-01-24 02:00,0.0
,2015-01-24 03:00,0.0
,2015-01-24 04:00,0.0
,2015-01-24 05:00,0.0
,2015-01-24 06:00,0.0
,2015-01-24 07:00,23.471607161491434
,2015-01-24 08:00,188.71416470332872
,2015-01-24 09:00,359.59326431501336
,2015-01-24 10:00,488.3806705349499
,2015-01-24 11:00,558.5187775193101
,2015-01-24 12:00,562.6752401639077
,2015-01-24 13:00,499.96505792955537
,2015-01-24 14:00,376.69143687989265
,2015-01-24 15:00,206.5174677280991
,2015-01-24 16:00,30.411449436847818
,2015-01-24 17:00,0.0
,2015-01-24 18:00,0.0
,2015-01-24 19:00,0.0
,2015-01-24 20:00,0.0
,2015-01-24 21:00,0.0
,2015-01-24 22:00,0.0
,2015-01-24 23:00,0.0
,2015-01-25 00:00,0.0
,2015-01-25 01:00,0.0
,2015-01-25 02:00,0.0
,2015-01-25 03:00,0.0
,2015-01-25 04:00,0.0
,2015-01-25 05:00,0.0
,2015-01-25 06:00,0.0
,2015-01-25 07:00,25.269060478506418
,2015-01-25 08:00,192.22329689592885
,2015-01-25 09:00,363.3149798118957
,2015-01-25 10:00,492.24789380838797
,2015-01-25 11:00,562.8213562536395
,2015-01-25 12:00,566.8256195363863
,2015-01-25 13:00,504.20658977957874
,2015-01-25 14:00,380.58634559134555
,2015-01-25 15:00,210.054415645462
,2015-01-25 16:00,32.54174429571796
,2015-01-25 17:00,0.0
,2015-01-25 18:00,0.0
,2015-01-25 19:00,0.0
,2015-01-25 20:00,0.0
,2015-01-25 21:00,0.0
,2015-01-25 22:00,0.0
,2015-01-25 23:00,0.0
,2015-01-26 00:00,0.0
,2015-01-26 01:00,0.0
,2015-01-26 02:00,0.0
,2015-01-26 03:00,0.0
,2015-01-26 04:00,0.0
,2015-01-26 05:00,0.0
,2015-01-26 06:00,0.0
,2015-01-26 07:00,27.17050604758091
,2015-01-26 08:00,196.040176975849
,2015-01-26 09:00,368.0865603848372
,2015-01-26 10:00,497.69327593963175
,2015-01-26 11:00,568.0857565272049
,2015-01-26 12:00,571.8151944484522
,2015-01-26 13:00,509.08789529923996
,2015-01-26 14:00,385.0476374872831
,2015-01-26 15:00,214.10178419224462
,2015-01-26 16:00,34.84147755156727
,2015-01-26 17:00,0.0
,2015-01-26 18:00,0.0
,2015-01-26 19:00,0.0
,2015-01-26 20:00,0.0
,2015-01-26 21:00,0.0
,2015-01-26 22:00,0.0
,2015-01-26 23:00,0.0
,2015-01-27 00:00,0.0
,2015-01-27 01:00,0.0
,2015-01-27 02:00,0.0
,2015-01-27 03:00,0.0
,2015-01-27 04:00,0.0
,2015-01-27 05:00,0.0
,2015-01-27 06:00,0.0
,2015-01-27 07:00,29.22336160922199
,2015-01-27 08:00,199.79185690719038
,2015-01-27 09:00,372.2664977277224
,2015-01-27 10:00,501.8703629963957
,2015-01-27 11:00,572.318682926762
,2015-01-27 12:00,576.5734298643064
,2015-01-27 13:00,513.5035040086176
,2015-01-27 14:00,389.43091291431085
,2015-01-27 15:00,217.80815624703126
,2015-01-27 16:00,37.186791555646955
,2015-01-27 17:00,0.0
,2015-01-27 18:00,0.0
,2015-01-27 19:00,0.0
,2015-01-27 20:00,0.0
,2015-01-27 21:00,0.0
,2015-01-27 22:00,0.0
,2015-01-27 23:00,0.0
,2015-01-28 00:00,0.0
,2015-01-28 01:00,0.0
,2015-01-28 02:00,0.0
,2015-01-28 03:00,0.0
,2015-01-28 04:00,0.0
,2015-01-28 05:00,0.0
,2015-01-28 06:00,0.0
,2015-01-28 07:00,31.310953745760738
,2015-01-28 08:00,203.5971702712403
,2015-01-28 09:00,377.01346627080557
,2015-01-28 10:00,507.4474959774791
,2015-01-28 11:00,578.5205953435573
,2015-01-28 12:00,582.3524899309397
,2015-01-28 13:00,519.2049727818743
,2015-01-28 14:00,394.5022665810969
,2015-01-28 15:00,222.23949222885082
,2015-01-28 16:00,39.78129543507655
,2015-01-28 17:00,0.0
,2015-01-28 18:00,0.0
,2015-01-28 19:00,0.0
,2015-01-28 20:00,0.0
,2015-01-28 21:00,0.0
,2015-01-28 22:00,0.0
,2015-01-28 23:00,0.0
,2015-01-29 00:00,0.0
,2015-01-29 01:00,0.0
,2015-01-29 02:00,0.0
,2015-01-29 03:00,0.0
,2015-01-29 04:00,0.0
,2015-01-29 05:00,0.0
,2015-01-29 06:00,0.0
,2015-01-29 07:00,33.4639699710477
,2015-01-29 08:00,207.00337376644586
,2015-01-29 09:00,380.00083281896383
,2015-01-29 10:00,509.2816056662426
,2015-01-29 11:00,579.9310155903431
,2015-01-29 12:00,583.6334325930678
,2015-01-29 13:00,520.2714447751619
,2015-01-29 14:00,396.1625043990494
,2015-01-29 15:00,224.7737670864777
,2015-01-29 16:00,42.10956819452234
,2015-01-29 17:00,0.0
,2015-01-29 18:00,0.0
,2015-01-29 19:00,0.0
,2015-01-29 20:00,0.0
,2015-01-29 21:00,0.0
,2015-01-29 22:00,0.0
,2015-01-29 23:00,0.0
,2015-01-30 00:00,0.0
,2015-01-30 01:00,0.0
,2015-01-30 02:00,0.0
,2015-01-30 03:00,0.0
,2015-01-30 04:00,0.0
,2015-01-30 05:00,0.0
,2015-01-30 06:00,0.0
,2015-01-30 07:00,35.52347627545891
,2015-01-30 08:00,209.94368539481883
,2015-01-30 09:00,383.09146870467765
,2015-01-30 10:00,512.9685568853074
,2015-01-30 11:00,583.9990699977885
,2015-01-30 12:00,589.305302613812
,2015-01-30 13:00,526.7172946925833
,2015-01-30 14:00,402.23699797152904
,2015-01-30 15:00,229.47213223609896
,2015-01-30 16:00,44.8988350475796
,2015-01-30 17:00,0.0
,2015-01-30 18:00,0.0
,2015-01-30 19:00,0.0
,2015-01-30 20:00,0.0
,2015-01-30 21:00,0.0
,2015-01-30 22:00,0.0
,2015-01-30 23:00,0.0
,2015-01-31 00:00,0.0
,2015-01-31 01:00,0.0
,2015-01-31 02:00,0.0
,2015-01-31 03:00,0.0
,2015-01-31 04:00,0.0
,2015-01-31 05:00,0.0
,2015-01-31 06:00,0.0
,2015-01-31 07:00,38.00254542671542
,2015-01-31 08:00,214.1798653386695
,2015-01-31 09:00,388.29051346918465
,2015-01-31 10:00,519.3118646181322
,2015-01-31 11:00,590.3041409282979
,2015-01-31 12:00,594.6609743494557
,2015-01-31 13:00,531.246433353475
,2015-01-31 14:00,406.2316899027091
,2015-01-31 15:00,233.34830450953103
,2015-01-31 16:00,47.67536898045148
,2015-01-31 17:00,0.0
,2015-01-31 18:00,0.0
,2015-01-31 19:00,0.0
,2015-01-31 20:00,0.0
,2015-01-31 21:00,0.0
,2015-01-31 22:00,0.0
,2015-01-31 23:00,0.0
,2015-02-01 00:00,0.0
,2015-02-01 01:00,0.0
,2015-02-01 02:00,0.0
,2015-02-01 03:00,0.0
,2015-02-01 04:00,0.0
,2015-02-01 05:00,0.0
,2015-02-01 06:00,0.0
,2015-02-01 07:00,40.57918470461933
,2015-02-01 08:00,218.64145416487324
,2015-02-01 09:00,393.17551932900403
,2015-02-01 10:00,523.4142284931833
,2015-02-01 11:00,595.6860317156555
,2015-02-01 12:00,600.5029445813174
,2015-02-01 13:00,539.2458778058619
,2015-02-01 14:00,412.64248339407715
,2015-02-01 15:00,238.65586300966652
,2015-02-01 16:00,50.7278099069899
,2015-02-01 17:00,0.0
,2015-02-01 18:00,0.0
,2015-02-01 19:00,0.0
,2015-02-01 20:00,0.0
,2015-02-01 21:00,0.0
,2015-02-01 22:00,0.0
,2015-02-01 23:00,0.0
,2015-02-02 00:00,0.0
,2015-02-02 01:00,0.0
,2015-02-02 02:00,0.0
,2015-02-02 03:00,0.0
,2015-02-02 04:00,0.0
,2015-02-02 05:00,0.0
,2015-02-02 06:00,0.0
,2015-02-02 07:00,43.44076299607716
,2015-02-02 08:00,224.08634285206293
,2015-02-02 09:00,400.64049376060973
,2015-02-02 10:00,532.4638524581362
,2015-02-02 11:00,603.247665713286
,2015-02-02 12:00,608.4990286745962
,2015-02-02 13:00,543.6780629922604
,2015-02-02 14:00,417.3355029782275
,2015-02-02 15:00,242.9705629274435
,2015-02-02 16:00,53.85133340303574
,2015-02-02 17:00,0.0
,2015-02-02 18:00,0.0
,2015-02-02 19:00,0.0
,2015-02-02 20:00,0.0
,2015-02-02 21:00,0.0
,2015-02-02 22:00,0.0
,2015-02-02 23:00,0.0
,2015-02-03 00:00,0.0
,2015-02-03 01:00,0.0
,2015-02-03 02:00,0.0
,2015-02-03 03:00,0.0
,2015-02-03 04:00,0.0
,2015-02-03 05:00,0.0
,2015-02-03 06:00,0.0
,2015-02-03 07:00,46.106224896933945
,2015-02-03 08:00,228.03760693069228
,2015-02-03 09:00,404.5615076390316
,2015-02-03 10:00,535.8021023413057
,2015-02-03 11:00,606.9807525093618
,2015-02-03 12:00,611.6143978575421
,2015-02-03 13:00,547.2971600603153
,2015-02-03 14:00,421.749474493139
,2015-02-03 15:00,247.01270721427838
,2015-02-03 16:00,56.853889236178055
,2015-02-03 17:00,0.0
,2015-02-03 18:00,0.0
,2015-02-03 19:00,0.0
,2015-02-03 20:00,0.0
,2015-02-03 21:00,0.0
,2015-02-03 22:00,0.0
,2015-02-03 23:00,0.0
,2015-02-04 00:00,0.0
,2015-02-04 01:00,0.0
,2015-02-04 02:00,0.0
,2015-02-04 03:00,0.0
,2015-02-04 04:00,0.0
,2015-02-04 05:00,0.0
,2015-02-04 06:00,0.0
,2015-02-04 07:00,48.69742813624915
,2015-02-04 08:00,231.3367517295759
,2015-02-04 09:00,407.60706321536605
,2015-02-04 10:00,539.1236607171616
,2015-02-04 11:00,610.6355628269858
,2015-02-04 12:00,613.9839683020898
,2015-02-04 13:00,550.2108525675377
,2015-02-04 14:00,424.8083730896154
,2015-02-04 15:00,250.270277475795
,2015-02-04 16:00,59.74336298559337
,2015-02-04 17:00,0.0
,2015-02-04 18:00,0.0
,2015-02-04 19:00,0.0
,2015-02-04 20:00,0.0
,2015-02-04 21:00,0.0
,2015-02-04 22:00,0.0
,2015-02-04 23:00,0.0
,2015-02-05 00:00,0.0
,2015-02-05 01:00,0.0
,2015-02-05 02:00,0.0
,2015-02-05 03:00,0.0
,2015-02-05 04:00,0.0
,2015-02-05 05:00,0.0
,2015-02-05 06:00,0.0
,2015-02-05 07:00,51.58647525549659
,2015-02-05 08:00,235.5402473014295
,2015-02-05 09:00,412.30459296533434
,2015-02-05 10:00,544.5913199226799
,2015-02-05 11:00,616.1618597639904
,2015-02-05 12:00,620.3299107785007
,2015-02-05 13:00,556.0498777763075
,2015-02-05 14:00,429.8054216852006
,2015-02-05 15:00,254.8212111343233
,2015-02-05 16:00,63.05235563252572
,2015-02-05 17:00,0.0
,2015-02-05 18:00,0.0
,2015-02-05 19:00,0.0
,2015-02-05 20:00,0.0
,2015-02-05 21:00,0.0
,2015-02-05 22:00,0.0
,2015-02-05 23:00,0.0
,2015-02-06 00:00,0.0
,2015-02-06 01:00,0.0
,2015-02-06 02:00,0.0
,2015-02-06 03:00,0.0
,2015-02-06 04:00,0.0
,2015-02-06 05:00,0.0
,2015-02-06 06:00,0.0
,2015-02-06 07:00,54.68419216232537
,2015-02-06 08:00,240.68292072978102
,2015-02-06 09:00,418.841201950157
,2015-02-06 10:00,551.87152232159
,2015-02-06 11:00,623.9581421265578
,2015-02-06 12:00,628.6237149602027
,2015-02-06 13:00,563.9883526461847
,2015-02-06 14:00,437.15082789607726
,2015-02-06 15:00,260.6040527298334
,2015-02-06 16:00,66.72763068391872
,2015-02-06 17:00,0.0
,2015-02-06 18:00,0.0
,2015-02-06 19:00,0.0
,2015-02-06 20:00,0.0
,2015-02-06 21:00,0.0
,2015-02-06 22:00,0.0
,2015-02-06 23:00,0.0
,2015-02-07 00:00,0.0
,2015-02-07 01:00,0.0
,2015-02-07 02:00,0.0
,2015-02-07 03:00,0.0
,2015-02-07 04:00,0.0
,2015-02-07 05:00,0.0
,2015-02-07 06:00,0.0
,2015-02-07 07:00,57.699502593866804
,2015-02-07 08:00,244.7213425520291
,2015-02-07 09:00,423.1242654518843
,2015-02-07 10:00,556.1184559792089
,2015-02-07 11:00,628.0060875127517
,2015-02-07 12:00,631.5905400322032
,2015-02-07 13:00,568.5721903200233
,2015-02-07 14:00,441.527213753942
,2015-02-07 15:00,264.4593331132221
,2015-02-07 16:00,70.18180344749585
,2015-02-07 17:00,0.0
,2015-02-07 18:00,0.0
,2015-02-07 19:00,0.0
,2015-02-07 20:00,0.0
,2015-02-07 21:00,0.0
,2015-02-07 22:00,0.0
,2015-02-07 23:00,0.0
,2015-02-08 00:00,0.0
,2015-02-08 01:00,0.0
,2015-02-08 02:00,0.0
,2015-02-08 03:00,0.0
,2015-02-08 04:00,0.0
,2015-02-08 05:00,0.0
,2015-02-08 06:00,0.0
,2015-02-08 07:00,60.89713553503281
,2015-02-08 08:00,249.38713154942548
,2015-02-08 09:00,427.76859018760666
,2015-02-08 10:00,560.6866010509851
,2015-02-08 11:00,633.3795556311413
,2015-02-08 12:00,637.3523828067948
,2015-02-08 13:00,572.7487490953923
,2015-02-08 14:00,446.4892201889195
,2015-02-08 15:00,269.6599910382352
,2015-02-08 16:00,73.78603894152754
,2015-02-08 17:00,0.0
,2015-02-08 18:00,0.0
,2015-02-08 19:00,0.0
,2015-02-08 20:00,0.0
,2015-02-08 21:00,0.0
,2015-02-08 22:00,0.0
,2015-02-08 23:00,0.0
,2015-02-09 00:00,0.0
,2015-02-09 01:00,0.0
,2015-02-09 02:00,0.0
,2015-02-09 03:00,0.0
,2015-02-09 04:00,0.0
,2015-02-09 05:00,0.0
,2015-02-09 06:00,0.0
,2015-02-09 07:00,64.57493771603062
,2015-02-09 08:00,255.60838500387945
,2015-02-09 09:00,436.1090027439663
,2015-02-09 10:00,570.885823737423
,2015-02-09 11:00,644.1012761198502
,2015-02-09 12:00,648.8869085194638
,2015-02-09 13:00,583.6831516285757
,2015-02-09 14:00,455.39476596169595
,2015-02-09 15:00,276.4261591663646
,2015-02-09 16:00,78.051631309724
,2015-02-09 17:00,0.0
,2015-02-09 18:00,0.0
,2015-02-09 19:00,0.0
,2015-02-09 20:00,0.0
,2015-02-09 21:00,0.0
,2015-02-09 22:00,0.0
,2015-02-09 23:00,0.0
,2015-02-10 00:00,0.0
,2015-02-10 01:00,0.0
,2015-02-10 02:00,0.0
,2015-02-10 03:00,0.0
,2015-02-10 04:00,0.0
,2015-02-10 05:00,0.0
,2015-02-10 06:00,0.0
,2015-02-10 07:00,67.42909020934829
,2015-02-10 08:00,258.58778530008215
,2015-02-10 09:00,438.33866434997947
,2015-02-10 10:00,572.7395007015257
,2015-02-10 11:00,645.272395715043
,2015-02-10 12:00,649.6617007698061
,2015-02-10 13:00,585.0480770397053
,2015-02-10 14:00,456.7380006547759
,2015-02-10 15:00,278.91332551655796
,2015-02-10 16:00,81.0293681826517
,2015-02-10 17:00,0.0
,2015-02-10 18:00,0.0
,2015-02-10 19:00,0.0
,2015-02-10 20:00,0.0
,2015-02-10 21:00,0.0
,2015-02-10 22:00,0.0
,2015-02-10 23:00,0.0
,2015-02-11 00:00,0.0
,2015-02-11 01:00,0.0
,2015-02-11 02:00,0.0
,2015-02-11 03:00,0.0
,2015-02-11 04:00,0.0
,2015-02-11 05:00,0.0
,2015-02-11 06:00,0.0
,2015-02-11 07:00,70.61529592379453
,2015-02-11 08:00,262.7418905791497
,2015-02-11 09:00,443.30868467224246
,2015-02-11 10:00,577.0817068410014
,2015-02-11 11:00,649.6527577569852
,2015-02-11 12:00,654.1302539101405
,2015-02-11 13:00,589.934167237901
,2015-02-11 14:00,461.70954256230834
,2015-02-11 15:00,283.3090710786362
,2015-02-11 16:00,84.67713101344165
,2015-02-11 17:00,0.0
,2015-02-11 18:00,0.0
,2015-02-11 19:00,0.0
,2015-02-11 20:00,0.0
,2015-02-11 21:00,0.0
,2015-02-11 22:00,0.0
,2015-02-11 23:00,0.0
,2015-02-12 00:00,0.0
,2015-02-12 01:00,0.0
,2015-02-12 02:00,0.0
,2015-02-12 03:00,0.0
,2015-02-12 04:00,0.0
,2015-02-12 05:00,0.0
,2015-02-12 06:00,0.0
,2015-02-12 07:00,74.13978360044752
,2015-02-12 08:00,267.6895872711218
,2015-02-12 09:00,448.6867675189121
,2015-02-12 10:00,583.1658480987005
,2015-02-12 11:00,655.6475567417651
,2015-02-12 12:00,660.0734713674804
,2015-02-12 13:00,594.9884187214294
,2015-02-12 14:00,466.96120401686295
,2015-02-12 15:00,288.3645273833248
,2015-02-12 16:00,88.59933834934365
,2015-02-12 17:00,0.0
,2015-02-12 18:00,0.0
,2015-02-12 19:00,0.0
,2015-02-12 20:00,0.0
,2015-02-12 21:00,0.0
,2015-02-12 22:00,0.0
,2015-02-12 23:00,0.0
,2015-02-13 00:00,0.0
,2015-02-13 01:00,0.0
,2015-02-13 02:00,0.0
,2015-02-13 03:00,0.0
,2015-02-13 04:00,0.0
,2015-02-13 05:00,0.0
,2015-02-13 06:00,0.0
,2015-02-13 07:00,77.72729102968172
,2015-02-13 08:00,272.1615403677386
,2015-02-13 09:00,452.61801017698434
,2015-02-13 10:00,587.529812848217
,2015-02-13 11:00,660.6912892400003
,2015-02-13 12:00,664.8958498059259
,2015-02-13 13:00,599.798311805485
,2015-02-13 14:00,471.35683976815295
,2015-02-13 15:00,292.73913261578514
,2015-02-13 16:00,92.35983141054533
,2015-02-13 17:00,0.0
,2015-02-13 18:00,0.0
,2015-02-13 19:00,0.0
,2015-02-13 20:00,0.0
,2015-02-13 21:00,0.0
,2015-02-13 22:00,0.0
,2015-02-13 23:00,0.0
,2015-02-14 00:00,0.0
,2015-02-14 01:00,0.0
,2015-02-14 02:00,0.0
,2015-02-14 03:00,0.0
,2015-02-14 04:00,0.0
,2015-02-14 05:00,0.0
,2015-02-14 06:00,0.0
,2015-02-14 07:00,81.23449387488748
,2015-02-14 08:00,276.58835373184587
,2015-02-14 09:00,457.58202400323864
,2015-02-14 10:00,592.6807354137443
,2015-02-14 11:00,665.8759899971981
,2015-02-14 12:00,670.2401783311718
,2015-02-14 13:00,605.194005344707
,2015-02-14 14:00,476.43732868240016
,2015-02-14 15:00,297.51576275698017
,2015-02-14 16:00,96.32529819807118
,2015-02-14 17:00,0.0
,2015-02-14 18:00,0.0
,2015-02-14 19:00,0.0
,2015-02-14 20:00,0.0
,2015-02-14 21:00,0.0
,2015-02-14 22:00,0.0
,2015-02-14 23:00,0.0
,2015-02-15 00:00,0.0
,2015-02-15 01:00,0.0
,2015-02-15 02:00,0.0
,2015-02-15 03:00,0.0
,2015-02-15 04:00,0.0
,2015-02-15 05:00,0.0
,2015-02-15 06:00,0.0
,2015-02-15 07:00,84.82714983038854
,2015-02-15 08:00,281.2514443226291
,2015-02-15 09:00,462.2226637270635
,2015-02-15 10:00,597.4862753361423
,2015-02-15 11:00,670.8497308819956
,2015-02-15 12:00,674.8685141052543
,2015-02-15 13:00,609.7901221532078
,2015-02-15 14:00,480.9862645341439
,2015-02-15 15:00,302.15172705420696
,2015-02-15 16:00,100.21898877504765
,2015-02-15 17:00,0.0
,2015-02-15 18:00,0.0
,2015-02-15 19:00,0.0
,2015-02-15 20:00,0.0
,2015-02-15 21:00,0.0
,2015-02-15 22:00,0.0
,2015-02-15 23:00,0.0
,2015-02-16 00:00,0.0
,2015-02-16 01:00,0.0
,2015-02-16 02:00,0.0
,2015-02-16 03:00,0.0
,2015-02-16 04:00,0.0
,2015-02-16 05:00,0.0
,2015-02-16 06:00,0.0
,2015-02-16 07:00,88.26494500828724
,2015-02-16 08:00,285.55964266502093
,2015-02-16 09:00,467.87931887602645
,2015-02-16 10:00,603.3933497056822
,2015-02-16 11:00,677.1222607867643
,2015-02-16 12:00,681.2069228870879
,2015-02-16 13:00,615.8734843058373
,2015-02-16 14:00,487.0357927826669
,2015-02-16 15:00,307.3969735055037
,2015-02-16 16:00,104.377846299348
,2015-02-16 17:00,0.0
,2015-02-16 18:00,0.0
,2015-02-16 19:00,0.0
,2015-02-16 20:00,0.0
,2015-02-16 21:00,0.0
,2015-02-16 22:00,0.0
,2015-02-16 23:00,0.0
,2015-02-17 00:00,0.0
,2015-02-17 01:00,0.0
,2015-02-17 02:00,0.0
,2015-02-17 03:00,0.0
,2015-02-17 04:00,0.0
,2015-02-17 05:00,0.0
,2015-02-17 06:00,0.0
,2015-02-17 07:00,92.05104031923943
,2015-02-17 08:00,290.7591622587962
,2015-02-17 09:00,473.85625479517404
,2015-02-17 10:00,609.5373670168294
,2015-02-17 11:00,682.7757739135982
,2015-02-17 12:00,686.6909242786985
,2015-02-17 13:00,621.3852661095767
,2015-02-17 14:00,492.08775010734655
,2015-02-17 15:00,311.81066243198046
,2015-02-17 16:00,108.37174864680014
,2015-02-17 17:00,0.0
,2015-02-17 18:00,0.0
,2015-02-17 19:00,0.0
,2015-02-17 20:00,0.0
,2015-02-17 21:00,0.0
,2015-02-17 22:00,0.0
,2015-02-17 23:00,0.0
,2015-02-18 00:00,0.0
,2015-02-18 01:00,0.0
,2015-02-18 02:00,0.0
,2015-02-18 03:00,0.0
,2015-02-18 04:00,0.0
,2015-02-18 05:00,0.0
,2015-02-18 06:00,0.0
,2015-02-18 07:00,96.14890468517122
,2015-02-18 08:00,296.13403286109417
,2015-02-18 09:00,479.58444746169096
,2015-02-18 10:00,615.8134139015589
,2015-02-18 11:00,689.4120936055209
,2015-02-18 12:00,693.5459507148192
,2015-02-18 13:00,628.2241927242462
,2015-02-18 14:00,498.49972305531213
,2015-02-18 15:00,317.9074442342243
,2015-02-18 16:00,112.9858030605528
,2015-02-18 17:00,0.0
,2015-02-18 18:00,0.0
,2015-02-18 19:00,0.0
,2015-02-18 20:00,0.0
,2015-02-18 21:00,0.0
,2015-02-18 22:00,0.0
,2015-02-18 23:00,0.0
,2015-02-19 00:00,0.0
,2015-02-19 01:00,0.0
,2015-02-19 02:00,0.0
,2015-02-19 03:00,0.0
,2015-02-19 04:00,0.0
,2015-02-19 05:00,0.0
,2015-02-19 06:00,0.0
,2015-02-19 07:00,100.09926668679779
,2015-02-19 08:00,300.7623689575988
,2015-02-19 09:00,484.00446736015937
,2015-02-19 10:00,620.1604102750193
,2015-02-19 11:00,694.0413073014652
,2015-02-19 12:00,698.5952527008916
,2015-02-19 13:00,633.1009761975515
,2015-02-19 14:00,503.2092196951881
,2015-02-19 15:00,322.5006394027738
,2015-02-19 16:00,116.95725773853965
,2015-02-19 17:00,0.0
,2015-02-19 18:00,0.0
,2015-02-19 19:00,0.0
,2015-02-19 20:00,0.0
,2015-02-19 21:00,0.0
,2015-02-19 22:00,0.0
,2015-02-19 23:00,0.0
,2015-02-20 00:00,0.0
,2015-02-20 01:00,0.0
,2015-02-20 02:00,0.0
,2015-02-20 03:00,0.0
,2015-02-20 04:00,0.0
,2015-02-20 05:00,0.0
,2015-02-20 06:00,0.0
,2015-02-20 07:00,103.81126554972495
,2015-02-20 08:00,304.6875295574128
,2015-02-20 09:00,488.0328633906417
,2015-02-20 10:00,624.2109124205036
,2015-02-20 11:00,698.1617915090757
,2015-02-20 12:00,702.263286461763
,2015-02-20 13:00,636.3357963920556
,2015-02-20 14:00,507.0701996304834
,2015-02-20 15:00,326.3093005551483
,2015-02-20 16:00,120.74350866224201
,2015-02-20 17:00,0.0
,2015-02-20 18:00,0.0
,2015-02-20 19:00,0.0
,2015-02-20 20:00,0.0
,2015-02-20 21:00,0.0
,2015-02-20 22:00,0.0
,2015-02-20 23:00,0.0
,2015-02-21 00:00,0.0
,2015-02-21 01:00,0.0
,2015-02-21 02:00,0.0
,2015-02-21 03:00,0.0
,2015-02-21 04:00,0.0
,2015-02-21 05:00,0.0
,2015-02-21 06:00,0.0
,2015-02-21 07:00,107.91565313121168
,2015-02-21 08:00,310.5679606507502
,2015-02-21 09:00,494.9850833440721
,2015-02-21 10:00,631.4539875738591
,2015-02-21 11:00,705.1095402711983
,2015-02-21 12:00,709.6616541768096
,2015-02-21 13:00,643.796803588158
,2015-02-21 14:00,513.7754862360291
,2015-02-21 15:00,332.5047934846247
,2015-02-21 16:00,125.5013584122632
,2015-02-21 17:00,0.0
,2015-02-21 18:00,0.0
,2015-02-21 19:00,0.0
,2015-02-21 20:00,0.0
,2015-02-21 21:00,0.0
,2015-02-21 22:00,0.0
,2015-02-21 23:00,0.0
,2015-02-22 00:00,0.0
,2015-02-22 01:00,0.0
,2015-02-22 02:00,0.0
,2015-02-22 03:00,0.0
,2015-02-22 04:00,0.0
,2015-02-22 05:00,0.0
,2015-02-22 06:00,0.0
,2015-02-22 07:00,111.31611213971864
,2015-02-22 08:00,314.2430064009343
,2015-02-22 09:00,498.7609851033676
,2015-02-22 10:00,635.1736312573981
,2015-02-22 11:00,709.2847758816456
,2015-02-22 12:00,713.7269035131103
,2015-02-22 13:00,648.2695271350769
,2015-02-22 14:00,518.5206729238647
,2015-02-22 15:00,337.44474503262813
,2015-02-22 16:00,129.8209636840699
,2015-02-22 17:00,0.0
,2015-02-22 18:00,0.0
,2015-02-22 19:00,0.0
,2015-02-22 20:00,0.0
,2015-02-22 21:00,0.0
,2015-02-22 22:00,0.0
,2015-02-22 23:00,0.0
,2015-02-23 00:00,0.0
,2015-02-23 01:00,0.0
,2015-02-23 02:00,0.0
,2015-02-23 03:00,0.0
,2015-02-23 04:00,0.0
,2015-02-23 05:00,0.0
,2015-02-23 06:00,0.0
,2015-02-23 07:00,115.56348318681945
,2015-02-23 08:00,319.624535008032
,2015-02-23 09:00,504.7340507487987
,2015-02-23 10:00,641.4034526709135
,2015-02-23 11:00,715.1557167188168
,2015-02-23 12:00,720.0290900897305
,2015-02-23 13:00,654.1830714918941
,2015-02-23 14:00,523.5962818528147
,2015-02-23 15:00,342.6029510727545
,2015-02-23 16:00,134.20456713470344
,2015-02-23 17:00,0.0
,2015-02-23 18:00,0.0
,2015-02-23 19:00,0.0
,2015-02-23 20:00,0.0
,2015-02-23 21:00,0.0
,2015-02-23 22:00,0.0
,2015-02-23 23:00,0.0
,2015-02-24 00:00,0.0
,2015-02-24 01:00,0.0
,2015-02-24 02:00,0.0
,2015-02-24 03:00,0.0
,2015-02-24 04:00,0.0
,2015-02-24 05:00,0.0
,2015-02-24 06:00,0.0
,2015-02-24 07:00,119.70035420482795
,2015-02-24 08:00,324.71614383459297
,2015-02-24 09:00,510.031932770661
,2015-02-24 10:00,647.3349772443238
,2015-02-24 11:00,721.4628727046569
,2015-02-24 12:00,725.7812870263361
,2015-02-24 13:00,659.8430652385247
,2015-02-24 14:00,529.0690189179647
,2015-02-24 15:00,347.00418900300036
,2015-02-24 16:00,138.30783744012797
,2015-02-24 17:00,0.0
,2015-02-24 18:00,0.0
,2015-02-24 19:00,0.0
,2015-02-24 20:00,0.0
,2015-02-24 21:00,0.0
,2015-02-24 22:00,0.0
,2015-02-24 23:00,0.0
,2015-02-25 00:00,0.0
,2015-02-25 01:00,0.0
,2015-02-25 02:00,0.0
,2015-02-25 03:00,0.0
,2015-02-25 04:00,0.0
,2015-02-25 05:00,0.0
,2015-02-25 06:00,0.0
,2015-02-25 07:00,123.86232395388878
,2015-02-25 08:00,329.84046466960734
,2015-02-25 09:00,515.5370146491546
,2015-02-25 10:00,652.7538985039878
,2015-02-25 11:00,727.1037268327033
,2015-02-25 12:00,731.2136822095243
,2015-02-25 13:00,664.7208447813917
,2015-02-25 14:00,534.2547048789097
,2015-02-25 15:00,352.2653425744
,2015-02-25 16:00,142.94434662720187
,2015-02-25 17:00,0.0
,2015-02-25 18:00,0.0
,2015-02-25 19:00,0.0
,2015-02-25 20:00,0.0
,2015-02-25 21:00,0.0
,2015-02-25 22:00,0.0
,2015-02-25 23:00,0.0
,2015-02-26 00:00,0.0
,2015-02-26 01:00,0.0
,2015-02-26 02:00,0.0
,2015-02-26 03:00,0.0
,2015-02-26 04:00,0.0
,2015-02-26 05:00,0.0
,2015-02-26 06:00,0.0
,2015-02-26 07:00,128.07256832229737
,2015-02-26 08:00,335.05175214946246
,2015-02-26 09:00,521.1418680088811
,2015-02-26 10:00,657.9490093682543
,2015-02-26 11:00,732.1319941139406
,2015-02-26 12:00,737.0235789528501
,2015-02-26 13:00,670.8875545725198
,2015-02-26 14:00,540.0083517437004
,2015-02-26 15:00,357.80341866057705
,2015-02-26 16:00,147.5334224702554
,2015-02-26 17:00,0.0
,2015-02-26 18:00,0.0
,2015-02-26 19:00,0.0
,2015-02-26 20:00,0.0
,2015-02-26 21:00,0.0
,2015-02-26 22:00,0.0
,2015-02-26 23:00,0.0
,2015-02-27 00:00,0.0
,2015-02-27 01:00,0.0
,2015-02-27 02:00,0.0
,2015-02-27 03:00,0.0
,2015-02-27 04:00,0.0
,2015-02-27 05:00,0.0
,2015-02-27 06:00,0.0
,2015-02-27 07:00,132.31252843632188
,2015-02-27 08:00,340.1203235855555
,2015-02-27 09:00,526.8945199648733
,2015-02-27 10:00,664.9134774620787
,2015-02-27 11:00,739.7877850860193
,2015-02-27 12:00,744.2634797778638
,2015-02-27 13:00,677.9455719190051
,2015-02-27 14:00,547.0774133160252
,2015-02-27 15:00,363.60630577518737
,2015-02-27 16:00,152.32020643299384
,2015-02-27 17:00,0.0
,2015-02-27 18:00,0.0
,2015-02-27 19:00,0.0
,2015-02-27 20:00,0.0
,2015-02-27 21:00,0.0
,2015-02-27 22:00,0.0
,2015-02-27 23:00,0.0
,2015-02-28 00:00,0.0
,2015-02-28 01:00,0.0
,2015-02-28 02:00,0.0
,2015-02-28 03:00,0.0
,2015-02-28 04:00,0.0
,2015-02-28 05:00,0.0
,2015-02-28 06:00,0.0
,2015-02-28 07:00,136.39790080001563
,2015-02-28 08:00,344.71307699692693
,2015-02-28 09:00,531.8200101819233
,2015-02-28 10:00,670.7625514985339
,2015-02-28 11:00,745.7164119261795
,2015-02-28 12:00,750.6314183779788
,2015-02-28 13:00,684.0831376934015
,2015-02-28 14:00,552.2576902466792
,2015-02-28 15:00,368.8158836099453
,2015-02-28 16:00,156.87058646298303
,2015-02-28 17:00,0.0
,2015-02-28 18:00,0.0
,2015-02-28 19:00,0.0
,2015-02-28 20:00,0.0
,2015-02-28 21:00,0.0
,2015-02-28 22:00,0.0
,2015-02-28 23:00,0.0
,2015-03-01 00:00,0.0
,2015-03-01 01:00,0.0
,2015-03-01 02:00,0.0
,2015-03-01 03:00,0.0
,2015-03-01 04:00,0.0
,2015-03-01 05:00,0.0
,2015-03-01 06:00,0.0
,2015-03-01 07:00,141.29085355001027
,2015-03-01 08:00,350.10924830595343
,2015-03-01 09:00,536.7258184145803
,2015-03-01 10:00,675.0648636984051
,2015-03-01 11:00,749.6728203041882
,2015-03-01 12:00,753.8794549605656
,2015-03-01 13:00,687.4988563408733
,2015-03-01 14:00,556.4727694573473
,2015-03-01 15:00,373.14653071276376
,2015-03-01 16:00,160.94421283246993
,2015-03-01 17:00,0.0
,2015-03-01 18:00,0.0
,2015-03-01 19:00,0.0
,2015-03-01 20:00,0.0
,2015-03-01 21:00,0.0
,2015-03-01 22:00,0.0
,2015-03-01 23:00,0.0
,2015-03-02 00:00,0.0
,2015-03-02 01:00,0.0
,2015-03-02 02:00,0.0
,2015-03-02 03:00,0.0
,2015-03-02 04:00,0.0
,2015-03-02 05:00,0.0
,2015-03-02 06:00,0.0
,2015-03-02 07:00,145.36720281618457
,2015-03-02 08:00,354.7017993326814
,2015-03-02 09:00,541.6135860964042
,2015-03-02 10:00,678.871544369004
,2015-03-02 11:00,753.7957695679285
,2015-03-02 12:00,758.2395787318524
,2015-03-02 13:00,693.0641241440694
,2015-03-02 14:00,561.7027775948841
,2015-03-02 15:00,377.8085638391439
,2015-03-02 16:00,165.42104185961466
,2015-03-02 17:00,0.0
,2015-03-02 18:00,0.0
,2015-03-02 19:00,0.0
,2015-03-02 20:00,0.0
,2015-03-02 21:00,0.0
,2015-03-02 22:00,0.0
,2015-03-02 23:00,0.0
,2015-03-03 00:00,0.0
,2015-03-03 01:00,0.0
,2015-03-03 02:00,0.0
,2015-03-03 03:00,0.0
,2015-03-03 04:00,0.0
,2015-03-03 05:00,0.0
,2015-03-03 06:00,4.578850223333106
,2015-03-03 07:00,149.01404587717295
,2015-03-03 08:00,358.9280027630615
,2015-03-03 09:00,545.9798056744254
,2015-03-03 10:00,684.2932031042899
,2015-03-03 11:00,758.9601208786365
,2015-03-03 12:00,763.7331696488424
,2015-03-03 13:00,697.3606804144979
,2015-03-03 14:00,566.0188231696342
,2015-03-03 15:00,382.27518481578085
,2015-03-03 16:00,169.77294919585478
,2015-03-03 17:00,0.0
,2015-03-03 18:00,0.0
,2015-03-03 19:00,0.0
,2015-03-03 20:00,0.0
,2015-03-03 21:00,0.0
,2015-03-03 22:00,0.0
,2015-03-03 23:00,0.0
,2015-03-04 00:00,0.0
,2015-03-04 01:00,0.0
,2015-03-04 02:00,0.0
,2015-03-04 03:00,0.0
,2015-03-04 04:00,0.0
,2015-03-04 05:00,0.0
,2015-03-04 06:00,0.0
,2015-03-04 07:00,153.94303483603008
,2015-03-04 08:00,364.4712269754994
,2015-03-04 09:00,551.9067338216618
,2015-03-04 10:00,690.6600146802499
,2015-03-04 11:00,765.1995090710611
,2015-03-04 12:00,769.7688354283275
,2015-03-04 13:00,702.9688469773604
,2015-03-04 14:00,571.9129993723512
,2015-03-04 15:00,388.2544313898133
,2015-03-04 16:00,174.74321884732802
,2015-03-04 17:00,0.0
,2015-03-04 18:00,0.0
,2015-03-04 19:00,0.0
,2015-03-04 20:00,0.0
,2015-03-04 21:00,0.0
,2015-03-04 22:00,0.0
,2015-03-04 23:00,0.0
,2015-03-05 00:00,0.0
,2015-03-05 01:00,0.0
,2015-03-05 02:00,0.0
,2015-03-05 03:00,0.0
,2015-03-05 04:00,0.0
,2015-03-05 05:00,0.0
,2015-03-05 06:00,0.0
,2015-03-05 07:00,158.1018858592479
,2015-03-05 08:00,370.25810001324027
,2015-03-05 09:00,558.6517340458344
,2015-03-05 10:00,697.8893911076092
,2015-03-05 11:00,773.4806100093259
,2015-03-05 12:00,779.1900770600716
,2015-03-05 13:00,712.7520766701551
,2015-03-05 14:00,580.0900823418849
,2015-03-05 15:00,394.92585431925966
,2015-03-05 16:00,180.18756142616454
,2015-03-05 17:00,0.0
,2015-03-05 18:00,0.0
,2015-03-05 19:00,0.0
,2015-03-05 20:00,0.0
,2015-03-05 21:00,0.0
,2015-03-05 22:00,0.0
,2015-03-05 23:00,0.0
,2015-03-06 00:00,0.0
,2015-03-06 01:00,0.0
,2015-03-06 02:00,0.0
,2015-03-06 03:00,0.0
,2015-03-06 04:00,0.0
,2015-03-06 05:00,0.0
,2015-03-06 06:00,5.069084662821245
,2015-03-06 07:00,163.39738515514458
,2015-03-06 08:00,376.83492945675357
,2015-03-06 09:00,566.7596782307503
,2015-03-06 10:00,706.8352802019825
,2015-03-06 11:00,783.5405121041898
,2015-03-06 12:00,788.6054844706681
,2015-03-06 13:00,721.9529490580994
,2015-03-06 14:00,588.90381271449
,2015-03-06 15:00,402.56455648273146
,2015-03-06 16:00,185.8617474264515
,2015-03-06 17:00,0.0
,2015-03-06 18:00,0.0
,2015-03-06 19:00,0.0
,2015-03-06 20:00,0.0
,2015-03-06 21:00,0.0
,2015-03-06 22:00,0.0
,2015-03-06 23:00,0.0
,2015-03-07 00:00,0.0
,2015-03-07 01:00,0.0
,2015-03-07 02:00,0.0
,2015-03-07 03:00,0.0
,2015-03-07 04:00,0.0
,2015-03-07 05:00,0.0
,2015-03-07 06:00,5.958414723903323
,2015-03-07 07:00,167.9696006599976
,2015-03-07 08:00,382.43604707936396
,2015-03-07 09:00,572.764083440023
,2015-03-07 10:00,713.0818292450675
,2015-03-07 11:00,788.6079916477684
,2015-03-07 12:00,793.1848918221381
,2015-03-07 13:00,726.1446168201445
,2015-03-07 14:00,593.1551681537526
,2015-03-07 15:00,406.8132398208226
,2015-03-07 16:00,190.30175219789461
,2015-03-07 17:00,0.0
,2015-03-07 18:00,0.0
,2015-03-07 19:00,0.0
,2015-03-07 20:00,0.0
,2015-03-07 21:00,0.0
,2015-03-07 22:00,0.0
,2015-03-07 23:00,0.0
,2015-03-08 00:00,0.0
,2015-03-08 01:00,0.0
,2015-03-08 02:00,0.0
,2015-03-08 03:00,0.0
,2015-03-08 04:00,0.0
,2015-03-08 05:00,0.0
,2015-03-08 06:00,7.036525192316969
,2015-03-08 07:00,172.36774554188736
,2015-03-08 08:00,387.0919629230936
,2015-03-08 09:00,577.2915936689122
,2015-03-08 10:00,717.1075898467042
,2015-03-08 11:00,792.3859653920972
,2015-03-08 12:00,797.6922210849987
,2015-03-08 13:00,730.5974505444535
,2015-03-08 14:00,597.9586194375348
,2015-03-08 15:00,411.832261013209
,2015-03-08 16:00,194.72280225600227
,2015-03-08 17:00,0.0
,2015-03-08 18:00,0.0
,2015-03-08 19:00,0.0
,2015-03-08 20:00,0.0
,2015-03-08 21:00,0.0
,2015-03-08 22:00,0.0
,2015-03-08 23:00,0.0
,2015-03-09 00:00,0.0
,2015-03-09 01:00,0.0
,2015-03-09 02:00,0.0
,2015-03-09 03:00,0.0
,2015-03-09 04:00,0.0
,2015-03-09 05:00,0.0
,2015-03-09 06:00,8.278605364554844
,2015-03-09 07:00,176.56713700187902
,2015-03-09 08:00,391.8283827945966
,2015-03-09 09:00,581.9718841626537
,2015-03-09 10:00,721.5516931170711
,2015-03-09 11:00,797.4027266920438
,2015-03-09 12:00,802.3757221477649
,2015-03-09 13:00,735.606571719762
,2015-03-09 14:00,602.6852873744411
,2015-03-09 15:00,416.15803829033666
,2015-03-09 16:00,199.0280408124352
,2015-03-09 17:00,0.0
,2015-03-09 18:00,0.0
,2015-03-09 19:00,0.0
,2015-03-09 20:00,0.0
,2015-03-09 21:00,0.0
,2015-03-09 22:00,0.0
,2015-03-09 23:00,0.0
,2015-03-10 00:00,0.0
,2015-03-10 01:00,0.0
,2015-03-10 02:00,0.0
,2015-03-10 03:00,0.0
,2015-03-10 04:00,0.0
,2015-03-10 05:00,0.0
,2015-03-10 06:00,9.711854007957191
,2015-03-10 07:00,181.09708582670842
,2015-03-10 08:00,396.34009613698254
,2015-03-10 09:00,586.5313967218261
,2015-03-10 10:00,726.6460687933011
,2015-03-10 11:00,803.1616241695947
,2015-03-10 12:00,807.7496997019775
,2015-03-10 13:00,740.7503194291318
,2015-03-10 14:00,607.9548237136846
,2015-03-10 15:00,421.46243364291445
,2015-03-10 16:00,203.96908146212652
,2015-03-10 17:00,0.0
,2015-03-10 18:00,0.0
,2015-03-10 19:00,0.0
,2015-03-10 20:00,0.0
,2015-03-10 21:00,0.0
,2015-03-10 22:00,0.0
,2015-03-10 23:00,0.0
,2015-03-11 00:00,0.0
,2015-03-11 01:00,0.0
,2015-03-11 02:00,0.0
,2015-03-11 03:00,0.0
,2015-03-11 04:00,0.0
,2015-03-11 05:00,0.0
,2015-03-11 06:00,11.28498642993728
,2015-03-11 07:00,185.54896995226514
,2015-03-11 08:00,401.3981413599009
,2015-03-11 09:00,591.4958653468103
,2015-03-11 10:00,730.5877413081654
,2015-03-11 11:00,807.5302721931812
,2015-03-11 12:00,812.1987499897633
,2015-03-11 13:00,745.1090605682341
,2015-03-11 14:00,611.88115159141
,2015-03-11 15:00,425.4516885468733
,2015-03-11 16:00,208.14320518511389
,2015-03-11 17:00,0.0
,2015-03-11 18:00,0.0
,2015-03-11 19:00,0.0
,2015-03-11 20:00,0.0
,2015-03-11 21:00,0.0
,2015-03-11 22:00,0.0
,2015-03-11 23:00,0.0
,2015-03-12 00:00,0.0
,2015-03-12 01:00,0.0
,2015-03-12 02:00,0.0
,2015-03-12 03:00,0.0
,2015-03-12 04:00,0.0
,2015-03-12 05:00,0.0
,2015-03-12 06:00,12.976921429605005
,2015-03-12 07:00,190.1327122658988
,2015-03-12 08:00,407.4352064358066
,2015-03-12 09:00,599.0225319760507
,2015-03-12 10:00,740.0750301019015
,2015-03-12 11:00,816.7049279965617
,2015-03-12 12:00,821.7265199262032
,2015-03-12 13:00,754.8432798771089
,2015-03-12 14:00,621.6806512241317
,2015-03-12 15:00,434.18153232403523
,2015-03-12 16:00,214.61368697290655
,2015-03-12 17:00,0.0
,2015-03-12 18:00,0.0
,2015-03-12 19:00,0.0
,2015-03-12 20:00,0.0
,2015-03-12 21:00,0.0
,2015-03-12 22:00,0.0
,2015-03-12 23:00,0.0
,2015-03-13 00:00,0.0
,2015-03-13 01:00,0.0
,2015-03-13 02:00,0.0
,2015-03-13 03:00,0.0
,2015-03-13 04:00,0.0
,2015-03-13 05:00,0.0
,2015-03-13 06:00,14.858133054861613
,2015-03-13 07:00,194.67388043721584
,2015-03-13 08:00,412.0162567644035
,2015-03-13 09:00,602.9095693024905
,2015-03-13 10:00,742.8673650303344
,2015-03-13 11:00,818.9099585135464
,2015-03-13 12:00,823.5965998425039
,2015-03-13 13:00,756.8214839279839
,2015-03-13 14:00,623.5480344467898
,2015-03-13 15:00,437.1370341965584
,2015-03-13 16:00,218.21883630049422
,2015-03-13 17:00,23.40112792302199
,2015-03-13 18:00,0.0
,2015-03-13 19:00,0.0
,2015-03-13 20:00,0.0
,2015-03-13 21:00,0.0
,2015-03-13 22:00,0.0
,2015-03-13 23:00,0.0
,2015-03-14 00:00,0.0
,2015-03-14 01:00,0.0
,2015-03-14 02:00,0.0
,2015-03-14 03:00,0.0
,2015-03-14 04:00,0.0
,2015-03-14 05:00,0.0
,2015-03-14 06:00,16.82729853002837
,2015-03-14 07:00,198.95176011803338
,2015-03-14 08:00,416.19864785141044
,2015-03-14 09:00,607.0008643162005
,2015-03-14 10:00,746.6565623998232
,2015-03-14 11:00,821.4522709662604
,2015-03-14 12:00,827.5454778226774
,2015-03-14 13:00,760.1828153421415
,2015-03-14 14:00,627.3621209302239
,2015-03-14 15:00,440.6339175777928
,2015-03-14 16:00,222.1211130009178
,2015-03-14 17:00,25.89099505262228
,2015-03-14 18:00,0.0
,2015-03-14 19:00,0.0
,2015-03-14 20:00,0.0
,2015-03-14 21:00,0.0
,2015-03-14 22:00,0.0
,2015-03-14 23:00,0.0
,2015-03-15 00:00,0.0
,2015-03-15 01:00,0.0
,2015-03-15 02:00,0.0
,2015-03-15 03:00,0.0
,2015-03-15 04:00,0.0
,2015-03-15 05:00,0.0
,2015-03-15 06:00,18.870941318797747
,2015-03-15 07:00,202.9816027162881
,2015-03-15 08:00,420.86755067669446
,2015-03-15 09:00,612.3694311145978
,2015-03-15 10:00,752.139523748657
,2015-03-15 11:00,828.0022959015846
,2015-03-15 12:00,832.8210913604106
,2015-03-15 13:00,766.0842779743944
,2015-03-15 14:00,632.9677200262953
,2015-03-15 15:00,446.1863157171728
,2015-03-15 16:00,227.0372355590534
,2015-03-15 17:00,28.60349490102471
,2015-03-15 18:00,0.0
,2015-03-15 19:00,0.0
,2015-03-15 20:00,0.0
,2015-03-15 21:00,0.0
,2015-03-15 22:00,0.0
,2015-03-15 23:00,0.0
,2015-03-16 00:00,0.0
,2015-03-16 01:00,0.0
,2015-03-16 02:00,0.0
,2015-03-16 03:00,0.0
,2015-03-16 04:00,0.0
,2015-03-16 05:00,0.0
,2015-03-16 06:00,21.03575738173837
,2015-03-16 07:00,207.22772743493434
,2015-03-16 08:00,425.5177885101622
,2015-03-16 09:00,617.1059458007068
,2015-03-16 10:00,757.8791025378765
,2015-03-16 11:00,834.2345750646687
,2015-03-16 12:00,838.9709329634888
,2015-03-16 13:00,771.6101138145318
,2015-03-16 14:00,638.4937204926014
,2015-03-16 15:00,451.14266712128165
,2015-03-16 16:00,231.66313784706844
,2015-03-16 17:00,31.37138998661013
,2015-03-16 18:00,0.0
,2015-03-16 19:00,0.0
,2015-03-16 20:00,0.0
,2015-03-16 21:00,0.0
,2015-03-16 22:00,0.0
,2015-03-16 23:00,0.0
,2015-03-17 00:00,0.0
,2015-03-17 01:00,0.0
,2015-03-17 02:00,0.0
,2015-03-17 03:00,0.0
,2015-03-17 04:00,0.0
,2015-03-17 05:00,0.0
,2015-03-17 06:00,23.34126374448841
,2015-03-17 07:00,211.89470851388535
,2015-03-17 08:00,430.72278076478216
,2015-03-17 09:00,622.5494149856031
,2015-03-17 10:00,763.1471555614787
,2015-03-17 11:00,839.434215778903
,2015-03-17 12:00,844.0511564469343
,2015-03-17 13:00,777.1727689708218
,2015-03-17 14:00,643.7389910275449
,2015-03-17 15:00,456.5663282020412
,2015-03-17 16:00,236.6791475905858
,2015-03-17 17:00,34.32566682646406
,2015-03-17 18:00,0.0
,2015-03-17 19:00,0.0
,2015-03-17 20:00,0.0
,2015-03-17 21:00,0.0
,2015-03-17 22:00,0.0
,2015-03-17 23:00,0.0
,2015-03-18 00:00,0.0
,2015-03-18 01:00,0.0
,2015-03-18 02:00,0.0
,2015-03-18 03:00,0.0
,2015-03-18 04:00,0.0
,2015-03-18 05:00,0.0
,2015-03-18 06:00,25.807400973099856
,2015-03-18 07:00,216.62640692155878
,2015-03-18 08:00,435.88876405682674
,2015-03-18 09:00,627.5617562659188
,2015-03-18 10:00,768.1329860731125
,2015-03-18 11:00,843.0877491837479
,2015-03-18 12:00,847.1916830405833
,2015-03-18 13:00,779.6289877317291
,2015-03-18 14:00,647.0867182890219
,2015-03-18 15:00,460.08522289846564
,2015-03-18 16:00,240.56443427003103
,2015-03-18 17:00,37.18682067047825
,2015-03-18 18:00,0.0
,2015-03-18 19:00,0.0
,2015-03-18 20:00,0.0
,2015-03-18 21:00,0.0
,2015-03-18 22:00,0.0
,2015-03-18 23:00,0.0
,2015-03-19 00:00,0.0
,2015-03-19 01:00,0.0
,2015-03-19 02:00,0.0
,2015-03-19 03:00,0.0
,2015-03-19 04:00,0.0
,2015-03-19 05:00,0.0
,2015-03-19 06:00,28.286195346330697
,2015-03-19 07:00,220.81271360723846
,2015-03-19 08:00,439.99789405990197
,2015-03-19 09:00,631.285857456374
,2015-03-19 10:00,771.9011932499175
,2015-03-19 11:00,847.9301608153573
,2015-03-19 12:00,852.3428059236602
,2015-03-19 13:00,784.5366873578737
,2015-03-19 14:00,651.4534197488363
,2015-03-19 15:00,464.6902338027932
,2015-03-19 16:00,245.15116839791935
,2015-03-19 17:00,40.24278810450564
,2015-03-19 18:00,0.0
,2015-03-19 19:00,0.0
,2015-03-19 20:00,0.0
,2015-03-19 21:00,0.0
,2015-03-19 22:00,0.0
,2015-03-19 23:00,0.0
,2015-03-20 00:00,0.0
,2015-03-20 01:00,0.0
,2015-03-20 02:00,0.0
,2015-03-20 03:00,0.0
,2015-03-20 04:00,0.0
,2015-03-20 05:00,0.0
,2015-03-20 06:00,30.93853966775724
,2015-03-20 07:00,225.6562605500949
,2015-03-20 08:00,445.3399030496368
,2015-03-20 09:00,637.2235992723163
,2015-03-20 10:00,777.9749278023204
,2015-03-20 11:00,854.7343018133593
,2015-03-20 12:00,858.5627104377851
,2015-03-20 13:00,791.300492820756
,2015-03-20 14:00,658.267903418136
,2015-03-20 15:00,470.9628817928722
,2015-03-20 16:00,250.42636337801883
,2015-03-20 17:00,43.49829025565031
,2015-03-20 18:00,0.0
,2015-03-20 19:00,0.0
,2015-03-20 20:00,0.0
,2015-03-20 21:00,0.0
,2015-03-20 22:00,0.0
,2015-03-20 23:00,0.0
,2015-03-21 00:00,0.0
,2015-03-21 01:00,0.0
,2015-03-21 02:00,0.0
,2015-03-21 03:00,0.0
,2015-03-21 04:00,0.0
,2015-03-21 05:00,0.0
,2015-03-21 06:00,33.62759113826408
,2015-03-21 07:00,230.02846759589346
,2015-03-21 08:00,449.97177772626407
,2015-03-21 09:00,641.6105476239767
,2015-03-21 10:00,782.4023087011807
,2015-03-21 11:00,858.6457820970867
,2015-03-21 12:00,863.4777069791769
,2015-03-21 13:00,796.6051701479249
,2015-03-21 14:00,663.11297456677
,2015-03-21 15:00,475.79605075144207
,2015-03-21 16:00,255.09939249063325
,2015-03-21 17:00,46.718012557359096
,2015-03-21 18:00,0.0
,2015-03-21 19:00,0.0
,2015-03-21 20:00,0.0
,2015-03-21 21:00,0.0
,2015-03-21 22:00,0.0
,2015-03-21 23:00,0.0
,2015-03-22 00:00,0.0
,2015-03-22 01:00,0.0
,2015-03-22 02:00,0.0
,2015-03-22 03:00,0.0
,2015-03-22 04:00,0.0
,2015-03-22 05:00,0.0
,2015-03-22 06:00,36.3061396960872
,2015-03-22 07:00,234.39042136107875
,2015-03-22 08:00,454.9081236790553
,2015-03-22 09:00,647.1342926753898
,2015-03-22 10:00,788.1685855712617
,2015-03-22 11:00,864.7249315628055
,2015-03-22 12:00,869.5809329410934
,2015-03-22 13:00,802.232569099369
,2015-03-22 14:00,668.6486127921675
,2015-03-22 15:00,480.4964773152301
,2015-03-22 16:00,259.4674124232229
,2015-03-22 17:00,49.86519246174708
,2015-03-22 18:00,0.0
,2015-03-22 19:00,0.0
,2015-03-22 20:00,0.0
,2015-03-22 21:00,0.0
,2015-03-22 22:00,0.0
,2015-03-22 23:00,0.0
,2015-03-23 00:00,0.0
,2015-03-23 01:00,0.0
,2015-03-23 02:00,0.0
,2015-03-23 03:00,0.0
,2015-03-23 04:00,0.0
,2015-03-23 05:00,0.0
,2015-03-23 06:00,39.035661642599486
,2015-03-23 07:00,238.44706457560122
,2015-03-23 08:00,459.201749442611
,2015-03-23 09:00,650.8126342281522
,2015-03-23 10:00,791.7709068673684
,2015-03-23 11:00,868.0108760507974
,2015-03-23 12:00,872.7469492105544
,2015-03-23 13:00,805.5146012786549
,2015-03-23 14:00,671.6835294939727
,2015-03-23 15:00,484.84322407928744
,2015-03-23 16:00,263.87137918516424
,2015-03-23 17:00,53.18186846497851
,2015-03-23 18:00,0.0
,2015-03-23 19:00,0.0
,2015-03-23 20:00,0.0
,2015-03-23 21:00,0.0
,2015-03-23 22:00,0.0
,2015-03-23 23:00,0.0
,2015-03-24 00:00,0.0
,2015-03-24 01:00,0.0
,2015-03-24 02:00,0.0
,2015-03-24 03:00,0.0
,2015-03-24 04:00,0.0
,2015-03-24 05:00,0.0
,2015-03-24 06:00,41.87923930111188
,2015-03-24 07:00,242.50558808938717
,2015-03-24 08:00,463.0056594263688
,2015-03-24 09:00,654.6180637048315
,2015-03-24 10:00,795.3969443053556
,2015-03-24 11:00,871.6426988695293
,2015-03-24 12:00,877.4768856104126
,2015-03-24 13:00,810.0921681197603
,2015-03-24 14:00,676.6403954586716
,2015-03-24 15:00,489.4653631983724
,2015-03-24 16:00,268.462798081396
,2015-03-24 17:00,56.514687398903554
,2015-03-24 18:00,0.0
,2015-03-24 19:00,0.0
,2015-03-24 20:00,0.0
,2015-03-24 21:00,0.0
,2015-03-24 22:00,0.0
,2015-03-24 23:00,0.0
,2015-03-25 00:00,0.0
,2015-03-25 01:00,0.0
,2015-03-25 02:00,0.0
,2015-03-25 03:00,0.0
,2015-03-25 04:00,0.0
,2015-03-25 05:00,0.0
,2015-03-25 06:00,44.66065740352846
,2015-03-25 07:00,246.29897791887956
,2015-03-25 08:00,466.9801100669698
,2015-03-25 09:00,658.7770205797822
,2015-03-25 10:00,799.1527781864054
,2015-03-25 11:00,874.7211025478972
,2015-03-25 12:00,879.0003069151567
,2015-03-25 13:00,812.5350241576612
,2015-03-25 14:00,678.7442071788291
,2015-03-25 15:00,491.2463916549797
,2015-03-25 16:00,271.4084528103384
,2015-03-25 17:00,59.616433164036046
,2015-03-25 18:00,0.0
,2015-03-25 19:00,0.0
,2015-03-25 20:00,0.0
,2015-03-25 21:00,0.0
,2015-03-25 22:00,0.0
,2015-03-25 23:00,0.0
,2015-03-26 00:00,0.0
,2015-03-26 01:00,0.0
,2015-03-26 02:00,0.0
,2015-03-26 03:00,0.0
,2015-03-26 04:00,0.0
,2015-03-26 05:00,0.0
,2015-03-26 06:00,47.62075126808754
,2015-03-26 07:00,250.6910986510946
,2015-03-26 08:00,471.42803219120304
,2015-03-26 09:00,663.0146663651426
,2015-03-26 10:00,802.9633987839676
,2015-03-26 11:00,878.6233408203022
,2015-03-26 12:00,883.1405541063979
,2015-03-26 13:00,816.587781302221
,2015-03-26 14:00,683.7899982706839
,2015-03-26 15:00,497.0516653283086
,2015-03-26 16:00,276.47198444700285
,2015-03-26 17:00,63.15323993007188
,2015-03-26 18:00,0.0
,2015-03-26 19:00,0.0
,2015-03-26 20:00,0.0
,2015-03-26 21:00,0.0
,2015-03-26 22:00,0.0
,2015-03-26 23:00,0.0
,2015-03-27 00:00,0.0
,2015-03-27 01:00,0.0
,2015-03-27 02:00,0.0
,2015-03-27 03:00,0.0
,2015-03-27 04:00,0.0
,2015-03-27 05:00,0.0
,2015-03-27 06:00,50.64891926021402
,2015-03-27 07:00,255.12108302035006
,2015-03-27 08:00,476.3148143087233
,2015-03-27 09:00,668.3974339321217
,2015-03-27 10:00,809.2926278550195
,2015-03-27 11:00,885.4031254869103
,2015-03-27 12:00,889.8416666840478
,2015-03-27 13:00,822.854428984792
,2015-03-27 14:00,689.7232758333377
,2015-03-27 15:00,502.70916256430985
,2015-03-27 16:00,281.74706908962463
,2015-03-27 17:00,66.80226636631522
,2015-03-27 18:00,0.0
,2015-03-27 19:00,0.0
,2015-03-27 20:00,0.0
,2015-03-27 21:00,0.0
,2015-03-27 22:00,0.0
,2015-03-27 23:00,0.0
,2015-03-28 00:00,0.0
,2015-03-28 01:00,0.0
,2015-03-28 02:00,0.0
,2015-03-28 03:00,0.0
,2015-03-28 04:00,0.0
,2015-03-28 05:00,0.0
,2015-03-28 06:00,53.86933266329515
,2015-03-28 07:00,260.0924347208904
,2015-03-28 08:00,482.1011368812301
,2015-03-28 09:00,674.2744165929381
,2015-03-28 10:00,814.8856326167178
,2015-03-28 11:00,890.5562766746807
,2015-03-28 12:00,895.3443571741984
,2015-03-28 13:00,828.6002682088717
,2015-03-28 14:00,695.2801602371924
,2015-03-28 15:00,508.0060266351125
,2015-03-28 16:00,286.3918295300111
,2015-03-28 17:00,70.33193551344539
,2015-03-28 18:00,0.0
,2015-03-28 19:00,0.0
,2015-03-28 20:00,0.0
,2015-03-28 21:00,0.0
,2015-03-28 22:00,0.0
,2015-03-28 23:00,0.0
,2015-03-29 00:00,0.0
,2015-03-29 01:00,0.0
,2015-03-29 02:00,0.0
,2015-03-29 03:00,0.0
,2015-03-29 04:00,0.0
,2015-03-29 05:00,0.0
,2015-03-29 06:00,57.026302940656976
,2015-03-29 07:00,264.3274486619979
,2015-03-29 08:00,486.0018384152198
,2015-03-29 09:00,677.81008210678
,2015-03-29 10:00,817.4790494464204
,2015-03-29 11:00,893.6854110388128
,2015-03-29 12:00,897.7007250595071
,2015-03-29 13:00,830.627780994618
,2015-03-29 14:00,697.8620333633369
,2015-03-29 15:00,510.91676915831476
,2015-03-29 16:00,289.7883702323911
,2015-03-29 17:00,73.61461808019465
,2015-03-29 18:00,0.0
,2015-03-29 19:00,0.0
,2015-03-29 20:00,0.0
,2015-03-29 21:00,0.0
,2015-03-29 22:00,0.0
,2015-03-29 23:00,0.0
,2015-03-30 00:00,0.0
,2015-03-30 01:00,0.0
,2015-03-30 02:00,0.0
,2015-03-30 03:00,0.0
,2015-03-30 04:00,0.0
,2015-03-30 05:00,0.0
,2015-03-30 06:00,59.96848284051392
,2015-03-30 07:00,268.0983735208094
,2015-03-30 08:00,489.9015244606598
,2015-03-30 09:00,681.4116264203662
,2015-03-30 10:00,820.3327042211382
,2015-03-30 11:00,894.6405056250305
,2015-03-30 12:00,899.5683591021407
,2015-03-30 13:00,831.9436427069099
,2015-03-30 14:00,700.110918934249
,2015-03-30 15:00,513.6861892702723
,2015-03-30 16:00,293.5540649200609
,2015-03-30 17:00,77.01259286362036
,2015-03-30 18:00,0.0
,2015-03-30 19:00,0.0
,2015-03-30 20:00,0.0
,2015-03-30 21:00,0.0
,2015-03-30 22:00,0.0
,2015-03-30 23:00,0.0
,2015-03-31 00:00,0.0
,2015-03-31 01:00,0.0
,2015-03-31 02:00,0.0
,2015-03-31 03:00,0.0
,2015-03-31 04:00,0.0
,2015-03-31 05:00,0.0
,2015-03-31 06:00,62.82919043019898
,2015-03-31 07:00,270.70793315255406
,2015-03-31 08:00,490.72055959138186
,2015-03-31 09:00,681.2738203277862
,2015-03-31 10:00,820.1890106050306
,2015-03-31 11:00,895.3558537603558
,2015-03-31 12:00,899.6542919428667
,2015-03-31 13:00,833.5563171196927
,2015-03-31 14:00,701.7968785283534
,2015-03-31 15:00,516.0503383433427
,2015-03-31 16:00,296.0812167875988
,2015-03-31 17:00,80.07839841469132
,2015-03-31 18:00,0.0
,2015-03-31 19:00,0.0
,2015-03-31 20:00,0.0
,2015-03-31 21:00,0.0
,2015-03-31 22:00,0.0
,2015-03-31 23:00,0.0
,2015-04-01 00:00,0.0
,2015-04-01 01:00,0.0
,2015-04-01 02:00,0.0
,2015-04-01 03:00,0.0
,2015-04-01 04:00,0.0
,2015-04-01 05:00,0.0
,2015-04-01 06:00,66.31686985922086
,2015-04-01 07:00,276.01687945277445
,2015-04-01 08:00,497.098010806269
,2015-04-01 09:00,688.1571069337986
,2015-04-01 10:00,828.6966117212005
,2015-04-01 11:00,904.1108822523119
,2015-04-01 12:00,908.2944514461351
,2015-04-01 13:00,842.0068918754979
,2015-04-01 14:00,709.6863740846721
,2015-04-01 15:00,523.6170600914646
,2015-04-01 16:00,302.71657320472895
,2015-04-01 17:00,84.27473872323742
,2015-04-01 18:00,0.0
,2015-04-01 19:00,0.0
,2015-04-01 20:00,0.0
,2015-04-01 21:00,0.0
,2015-04-01 22:00,0.0
,2015-04-01 23:00,0.0
,2015-04-02 00:00,0.0
,2015-04-02 01:00,0.0
,2015-04-02 02:00,0.0
,2015-04-02 03:00,0.0
,2015-04-02 04:00,0.0
,2015-04-02 05:00,0.0
,2015-04-02 06:00,69.96078539289655
,2015-04-02 07:00,281.8771854250454
,2015-04-02 08:00,504.8675977585669
,2015-04-02 09:00,696.6708294968524
,2015-04-02 10:00,836.9685421348587
,2015-04-02 11:00,913.2493889281036
,2015-04-02 12:00,917.871837378421
,2015-04-02 13:00,850.751791984824
,2015-04-02 14:00,718.1057849498018
,2015-04-02 15:00,530.4100521161135
,2015-04-02 16:00,308.4684067478413
,2015-04-02 17:00,88.24635804432712
,2015-04-02 18:00,0.0
,2015-04-02 19:00,0.0
,2015-04-02 20:00,0.0
,2015-04-02 21:00,0.0
,2015-04-02 22:00,0.0
,2015-04-02 23:00,0.0
,2015-04-03 00:00,0.0
,2015-04-03 01:00,0.0
,2015-04-03 02:00,0.0
,2015-04-03 03:00,0.0
,2015-04-03 04:00,0.0
,2015-04-03 05:00,0.0
,2015-04-03 06:00,73.066076493117
,2015-04-03 07:00,285.30370791576917
,2015-04-03 08:00,507.69134532106045
,2015-04-03 09:00,700.1695092636032
,2015-04-03 10:00,842.1030876020058
,2015-04-03 11:00,919.2480174749486
,2015-04-03 12:00,924.079882344102
,2015-04-03 13:00,857.8981526363016
,2015-04-03 14:00,724.1936147512747
,2015-04-03 15:00,535.8912546586688
,2015-04-03 16:00,313.4944895830089
,2015-04-03 17:00,92.09685600112644
,2015-04-03 18:00,0.0
,2015-04-03 19:00,0.0
,2015-04-03 20:00,0.0
,2015-04-03 21:00,0.0
,2015-04-03 22:00,0.0
,2015-04-03 23:00,0.0
,2015-04-04 00:00,0.0
,2015-04-04 01:00,0.0
,2015-04-04 02:00,0.0
,2015-04-04 03:00,0.0
,2015-04-04 04:00,0.0
,2015-04-04 05:00,0.0
,2015-04-04 06:00,76.63417031982293
,2015-04-04 07:00,290.9539338930103
,2015-04-04 08:00,513.9071500510485
,2015-04-04 09:00,706.4980756221553
,2015-04-04 10:00,847.6260542394336
,2015-04-04 11:00,923.5863231819744
,2015-04-04 12:00,928.7186590258887
,2015-04-04 13:00,861.5016915032379
,2015-04-04 14:00,728.7663037684003
,2015-04-04 15:00,541.5248987126416
,2015-04-04 16:00,318.543567552849
,2015-04-04 17:00,95.94294483728216
,2015-04-04 18:00,0.0
,2015-04-04 19:00,0.0
,2015-04-04 20:00,0.0
,2015-04-04 21:00,0.0
,2015-04-04 22:00,0.0
,2015-04-04 23:00,0.0
,2015-04-05 00:00,0.0
,2015-04-05 01:00,0.0
,2015-04-05 02:00,0.0
,2015-04-05 03:00,0.0
,2015-04-05 04:00,0.0
,2015-04-05 05:00,0.0
,2015-04-05 06:00,79.88152197988022
,2015-04-05 07:00,294.97435137319803
,2015-04-05 08:00,518.2382302205342
,2015-04-05 09:00,710.216607070451
,2015-04-05 10:00,849.391761809042
,2015-04-05 11:00,924.4762014355929
,2015-04-05 12:00,927.9486647582233
,2015-04-05 13:00,862.2145344935016
,2015-04-05 14:00,731.9016685313094
,2015-04-05 15:00,543.7583663111226
,2015-04-05 16:00,321.4520830943214
,2015-04-05 17:00,99.28218800705972
,2015-04-05 18:00,0.0
,2015-04-05 19:00,0.0
,2015-04-05 20:00,0.0
,2015-04-05 21:00,0.0
,2015-04-05 22:00,0.0
,2015-04-05 23:00,0.0
,2015-04-06 00:00,0.0
,2015-04-06 01:00,0.0
,2015-04-06 02:00,0.0
,2015-04-06 03:00,0.0
,2015-04-06 04:00,0.0
,2015-04-06 05:00,0.0
,2015-04-06 06:00,83.39401936182963
,2015-04-06 07:00,299.83395861572615
,2015-04-06 08:00,523.7785326204282
,2015-04-06 09:00,716.7845065210585
,2015-04-06 10:00,857.9312237366718
,2015-04-06 11:00,935.051170637319
,2015-04-06 12:00,940.048656256806
,2015-04-06 13:00,872.817531718635
,2015-04-06 14:00,738.8239014425046
,2015-04-06 15:00,551.4701139748684
,2015-04-06 16:00,327.55026251262336
,2015-04-06 17:00,103.41076382609809
,2015-04-06 18:00,0.0
,2015-04-06 19:00,0.0
,2015-04-06 20:00,0.0
,2015-04-06 21:00,0.0
,2015-04-06 22:00,0.0
,2015-04-06 23:00,0.0
,2015-04-07 00:00,0.0
,2015-04-07 01:00,0.0
,2015-04-07 02:00,0.0
,2015-04-07 03:00,0.0
,2015-04-07 04:00,0.0
,2015-04-07 05:00,0.0
,2015-04-07 06:00,86.91406822251369
,2015-04-07 07:00,304.1049367625732
,2015-04-07 08:00,528.3550224590306
,2015-04-07 09:00,721.2286070468688
,2015-04-07 10:00,862.6608260958441
,2015-04-07 11:00,939.7430242122902
,2015-04-07 12:00,945.1724941974023
,2015-04-07 13:00,877.2530901818019
,2015-04-07 14:00,746.0644416128642
,2015-04-07 15:00,556.7694503086996
,2015-04-07 16:00,332.4689123796056
,2015-04-07 17:00,107.4254533208075
,2015-04-07 18:00,0.0
,2015-04-07 19:00,0.0
,2015-04-07 20:00,0.0
,2015-04-07 21:00,0.0
,2015-04-07 22:00,0.0
,2015-04-07 23:00,0.0
,2015-04-08 00:00,0.0
,2015-04-08 01:00,0.0
,2015-04-08 02:00,0.0
,2015-04-08 03:00,0.0
,2015-04-08 04:00,0.0
,2015-04-08 05:00,0.0
,2015-04-08 06:00,90.20852473096673
,2015-04-08 07:00,308.02725510186707
,2015-04-08 08:00,532.57277348873
,2015-04-08 09:00,725.5614587833198
,2015-04-08 10:00,866.172806365279
,2015-04-08 11:00,941.8983613745258
,2015-04-08 12:00,946.4096140655038
,2015-04-08 13:00,878.698564596278
,2015-04-08 14:00,745.8777189308471
,2015-04-08 15:00,558.1359829388152
,2015-04-08 16:00,335.14221447406175
,2015-04-08 17:00,110.50974081987056
,2015-04-08 18:00,0.0
,2015-04-08 19:00,0.0
,2015-04-08 20:00,0.0
,2015-04-08 21:00,0.0
,2015-04-08 22:00,0.0
,2015-04-08 23:00,0.0
,2015-04-09 00:00,0.0
,2015-04-09 01:00,0.0
,2015-04-09 02:00,0.0
,2015-04-09 03:00,0.0
,2015-04-09 04:00,0.0
,2015-04-09 05:00,0.0
,2015-04-09 06:00,93.28038684062456
,2015-04-09 07:00,311.3123450246851
,2015-04-09 08:00,534.6001611696354
,2015-04-09 09:00,727.4600817674713
,2015-04-09 10:00,867.7618927235538
,2015-04-09 11:00,943.0529197387967
,2015-04-09 12:00,948.0255361301283
,2015-04-09 13:00,880.7313969442315
,2015-04-09 14:00,747.912964696485
,2015-04-09 15:00,560.551341073148
,2015-04-09 16:00,338.1794535881604
,2015-04-09 17:00,113.70358811089459
,2015-04-09 18:00,0.0
,2015-04-09 19:00,0.0
,2015-04-09 20:00,0.0
,2015-04-09 21:00,0.0
,2015-04-09 22:00,0.0
,2015-04-09 23:00,0.0
,2015-04-10 00:00,0.0
,2015-04-10 01:00,0.0
,2015-04-10 02:00,0.0
,2015-04-10 03:00,0.0
,2015-04-10 04:00,0.0
,2015-04-10 05:00,0.0
,2015-04-10 06:00,96.38617686875952
,2015-04-10 07:00,313.71633601355967
,2015-04-10 08:00,536.6170223320823
,2015-04-10 09:00,727.7938137047973
,2015-04-10 10:00,867.7833748643454
,2015-04-10 11:00,943.2780282052887
,2015-04-10 12:00,947.9951648414988
,2015-04-10 13:00,881.2849722268228
,2015-04-10 14:00,748.8242713526099
,2015-04-10 15:00,562.5440619831277
,2015-04-10 16:00,340.9171659884327
,2015-04-10 17:00,116.94098465691361
,2015-04-10 18:00,0.0
,2015-04-10 19:00,0.0
,2015-04-10 20:00,0.0
,2015-04-10 21:00,0.0
,2015-04-10 22:00,0.0
,2015-04-10 23:00,0.0
,2015-04-11 00:00,0.0
,2015-04-11 01:00,0.0
,2015-04-11 02:00,0.0
,2015-04-11 03:00,0.0
,2015-04-11 04:00,0.0
,2015-04-11 05:00,0.0
,2015-04-11 06:00,99.44539058164209
,2015-04-11 07:00,316.96413904395257
,2015-04-11 08:00,539.7558442502714
,2015-04-11 09:00,730.7441672432745
,2015-04-11 10:00,870.7261897985719
,2015-04-11 11:00,945.287637818382
,2015-04-11 12:00,949.97156036405
,2015-04-11 13:00,883.7337507411519
,2015-04-11 14:00,751.5366477153625
,2015-04-11 15:00,566.0137987164101
,2015-04-11 16:00,344.87911559772033
,2015-04-11 17:00,120.52246093744859
,2015-04-11 18:00,0.0
,2015-04-11 19:00,0.0
,2015-04-11 20:00,0.0
,2015-04-11 21:00,0.0
,2015-04-11 22:00,0.0
,2015-04-11 23:00,0.0
,2015-04-12 00:00,0.0
,2015-04-12 01:00,0.0
,2015-04-12 02:00,0.0
,2015-04-12 03:00,0.0
,2015-04-12 04:00,0.0
,2015-04-12 05:00,0.0
,2015-04-12 06:00,102.60238650768632
,2015-04-12 07:00,321.23796368930203
,2015-04-12 08:00,543.6342387156519
,2015-04-12 09:00,734.8791323832033
,2015-04-12 10:00,874.2418097979311
,2015-04-12 11:00,949.1327143053143
,2015-04-12 12:00,954.2352368296483
,2015-04-12 13:00,887.7840411397297
,2015-04-12 14:00,756.2774575290476
,2015-04-12 15:00,570.1635925025582
,2015-04-12 16:00,348.5257815901683
,2015-04-12 17:00,123.95942015978945
,2015-04-12 18:00,0.0
,2015-04-12 19:00,0.0
,2015-04-12 20:00,0.0
,2015-04-12 21:00,0.0
,2015-04-12 22:00,0.0
,2015-04-12 23:00,0.0
,2015-04-13 00:00,0.0
,2015-04-13 01:00,0.0
,2015-04-13 02:00,0.0
,2015-04-13 03:00,0.0
,2015-04-13 04:00,0.0
,2015-04-13 05:00,0.0
,2015-04-13 06:00,105.96145300897956
,2015-04-13 07:00,324.5954402616941
,2015-04-13 08:00,546.5969054776832
,2015-04-13 09:00,736.0869371150072
,2015-04-13 10:00,875.9446960667274
,2015-04-13 11:00,950.8178242339304
,2015-04-13 12:00,955.6703985785167
,2015-04-13 13:00,889.4821855320477
,2015-04-13 14:00,757.6134689837309
,2015-04-13 15:00,572.2261438449564
,2015-04-13 16:00,351.7760835965719
,2015-04-13 17:00,127.13674912674504
,2015-04-13 18:00,0.0
,2015-04-13 19:00,0.0
,2015-04-13 20:00,0.0
,2015-04-13 21:00,0.0
,2015-04-13 22:00,0.0
,2015-04-13 23:00,0.0
,2015-04-14 00:00,0.0
,2015-04-14 01:00,0.0
,2015-04-14 02:00,0.0
,2015-04-14 03:00,0.0
,2015-04-14 04:00,0.0
,2015-04-14 05:00,0.0
,2015-04-14 06:00,108.95671262489586
,2015-04-14 07:00,327.39466142177156
,2015-04-14 08:00,548.76843804285
,2015-04-14 09:00,739.4383062330492
,2015-04-14 10:00,877.7412175877106
,2015-04-14 11:00,953.1902981484902
,2015-04-14 12:00,958.5231609324924
,2015-04-14 13:00,892.2437971244435
,2015-04-14 14:00,761.0206547140292
,2015-04-14 15:00,575.8594973177923
,2015-04-14 16:00,355.1512318063171
,2015-04-14 17:00,130.52894010233146
,2015-04-14 18:00,0.0
,2015-04-14 19:00,0.0
,2015-04-14 20:00,0.0
,2015-04-14 21:00,0.0
,2015-04-14 22:00,0.0
,2015-04-14 23:00,0.0
,2015-04-15 00:00,0.0
,2015-04-15 01:00,0.0
,2015-04-15 02:00,0.0
,2015-04-15 03:00,0.0
,2015-04-15 04:00,0.0
,2015-04-15 05:00,0.0
,2015-04-15 06:00,112.29928827160917
,2015-04-15 07:00,331.81679971146286
,2015-04-15 08:00,553.3570213543823
,2015-04-15 09:00,743.1687690394274
,2015-04-15 10:00,883.2747528053901
,2015-04-15 11:00,958.0585970916748
,2015-04-15 12:00,962.996885673329
,2015-04-15 13:00,896.8819202524791
,2015-04-15 14:00,765.3199453418558
,2015-04-15 15:00,580.0151364722317
,2015-04-15 16:00,359.3393751680626
,2015-04-15 17:00,134.26037572840036
,2015-04-15 18:00,0.0
,2015-04-15 19:00,0.0
,2015-04-15 20:00,0.0
,2015-04-15 21:00,0.0
,2015-04-15 22:00,0.0
,2015-04-15 23:00,0.0
,2015-04-16 00:00,0.0
,2015-04-16 01:00,0.0
,2015-04-16 02:00,0.0
,2015-04-16 03:00,0.0
,2015-04-16 04:00,0.0
,2015-04-16 05:00,0.0
,2015-04-16 06:00,115.38198073843598
,2015-04-16 07:00,334.5226869028701
,2015-04-16 08:00,555.9938756022934
,2015-04-16 09:00,744.8674538288443
,2015-04-16 10:00,883.8703816063647
,2015-04-16 11:00,958.4949590729157
,2015-04-16 12:00,963.8856242008602
,2015-04-16 13:00,897.9639219828622
,2015-04-16 14:00,767.2029877138389
,2015-04-16 15:00,582.7879808231764
,2015-04-16 16:00,362.9127994558038
,2015-04-16 17:00,137.67421881378692
,2015-04-16 18:00,0.0
,2015-04-16 19:00,0.0
,2015-04-16 20:00,0.0
,2015-04-16 21:00,0.0
,2015-04-16 22:00,0.0
,2015-04-16 23:00,0.0
,2015-04-17 00:00,0.0
,2015-04-17 01:00,0.0
,2015-04-17 02:00,0.0
,2015-04-17 03:00,0.0
,2015-04-17 04:00,0.0
,2015-04-17 05:00,0.0
,2015-04-17 06:00,118.90511277756603
,2015-04-17 07:00,338.74295406760496
,2015-04-17 08:00,560.2428993547269
,2015-04-17 09:00,749.5720279293314
,2015-04-17 10:00,887.9861825054734
,2015-04-17 11:00,962.6331680081793
,2015-04-17 12:00,967.3069047724416
,2015-04-17 13:00,901.462307790386
,2015-04-17 14:00,770.5791132968229
,2015-04-17 15:00,586.3856870040697
,2015-04-17 16:00,366.4973541286392
,2015-04-17 17:00,141.13076646982813
,2015-04-17 18:00,0.0
,2015-04-17 19:00,0.0
,2015-04-17 20:00,0.0
,2015-04-17 21:00,0.0
,2015-04-17 22:00,0.0
,2015-04-17 23:00,0.0
,2015-04-18 00:00,0.0
,2015-04-18 01:00,0.0
,2015-04-18 02:00,0.0
,2015-04-18 03:00,0.0
,2015-04-18 04:00,0.0
,2015-04-18 05:00,0.0
,2015-04-18 06:00,121.83276733233885
,2015-04-18 07:00,342.1223269966989
,2015-04-18 08:00,563.7789979636242
,2015-04-18 09:00,752.9170899908266
,2015-04-18 10:00,890.1139349618862
,2015-04-18 11:00,964.7696786111386
,2015-04-18 12:00,969.1345852659916
,2015-04-18 13:00,902.7382686759869
,2015-04-18 14:00,772.5501327544894
,2015-04-18 15:00,589.0629709337223
,2015-04-18 16:00,369.04948746028083
,2015-04-18 17:00,144.13653387910176
,2015-04-18 18:00,0.0
,2015-04-18 19:00,0.0
,2015-04-18 20:00,0.0
,2015-04-18 21:00,0.0
,2015-04-18 22:00,0.0
,2015-04-18 23:00,0.0
,2015-04-19 00:00,0.0
,2015-04-19 01:00,0.0
,2015-04-19 02:00,0.0
,2015-04-19 03:00,0.0
,2015-04-19 04:00,0.0
,2015-04-19 05:00,0.0
,2015-04-19 06:00,125.8320055416206
,2015-04-19 07:00,348.14172806561913
,2015-04-19 08:00,570.9276587484685
,2015-04-19 09:00,761.543762359534
,2015-04-19 10:00,900.6567558399162
,2015-04-19 11:00,976.5615922168178
,2015-04-19 12:00,980.8872549799241
,2015-04-19 13:00,915.2590202436818
,2015-04-19 14:00,784.2147992529253
,2015-04-19 15:00,598.4254780906147
,2015-04-19 16:00,376.706998943815
,2015-04-19 17:00,148.94973912585468
,2015-04-19 18:00,0.0
,2015-04-19 19:00,0.0
,2015-04-19 20:00,0.0
,2015-04-19 21:00,0.0
,2015-04-19 22:00,0.0
,2015-04-19 23:00,0.0
,2015-04-20 00:00,0.0
,2015-04-20 01:00,0.0
,2015-04-20 02:00,0.0
,2015-04-20 03:00,0.0
,2015-04-20 04:00,0.0
,2015-04-20 05:00,0.0
,2015-04-20 06:00,129.20358404099707
,2015-04-20 07:00,351.3891153489656
,2015-04-20 08:00,573.8255329642154
,2015-04-20 09:00,762.2487634518618
,2015-04-20 10:00,900.5046581223057
,2015-04-20 11:00,976.0242328495576
,2015-04-20 12:00,980.8470714776189
,2015-04-20 13:00,914.8698646633634
,2015-04-20 14:00,784.0619546462946
,2015-04-20 15:00,599.4443460170166
,2015-04-20 16:00,378.52024065703534
,2015-04-20 17:00,151.85719986944426
,2015-04-20 18:00,0.0
,2015-04-20 19:00,0.0
,2015-04-20 20:00,0.0
,2015-04-20 21:00,0.0
,2015-04-20 22:00,0.0
,2015-04-20 23:00,0.0
,2015-04-21 00:00,0.0
,2015-04-21 01:00,0.0
,2015-04-21 02:00,0.0
,2015-04-21 03:00,0.0
,2015-04-21 04:00,0.0
,2015-04-21 05:00,0.0
,2015-04-21 06:00,132.0953853119616
,2015-04-21 07:00,354.1622164258631
,2015-04-21 08:00,575.4176039727693
,2015-04-21 09:00,764.5212010873585
,2015-04-21 10:00,902.665203205011
,2015-04-21 11:00,976.701670213906
,2015-04-21 12:00,981.86358481061
,2015-04-21 13:00,916.3670659166833
,2015-04-21 14:00,785.8949533159771
,2015-04-21 15:00,601.4677246291886
,2015-04-21 16:00,381.49113229932306
,2015-04-21 17:00,155.06227541354974
,2015-04-21 18:00,0.0
,2015-04-21 19:00,0.0
,2015-04-21 20:00,0.0
,2015-04-21 21:00,0.0
,2015-04-21 22:00,0.0
,2015-04-21 23:00,0.0
,2015-04-22 00:00,0.0
,2015-04-22 01:00,0.0
,2015-04-22 02:00,0.0
,2015-04-22 03:00,0.0
,2015-04-22 04:00,0.0
,2015-04-22 05:00,0.0
,2015-04-22 06:00,134.7560424702716
,2015-04-22 07:00,356.44047681600955
,2015-04-22 08:00,576.8862044167947
,2015-04-22 09:00,765.6805871818209
,2015-04-22 10:00,903.3019479268803
,2015-04-22 11:00,976.960690233265
,2015-04-22 12:00,982.0214498631536
,2015-04-22 13:00,915.9103786919102
,2015-04-22 14:00,786.187283676081
,2015-04-22 15:00,602.7954958572307
,2015-04-22 16:00,383.70912454425064
,2015-04-22 17:00,157.72585077257156
,2015-04-22 18:00,0.0
,2015-04-22 19:00,0.0
,2015-04-22 20:00,0.0
,2015-04-22 21:00,0.0
,2015-04-22 22:00,0.0
,2015-04-22 23:00,0.0
,2015-04-23 00:00,0.0
,2015-04-23 01:00,0.0
,2015-04-23 02:00,0.0
,2015-04-23 03:00,0.0
,2015-04-23 04:00,0.0
,2015-04-23 05:00,0.0
,2015-04-23 06:00,137.62960049201783
,2015-04-23 07:00,359.1418484510664
,2015-04-23 08:00,579.3801247162435
,2015-04-23 09:00,768.2168991131444
,2015-04-23 10:00,906.1813830223385
,2015-04-23 11:00,980.6302316026947
,2015-04-23 12:00,984.682942928943
,2015-04-23 13:00,918.5419538556685
,2015-04-23 14:00,789.8317158429553
,2015-04-23 15:00,606.0606820044474
,2015-04-23 16:00,387.3126083820158
,2015-04-23 17:00,161.16754828249086
,2015-04-23 18:00,4.400656733006392
,2015-04-23 19:00,0.0
,2015-04-23 20:00,0.0
,2015-04-23 21:00,0.0
,2015-04-23 22:00,0.0
,2015-04-23 23:00,0.0
,2015-04-24 00:00,0.0
,2015-04-24 01:00,0.0
,2015-04-24 02:00,0.0
,2015-04-24 03:00,0.0
,2015-04-24 04:00,0.0
,2015-04-24 05:00,0.0
,2015-04-24 06:00,141.07362535550385
,2015-04-24 07:00,363.2598513910047
,2015-04-24 08:00,583.3978035745712
,2015-04-24 09:00,772.9250654785169
,2015-04-24 10:00,911.2669226253978
,2015-04-24 11:00,984.1110764756098
,2015-04-24 12:00,988.8267392961661
,2015-04-24 13:00,924.123182155498
,2015-04-24 14:00,794.3698603043862
,2015-04-24 15:00,610.4836582692581
,2015-04-24 16:00,391.42726220104015
,2015-04-24 17:00,164.96795307233052
,2015-04-24 18:00,5.282937607218652
,2015-04-24 19:00,0.0
,2015-04-24 20:00,0.0
,2015-04-24 21:00,0.0
,2015-04-24 22:00,0.0
,2015-04-24 23:00,0.0
,2015-04-25 00:00,0.0
,2015-04-25 01:00,0.0
,2015-04-25 02:00,0.0
,2015-04-25 03:00,0.0
,2015-04-25 04:00,0.0
,2015-04-25 05:00,0.0
,2015-04-25 06:00,144.3341881511456
,2015-04-25 07:00,366.6777310168695
,2015-04-25 08:00,586.8337937609433
,2015-04-25 09:00,775.9177476141766
,2015-04-25 10:00,913.4024134083991
,2015-04-25 11:00,987.1799877826587
,2015-04-25 12:00,991.3527665316199
,2015-04-25 13:00,925.8400905827217
,2015-04-25 14:00,796.0525339588668
,2015-04-25 15:00,612.9759223967721
,2015-04-25 16:00,394.15719082040215
,2015-04-25 17:00,167.84501321559617
,2015-04-25 18:00,6.215830744864846
,2015-04-25 19:00,0.0
,2015-04-25 20:00,0.0
,2015-04-25 21:00,0.0
,2015-04-25 22:00,0.0
,2015-04-25 23:00,0.0
,2015-04-26 00:00,0.0
,2015-04-26 01:00,0.0
,2015-04-26 02:00,0.0
,2015-04-26 03:00,0.0
,2015-04-26 04:00,0.0
,2015-04-26 05:00,0.0
,2015-04-26 06:00,146.73917352328644
,2015-04-26 07:00,368.95031692531745
,2015-04-26 08:00,588.0480434955987
,2015-04-26 09:00,775.4353031913182
,2015-04-26 10:00,912.4665657839284
,2015-04-26 11:00,986.5668153920396
,2015-04-26 12:00,991.3695342492357
,2015-04-26 13:00,926.8307100071469
,2015-04-26 14:00,797.4311083467323
,2015-04-26 15:00,615.9909160169434
,2015-04-26 16:00,397.4612806001417
,2015-04-26 17:00,170.81336531077716
,2015-04-26 18:00,7.240216448678006
,2015-04-26 19:00,0.0
,2015-04-26 20:00,0.0
,2015-04-26 21:00,0.0
,2015-04-26 22:00,0.0
,2015-04-26 23:00,0.0
,2015-04-27 00:00,0.0
,2015-04-27 01:00,0.0
,2015-04-27 02:00,0.0
,2015-04-27 03:00,0.0
,2015-04-27 04:00,0.0
,2015-04-27 05:00,1.0067231278607696
,2015-04-27 06:00,149.94336868377712
,2015-04-27 07:00,372.94690295112025
,2015-04-27 08:00,592.8299015129813
,2015-04-27 09:00,780.1421931590785
,2015-04-27 10:00,917.4361487068977
,2015-04-27 11:00,991.7690388861554
,2015-04-27 12:00,996.4888565153755
,2015-04-27 13:00,932.5377238291425
,2015-04-27 14:00,803.2114909324946
,2015-04-27 15:00,620.2794752201584
,2015-04-27 16:00,401.4545441202586
,2015-04-27 17:00,174.45390032950783
,2015-04-27 18:00,0.0
,2015-04-27 19:00,0.0
,2015-04-27 20:00,0.0
,2015-04-27 21:00,0.0
,2015-04-27 22:00,0.0
,2015-04-27 23:00,0.0
,2015-04-28 00:00,0.0
,2015-04-28 01:00,0.0
,2015-04-28 02:00,0.0
,2015-04-28 03:00,0.0
,2015-04-28 04:00,0.0
,2015-04-28 05:00,1.744447244944546
,2015-04-28 06:00,153.089181597269
,2015-04-28 07:00,375.50062241123146
,2015-04-28 08:00,595.1076147209528
,2015-04-28 09:00,782.4661104262005
,2015-04-28 10:00,920.2216025064411
,2015-04-28 11:00,993.9419703553284
,2015-04-28 12:00,999.0643518584429
,2015-04-28 13:00,933.7518469488383
,2015-04-28 14:00,804.8393037687227
,2015-04-28 15:00,622.7316239889633
,2015-04-28 16:00,404.38141262729454
,2015-04-28 17:00,177.6466648328759
,2015-04-28 18:00,9.566642255435426
,2015-04-28 19:00,0.0
,2015-04-28 20:00,0.0
,2015-04-28 21:00,0.0
,2015-04-28 22:00,0.0
,2015-04-28 23:00,0.0
,2015-04-29 00:00,0.0
,2015-04-29 01:00,0.0
,2015-04-29 02:00,0.0
,2015-04-29 03:00,0.0
,2015-04-29 04:00,0.0
,2015-04-29 05:00,2.5551528344557037
,2015-04-29 06:00,156.21982187309274
,2015-04-29 07:00,379.0966612191158
,2015-04-29 08:00,598.7611719331744
,2015-04-29 09:00,786.4159158438363
,2015-04-29 10:00,922.134201043295
,2015-04-29 11:00,995.2665096780242
,2015-04-29 12:00,999.9252846355391
,2015-04-29 13:00,934.7575456472676
,2015-04-29 14:00,806.0150153112924
,2015-04-29 15:00,624.1053019085203
,2015-04-29 16:00,406.4731786330429
,2015-04-29 17:00,180.09500627947133
,2015-04-29 18:00,10.772713749978788
,2015-04-29 19:00,0.0
,2015-04-29 20:00,0.0
,2015-04-29 21:00,0.0
,2015-04-29 22:00,0.0
,2015-04-29 23:00,0.0
,2015-04-30 00:00,0.0
,2015-04-30 01:00,0.0
,2015-04-30 02:00,0.0
,2015-04-30 03:00,0.0
,2015-04-30 04:00,0.0
,2015-04-30 05:00,0.0
,2015-04-30 06:00,158.87965372218787
,2015-04-30 07:00,380.8898564028786
,2015-04-30 08:00,599.4078729033466
,2015-04-30 09:00,786.9937213047517
,2015-04-30 10:00,923.7045184454373
,2015-04-30 11:00,996.7805496014673
,2015-04-30 12:00,1002.3813649448699
,2015-04-30 13:00,937.2514298101979
,2015-04-30 14:00,809.2972508907211
,2015-04-30 15:00,627.0328235914801
,2015-04-30 16:00,409.3354318933458
,2015-04-30 17:00,182.82817879023924
,2015-04-30 18:00,12.071272304754139
,2015-04-30 19:00,0.0
,2015-04-30 20:00,0.0
,2015-04-30 21:00,0.0
,2015-04-30 22:00,0.0
,2015-04-30 23:00,0.0
,2015-05-01 00:00,0.0
,2015-05-01 01:00,0.0
,2015-05-01 02:00,0.0
,2015-05-01 03:00,0.0
,2015-05-01 04:00,0.0
,2015-05-01 05:00,0.0
,2015-05-01 06:00,162.2823168685143
,2015-05-01 07:00,385.85981764106157
,2015-05-01 08:00,605.2804672915593
,2015-05-01 09:00,792.3759108232156
,2015-05-01 10:00,928.4436494961135
,2015-05-01 11:00,1001.683300328384
,2015-05-01 12:00,1006.0995365676678
,2015-05-01 13:00,941.0844502667774
,2015-05-01 14:00,811.7044807828524
,2015-05-01 15:00,630.4162925924821
,2015-05-01 16:00,413.09432708778564
,2015-05-01 17:00,186.5312200745879
,2015-05-01 18:00,0.0
,2015-05-01 19:00,0.0
,2015-05-01 20:00,0.0
,2015-05-01 21:00,0.0
,2015-05-01 22:00,0.0
,2015-05-01 23:00,0.0
,2015-05-02 00:00,0.0
,2015-05-02 01:00,0.0
,2015-05-02 02:00,0.0
,2015-05-02 03:00,0.0
,2015-05-02 04:00,0.0
,2015-05-02 05:00,5.355670130566372
,2015-05-02 06:00,164.80470986083057
,2015-05-02 07:00,388.6415844544332
,2015-05-02 08:00,608.4366054786877
,2015-05-02 09:00,795.1528284722158
,2015-05-02 10:00,931.2368184838847
,2015-05-02 11:00,1003.5018401099359
,2015-05-02 12:00,1007.3904347843841
,2015-05-02 13:00,941.9611921450103
,2015-05-02 14:00,813.327916859522
,2015-05-02 15:00,633.0442815012851
,2015-05-02 16:00,415.74533917860236
,2015-05-02 17:00,189.23189642235602
,2015-05-02 18:00,14.855054269295488
,2015-05-02 19:00,0.0
,2015-05-02 20:00,0.0
,2015-05-02 21:00,0.0
,2015-05-02 22:00,0.0
,2015-05-02 23:00,0.0
,2015-05-03 00:00,0.0
,2015-05-03 01:00,0.0
,2015-05-03 02:00,0.0
,2015-05-03 03:00,0.0
,2015-05-03 04:00,0.0
,2015-05-03 05:00,6.400271106401
,2015-05-03 06:00,167.36563270447988
,2015-05-03 07:00,389.49854488633235
,2015-05-03 08:00,608.5840320489808
,2015-05-03 09:00,795.1518786518709
,2015-05-03 10:00,929.9906058677135
,2015-05-03 11:00,1002.9430556794744
,2015-05-03 12:00,1007.2980102207092
,2015-05-03 13:00,942.81116320099
,2015-05-03 14:00,815.0990563836098
,2015-05-03 15:00,634.4028849696167
,2015-05-03 16:00,418.1068529799004
,2015-05-03 17:00,191.73228166174485
,2015-05-03 18:00,16.276267453180168
,2015-05-03 19:00,0.0
,2015-05-03 20:00,0.0
,2015-05-03 21:00,0.0
,2015-05-03 22:00,0.0
,2015-05-03 23:00,0.0
,2015-05-04 00:00,0.0
,2015-05-04 01:00,0.0
,2015-05-04 02:00,0.0
,2015-05-04 03:00,0.0
,2015-05-04 04:00,0.0
,2015-05-04 05:00,7.470181571253836
,2015-05-04 06:00,169.34553629193223
,2015-05-04 07:00,391.253013984441
,2015-05-04 08:00,608.7284447320463
,2015-05-04 09:00,794.5518982438674
,2015-05-04 10:00,930.0350662107181
,2015-05-04 11:00,1002.6120494053755
,2015-05-04 12:00,1007.4943807890787
,2015-05-04 13:00,943.6392255545608
,2015-05-04 14:00,815.9305324124982
,2015-05-04 15:00,635.7252211710472
,2015-05-04 16:00,419.80383849154026
,2015-05-04 17:00,194.31643989176445
,2015-05-04 18:00,17.733834677848105
,2015-05-04 19:00,0.0
,2015-05-04 20:00,0.0
,2015-05-04 21:00,0.0
,2015-05-04 22:00,0.0
,2015-05-04 23:00,0.0
,2015-05-05 00:00,0.0
,2015-05-05 01:00,0.0
,2015-05-05 02:00,0.0
,2015-05-05 03:00,0.0
,2015-05-05 04:00,0.0
,2015-05-05 05:00,0.0
,2015-05-05 06:00,171.9815310282774
,2015-05-05 07:00,393.9942951357335
,2015-05-05 08:00,610.8531911400286
,2015-05-05 09:00,795.7367254895763
,2015-05-05 10:00,930.0944008021703
,2015-05-05 11:00,1003.1374378446448
,2015-05-05 12:00,1007.8809901735585
,2015-05-05 13:00,943.1501428928825
,2015-05-05 14:00,816.1499920384614
,2015-05-05 15:00,636.9294369192338
,2015-05-05 16:00,421.7913554768197
,2015-05-05 17:00,196.56888990445242
,2015-05-05 18:00,19.200216372554625
,2015-05-05 19:00,0.0
,2015-05-05 20:00,0.0
,2015-05-05 21:00,0.0
,2015-05-05 22:00,0.0
,2015-05-05 23:00,0.0
,2015-05-06 00:00,0.0
,2015-05-06 01:00,0.0
,2015-05-06 02:00,0.0
,2015-05-06 03:00,0.0
,2015-05-06 04:00,0.0
,2015-05-06 05:00,9.717589903998727
,2015-05-06 06:00,174.03940889203167
,2015-05-06 07:00,394.9792961806758
,2015-05-06 08:00,610.8714263897434
,2015-05-06 09:00,796.3663616542883
,2015-05-06 10:00,930.8654311162304
,2015-05-06 11:00,1001.4780435099882
,2015-05-06 12:00,1006.1245119704074
,2015-05-06 13:00,942.3026626182719
,2015-05-06 14:00,814.2131491659757
,2015-05-06 15:00,636.2869027800915
,2015-05-06 16:00,422.5699710242234
,2015-05-06 17:00,198.40916496667134
,2015-05-06 18:00,0.0
,2015-05-06 19:00,0.0
,2015-05-06 20:00,0.0
,2015-05-06 21:00,0.0
,2015-05-06 22:00,0.0
,2015-05-06 23:00,0.0
,2015-05-07 00:00,0.0
,2015-05-07 01:00,0.0
,2015-05-07 02:00,0.0
,2015-05-07 03:00,0.0
,2015-05-07 04:00,0.0
,2015-05-07 05:00,10.943804169261579
,2015-05-07 06:00,177.00958874938635
,2015-05-07 07:00,399.06137935191333
,2015-05-07 08:00,615.5696137499851
,2015-05-07 09:00,800.6572330366221
,2015-05-07 10:00,935.5573265873606
,2015-05-07 11:00,1007.0065046304763
,2015-05-07 12:00,1011.9012689377678
,2015-05-07 13:00,948.6531334958999
,2015-05-07 14:00,821.7552738644005
,2015-05-07 15:00,642.4034370607052
,2015-05-07 16:00,427.32696144350996
,2015-05-07 17:00,202.18683071476391
,2015-05-07 18:00,22.32347003328011
,2015-05-07 19:00,0.0
,2015-05-07 20:00,0.0
,2015-05-07 21:00,0.0
,2015-05-07 22:00,0.0
,2015-05-07 23:00,0.0
,2015-05-08 00:00,0.0
,2015-05-08 01:00,0.0
,2015-05-08 02:00,0.0
,2015-05-08 03:00,0.0
,2015-05-08 04:00,0.0
,2015-05-08 05:00,12.24292625448231
,2015-05-08 06:00,180.12624682349116
,2015-05-08 07:00,402.30089230919936
,2015-05-08 08:00,619.4322949200429
,2015-05-08 09:00,803.4362895623007
,2015-05-08 10:00,937.4323813666086
,2015-05-08 11:00,1010.5824056522091
,2015-05-08 12:00,1015.3911806270328
,2015-05-08 13:00,951.2127811294378
,2015-05-08 14:00,823.9266818414542
,2015-05-08 15:00,644.8818302688911
,2015-05-08 16:00,429.8722673495035
,2015-05-08 17:00,205.01677167051716
,2015-05-08 18:00,23.915957527711253
,2015-05-08 19:00,0.0
,2015-05-08 20:00,0.0
,2015-05-08 21:00,0.0
,2015-05-08 22:00,0.0
,2015-05-08 23:00,0.0
,2015-05-09 00:00,0.0
,2015-05-09 01:00,0.0
,2015-05-09 02:00,0.0
,2015-05-09 03:00,0.0
,2015-05-09 04:00,0.0
,2015-05-09 05:00,0.0
,2015-05-09 06:00,182.63743465878156
,2015-05-09 07:00,404.0908674430169
,2015-05-09 08:00,621.0913544085677
,2015-05-09 09:00,806.773752055366
,2015-05-09 10:00,941.30082750327
,2015-05-09 11:00,1013.8098004912376
,2015-05-09 12:00,1018.2982645521006
,2015-05-09 13:00,955.8516751448618
,2015-05-09 14:00,832.1609084830003
,2015-05-09 15:00,653.0116587480135
,2015-05-09 16:00,436.60748314641927
,2015-05-09 17:00,209.19494807825635
,2015-05-09 18:00,25.707787055244328
,2015-05-09 19:00,0.0
,2015-05-09 20:00,0.0
,2015-05-09 21:00,0.0
,2015-05-09 22:00,0.0
,2015-05-09 23:00,0.0
,2015-05-10 00:00,0.0
,2015-05-10 01:00,0.0
,2015-05-10 02:00,0.0
,2015-05-10 03:00,0.0
,2015-05-10 04:00,0.0
,2015-05-10 05:00,0.0
,2015-05-10 06:00,185.6446524646036
,2015-05-10 07:00,408.7513488497258
,2015-05-10 08:00,626.3216564000185
,2015-05-10 09:00,811.9321989508654
,2015-05-10 10:00,946.4838596535891
,2015-05-10 11:00,1019.4308378417581
,2015-05-10 12:00,1022.9099186787906
,2015-05-10 13:00,960.3589333236185
,2015-05-10 14:00,832.2672003363703
,2015-05-10 15:00,652.7239542964904
,2015-05-10 16:00,436.6695272294144
,2015-05-10 17:00,210.9894327428564
,2015-05-10 18:00,27.256769425683714
,2015-05-10 19:00,0.0
,2015-05-10 20:00,0.0
,2015-05-10 21:00,0.0
,2015-05-10 22:00,0.0
,2015-05-10 23:00,0.0
,2015-05-11 00:00,0.0
,2015-05-11 01:00,0.0
,2015-05-11 02:00,0.0
,2015-05-11 03:00,0.0
,2015-05-11 04:00,0.0
,2015-05-11 05:00,16.169827845885447
,2015-05-11 06:00,188.4249815201592
,2015-05-11 07:00,411.44847699270565
,2015-05-11 08:00,628.3710547678471
,2015-05-11 09:00,813.0675645303209
,2015-05-11 10:00,947.2950906189012
,2015-05-11 11:00,1019.2463710713822
,2015-05-11 12:00,1024.0641366109892
,2015-05-11 13:00,960.2968374650336
,2015-05-11 14:00,834.4101583114214
,2015-05-11 15:00,654.6812357227051
,2015-05-11 16:00,439.7045074134345
,2015-05-11 17:00,213.75876986445584
,2015-05-11 18:00,0.0
,2015-05-11 19:00,0.0
,2015-05-11 20:00,0.0
,2015-05-11 21:00,0.0
,2015-05-11 22:00,0.0
,2015-05-11 23:00,0.0
,2015-05-12 00:00,0.0
,2015-05-12 01:00,0.0
,2015-05-12 02:00,0.0
,2015-05-12 03:00,0.0
,2015-05-12 04:00,0.0
,2015-05-12 05:00,17.539949648778407
,2015-05-12 06:00,191.068112466492
,2015-05-12 07:00,413.6295375031025
,2015-05-12 08:00,631.4681899299919
,2015-05-12 09:00,814.7979102173971
,2015-05-12 10:00,950.0706544768273
,2015-05-12 11:00,1022.1172727172017
,2015-05-12 12:00,1026.54353348719
,2015-05-12 13:00,962.6186741957724
,2015-05-12 14:00,835.2455645092945
,2015-05-12 15:00,656.1251899248462
,2015-05-12 16:00,441.63050793249704
,2015-05-12 17:00,216.04990279777834
,2015-05-12 18:00,0.0
,2015-05-12 19:00,0.0
,2015-05-12 20:00,0.0
,2015-05-12 21:00,0.0
,2015-05-12 22:00,0.0
,2015-05-12 23:00,0.0
,2015-05-13 00:00,0.0
,2015-05-13 01:00,0.0
,2015-05-13 02:00,0.0
,2015-05-13 03:00,0.0
,2015-05-13 04:00,0.0
,2015-05-13 05:00,18.810982887744213
,2015-05-13 06:00,192.8593234694331
,2015-05-13 07:00,414.9788076314192
,2015-05-13 08:00,630.1814013599284
,2015-05-13 09:00,813.8289599465433
,2015-05-13 10:00,946.8316983939117
,2015-05-13 11:00,1017.3380581969194
,2015-05-13 12:00,1022.805237967413
,2015-05-13 13:00,959.1175145151562
,2015-05-13 14:00,832.4856880585437
,2015-05-13 15:00,654.9036076645527
,2015-05-13 16:00,441.37587826998487
,2015-05-13 17:00,217.20754857640884
,2015-05-13 18:00,31.9632409647198
,2015-05-13 19:00,0.0
,2015-05-13 20:00,0.0
,2015-05-13 21:00,0.0
,2015-05-13 22:00,0.0
,2015-05-13 23:00,0.0
,2015-05-14 00:00,0.0
,2015-05-14 01:00,0.0
,2015-05-14 02:00,0.0
,2015-05-14 03:00,0.0
,2015-05-14 04:00,0.0
,2015-05-14 05:00,0.0
,2015-05-14 06:00,194.96419090648308
,2015-05-14 07:00,416.84149854585587
,2015-05-14 08:00,632.2006893484099
,2015-05-14 09:00,815.0927837917997
,2015-05-14 10:00,947.4125253104472
,2015-05-14 11:00,1017.5698087494125
,2015-05-14 12:00,1021.5568001401141
,2015-05-14 13:00,958.7145198236458
,2015-05-14 14:00,833.4409612702237
,2015-05-14 15:00,655.5971878458017
,2015-05-14 16:00,442.8042552796619
,2015-05-14 17:00,219.15142941441158
,2015-05-14 18:00,33.49761900555252
,2015-05-14 19:00,0.0
,2015-05-14 20:00,0.0
,2015-05-14 21:00,0.0
,2015-05-14 22:00,0.0
,2015-05-14 23:00,0.0
,2015-05-15 00:00,0.0
,2015-05-15 01:00,0.0
,2015-05-15 02:00,0.0
,2015-05-15 03:00,0.0
,2015-05-15 04:00,0.0
,2015-05-15 05:00,0.0
,2015-05-15 06:00,197.16405427456277
,2015-05-15 07:00,419.5204256753209
,2015-05-15 08:00,635.9737061128358
,2015-05-15 09:00,818.5048616427098
,2015-05-15 10:00,950.5491478227178
,2015-05-15 11:00,1023.2685713240418
,2015-05-15 12:00,1027.5312679541744
,2015-05-15 13:00,963.4888118009742
,2015-05-15 14:00,836.7377050167893
,2015-05-15 15:00,659.6931217833306
,2015-05-15 16:00,446.10744732521977
,2015-05-15 17:00,222.35578411270683
,2015-05-15 18:00,35.24111095310519
,2015-05-15 19:00,0.0
,2015-05-15 20:00,0.0
,2015-05-15 21:00,0.0
,2015-05-15 22:00,0.0
,2015-05-15 23:00,0.0
,2015-05-16 00:00,0.0
,2015-05-16 01:00,0.0
,2015-05-16 02:00,0.0
,2015-05-16 03:00,0.0
,2015-05-16 04:00,0.0
,2015-05-16 05:00,22.842123666235395
,2015-05-16 06:00,199.74112253251178
,2015-05-16 07:00,422.45869220928296
,2015-05-16 08:00,638.0687000735447
,2015-05-16 09:00,820.5324838411187
,2015-05-16 10:00,953.2903575359499
,2015-05-16 11:00,1024.3043936274396
,2015-05-16 12:00,1028.927008770245
,2015-05-16 13:00,965.7758053945456
,2015-05-16 14:00,840.9259170346991
,2015-05-16 15:00,663.7418093263466
,2015-05-16 16:00,450.1399616857406
,2015-05-16 17:00,225.28137947860614
,2015-05-16 18:00,0.0
,2015-05-16 19:00,0.0
,2015-05-16 20:00,0.0
,2015-05-16 21:00,0.0
,2015-05-16 22:00,0.0
,2015-05-16 23:00,0.0
,2015-05-17 00:00,0.0
,2015-05-17 01:00,0.0
,2015-05-17 02:00,0.0
,2015-05-17 03:00,0.0
,2015-05-17 04:00,0.0
,2015-05-17 05:00,24.19505306312521
,2015-05-17 06:00,201.9397634945041
,2015-05-17 07:00,424.1644868750264
,2015-05-17 08:00,640.2907437573812
,2015-05-17 09:00,823.2911330980158
,2015-05-17 10:00,955.7852590705019
,2015-05-17 11:00,1027.5528074682284
,2015-05-17 12:00,1031.9570381520357
,2015-05-17 13:00,968.1310848991341
,2015-05-17 14:00,841.7581279232671
,2015-05-17 15:00,664.4154769497359
,2015-05-17 16:00,451.28800795090615
,2015-05-17 17:00,226.95053946251895
,2015-05-17 18:00,0.0
,2015-05-17 19:00,0.0
,2015-05-17 20:00,0.0
,2015-05-17 21:00,0.0
,2015-05-17 22:00,0.0
,2015-05-17 23:00,0.0
,2015-05-18 00:00,0.0
,2015-05-18 01:00,0.0
,2015-05-18 02:00,0.0
,2015-05-18 03:00,0.0
,2015-05-18 04:00,0.0
,2015-05-18 05:00,25.475725800474024
,2015-05-18 06:00,203.49345293142534
,2015-05-18 07:00,425.60345034089744
,2015-05-18 08:00,640.6823639634588
,2015-05-18 09:00,824.5962076545476
,2015-05-18 10:00,957.5740243738979
,2015-05-18 11:00,1026.9401539616508
,2015-05-18 12:00,1031.4179873556773
,2015-05-18 13:00,969.0550868919046
,2015-05-18 14:00,843.3027059162919
,2015-05-18 15:00,666.1127041484912
,2015-05-18 16:00,453.74388348063
,2015-05-18 17:00,229.22640287308505
,2015-05-18 18:00,39.97336901041218
,2015-05-18 19:00,0.0
,2015-05-18 20:00,0.0
,2015-05-18 21:00,0.0
,2015-05-18 22:00,0.0
,2015-05-18 23:00,0.0
,2015-05-19 00:00,0.0
,2015-05-19 01:00,0.0
,2015-05-19 02:00,0.0
,2015-05-19 03:00,0.0
,2015-05-19 04:00,0.0
,2015-05-19 05:00,26.857221397567518
,2015-05-19 06:00,205.9641114387513
,2015-05-19 07:00,428.6441956276993
,2015-05-19 08:00,642.8109753196671
,2015-05-19 09:00,823.5877281737132
,2015-05-19 10:00,955.7324990671918
,2015-05-19 11:00,1028.2344237267125
,2015-05-19 12:00,1033.0332783778238
,2015-05-19 13:00,970.053153415366
,2015-05-19 14:00,844.3966945658351
,2015-05-19 15:00,667.2610876731412
,2015-05-19 16:00,454.76537676577345
,2015-05-19 17:00,230.89189659461653
,2015-05-19 18:00,41.469567142961196
,2015-05-19 19:00,0.0
,2015-05-19 20:00,0.0
,2015-05-19 21:00,0.0
,2015-05-19 22:00,0.0
,2015-05-19 23:00,0.0
,2015-05-20 00:00,0.0
,2015-05-20 01:00,0.0
,2015-05-20 02:00,0.0
,2015-05-20 03:00,0.0
,2015-05-20 04:00,0.0
,2015-05-20 05:00,0.0
,2015-05-20 06:00,207.203757092139
,2015-05-20 07:00,427.88687826520896
,2015-05-20 08:00,641.9649077733658
,2015-05-20 09:00,823.2649942975977
,2015-05-20 10:00,954.8765716461397
,2015-05-20 11:00,1025.7732227875558
,2015-05-20 12:00,1029.8066976217847
,2015-05-20 13:00,966.0479296303985
,2015-05-20 14:00,841.5928178255425
,2015-05-20 15:00,666.9080364675056
,2015-05-20 16:00,455.68368204875594
,2015-05-20 17:00,232.68962516328077
,2015-05-20 18:00,42.90145068330355
,2015-05-20 19:00,0.0
,2015-05-20 20:00,0.0
,2015-05-20 21:00,0.0
,2015-05-20 22:00,0.0
,2015-05-20 23:00,0.0
,2015-05-21 00:00,0.0
,2015-05-21 01:00,0.0
,2015-05-21 02:00,0.0
,2015-05-21 03:00,0.0
,2015-05-21 04:00,0.0
,2015-05-21 05:00,0.0
,2015-05-21 06:00,209.26129056082132
,2015-05-21 07:00,431.7657955723659
,2015-05-21 08:00,647.3082141887164
,2015-05-21 09:00,830.9096251924897
,2015-05-21 10:00,962.0149034136696
,2015-05-21 11:00,1032.1038482349002
,2015-05-21 12:00,1035.6157965150298
,2015-05-21 13:00,974.1456973061725
,2015-05-21 14:00,848.818360209424
,2015-05-21 15:00,672.4297756558979
,2015-05-21 16:00,459.9233746969816
,2015-05-21 17:00,235.5861055795599
,2015-05-21 18:00,44.583364332066
,2015-05-21 19:00,0.0
,2015-05-21 20:00,0.0
,2015-05-21 21:00,0.0
,2015-05-21 22:00,0.0
,2015-05-21 23:00,0.0
,2015-05-22 00:00,0.0
,2015-05-22 01:00,0.0
,2015-05-22 02:00,0.0
,2015-05-22 03:00,0.0
,2015-05-22 04:00,0.0
,2015-05-22 05:00,30.822194235741954
,2015-05-22 06:00,212.4107457793484
,2015-05-22 07:00,435.46502545809557
,2015-05-22 08:00,651.1803047530295
,2015-05-22 09:00,833.6521216606517
,2015-05-22 10:00,965.3247807893606
,2015-05-22 11:00,1036.6283532158802
,2015-05-22 12:00,1040.5662684972863
,2015-05-22 13:00,976.5403670629697
,2015-05-22 14:00,851.0539004798288
,2015-05-22 15:00,674.3878620183895
,2015-05-22 16:00,463.02349623625287
,2015-05-22 17:00,238.56510339191507
,2015-05-22 18:00,0.0
,2015-05-22 19:00,0.0
,2015-05-22 20:00,0.0
,2015-05-22 21:00,0.0
,2015-05-22 22:00,0.0
,2015-05-22 23:00,0.0
,2015-05-23 00:00,0.0
,2015-05-23 01:00,0.0
,2015-05-23 02:00,0.0
,2015-05-23 03:00,0.0
,2015-05-23 04:00,0.0
,2015-05-23 05:00,32.1255075335844
,2015-05-23 06:00,214.07258351289832
,2015-05-23 07:00,435.70986599955313
,2015-05-23 08:00,649.8556174929132
,2015-05-23 09:00,830.5588642119068
,2015-05-23 10:00,962.1527395343123
,2015-05-23 11:00,1035.542314025809
,2015-05-23 12:00,1040.4832781522148
,2015-05-23 13:00,977.668767845746
,2015-05-23 14:00,851.1173228324662
,2015-05-23 15:00,675.5359869168364
,2015-05-23 16:00,463.48661004781235
,2015-05-23 17:00,239.73180918866532
,2015-05-23 18:00,0.0
,2015-05-23 19:00,0.0
,2015-05-23 20:00,0.0
,2015-05-23 21:00,0.0
,2015-05-23 22:00,0.0
,2015-05-23 23:00,0.0
,2015-05-24 00:00,0.0
,2015-05-24 01:00,0.0
,2015-05-24 02:00,0.0
,2015-05-24 03:00,0.0
,2015-05-24 04:00,0.0
,2015-05-24 05:00,33.35535931796367
,2015-05-24 06:00,215.3854732473842
,2015-05-24 07:00,436.5535731748786
,2015-05-24 08:00,651.3369906211841
,2015-05-24 09:00,832.7542870717334
,2015-05-24 10:00,965.4892006837399
,2015-05-24 11:00,1036.1782940065211
,2015-05-24 12:00,1040.1930419567493
,2015-05-24 13:00,977.9607321336856
,2015-05-24 14:00,852.7830978308599
,2015-05-24 15:00,677.4612536052354
,2015-05-24 16:00,467.1724975590367
,2015-05-24 17:00,242.81035173701417
,2015-05-24 18:00,0.0
,2015-05-24 19:00,0.0
,2015-05-24 20:00,0.0
,2015-05-24 21:00,0.0
,2015-05-24 22:00,0.0
,2015-05-24 23:00,0.0
,2015-05-25 00:00,0.0
,2015-05-25 01:00,0.0
,2015-05-25 02:00,0.0
,2015-05-25 03:00,0.0
,2015-05-25 04:00,0.0
,2015-05-25 05:00,34.569914863877784
,2015-05-25 06:00,217.20988354851562
,2015-05-25 07:00,438.29007473090104
,2015-05-25 08:00,651.778916979605
,2015-05-25 09:00,834.0238944719438
,2015-05-25 10:00,964.9179371410156
,2015-05-25 11:00,1036.480391662667
,2015-05-25 12:00,1041.3560291530318
,2015-05-25 13:00,978.6653143710417
,2015-05-25 14:00,854.3322333583076
,2015-05-25 15:00,678.7948299932864
,2015-05-25 16:00,466.9022125635653
,2015-05-25 17:00,243.3313422647715
,2015-05-25 18:00,50.34726656613545
,2015-05-25 19:00,0.0
,2015-05-25 20:00,0.0
,2015-05-25 21:00,0.0
,2015-05-25 22:00,0.0
,2015-05-25 23:00,0.0
,2015-05-26 00:00,0.0
,2015-05-26 01:00,0.0
,2015-05-26 02:00,0.0
,2015-05-26 03:00,0.0
,2015-05-26 04:00,0.0
,2015-05-26 05:00,0.0
,2015-05-26 06:00,218.47856826816903
,2015-05-26 07:00,438.9780400786385
,2015-05-26 08:00,652.4454650791844
,2015-05-26 09:00,833.1360160125132
,2015-05-26 10:00,964.7516279971924
,2015-05-26 11:00,1035.7597342568133
,2015-05-26 12:00,1040.410357613567
,2015-05-26 13:00,977.761590952047
,2015-05-26 14:00,853.3185807534978
,2015-05-26 15:00,678.5085109112376
,2015-05-26 16:00,468.2126672551698
,2015-05-26 17:00,245.67728932628123
,2015-05-26 18:00,51.911175114860406
,2015-05-26 19:00,0.0
,2015-05-26 20:00,0.0
,2015-05-26 21:00,0.0
,2015-05-26 22:00,0.0
,2015-05-26 23:00,0.0
,2015-05-27 00:00,0.0
,2015-05-27 01:00,0.0
,2015-05-27 02:00,0.0
,2015-05-27 03:00,0.0
,2015-05-27 04:00,0.0
,2015-05-27 05:00,0.0
,2015-05-27 06:00,220.62452031209807
,2015-05-27 07:00,441.71363850000955
,2015-05-27 08:00,655.0654740490038
,2015-05-27 09:00,835.9334223274525
,2015-05-27 10:00,967.4923306587249
,2015-05-27 11:00,1037.7483505729674
,2015-05-27 12:00,1043.8207029099387
,2015-05-27 13:00,982.17419652881
,2015-05-27 14:00,857.9259043222482
,2015-05-27 15:00,681.7776744324353
,2015-05-27 16:00,470.01954225553675
,2015-05-27 17:00,246.58779914194412
,2015-05-27 18:00,53.05428773701047
,2015-05-27 19:00,0.0
,2015-05-27 20:00,0.0
,2015-05-27 21:00,0.0
,2015-05-27 22:00,0.0
,2015-05-27 23:00,0.0
,2015-05-28 00:00,0.0
,2015-05-28 01:00,0.0
,2015-05-28 02:00,0.0
,2015-05-28 03:00,0.0
,2015-05-28 04:00,0.0
,2015-05-28 05:00,37.98878007684573
,2015-05-28 06:00,222.0246124701303
,2015-05-28 07:00,443.46121993245373
,2015-05-28 08:00,657.2341236452309
,2015-05-28 09:00,838.9574380286983
,2015-05-28 10:00,969.7161016244128
,2015-05-28 11:00,1040.6816365181926
,2015-05-28 12:00,1045.7331502634079
,2015-05-28 13:00,983.7947815747574
,2015-05-28 14:00,859.7031803575663
,2015-05-28 15:00,683.2507967553925
,2015-05-28 16:00,472.28551194054
,2015-05-28 17:00,248.4718449089565
,2015-05-28 18:00,54.39367674261118
,2015-05-28 19:00,0.0
,2015-05-28 20:00,0.0
,2015-05-28 21:00,0.0
,2015-05-28 22:00,0.0
,2015-05-28 23:00,0.0
,2015-05-29 00:00,0.0
,2015-05-29 01:00,0.0
,2015-05-29 02:00,0.0
,2015-05-29 03:00,0.0
,2015-05-29 04:00,0.0
,2015-05-29 05:00,39.146248337487854
,2015-05-29 06:00,223.65341079463786
,2015-05-29 07:00,444.60655468683456
,2015-05-29 08:00,657.6647718326482
,2015-05-29 09:00,837.1136653958515
,2015-05-29 10:00,968.3837460964488
,2015-05-29 11:00,1038.243116961241
,2015-05-29 12:00,1042.8087274618447
,2015-05-29 13:00,979.8874538659428
,2015-05-29 14:00,855.7002686183067
,2015-05-29 15:00,681.0003123255627
,2015-05-29 16:00,470.753785989713
,2015-05-29 17:00,248.3763096199771
,2015-05-29 18:00,55.27632090209597
,2015-05-29 19:00,0.0
,2015-05-29 20:00,0.0
,2015-05-29 21:00,0.0
,2015-05-29 22:00,0.0
,2015-05-29 23:00,0.0
,2015-05-30 00:00,0.0
,2015-05-30 01:00,0.0
,2015-05-30 02:00,0.0
,2015-05-30 03:00,0.0
,2015-05-30 04:00,0.0
,2015-05-30 05:00,39.971852522935485
,2015-05-30 06:00,223.66784732047086
,2015-05-30 07:00,442.9395010626585
,2015-05-30 08:00,654.6576251873054
,2015-05-30 09:00,834.2060879981391
,2015-05-30 10:00,964.7170166571968
,2015-05-30 11:00,1034.3059015552549
,2015-05-30 12:00,1039.0371440369024
,2015-05-30 13:00,977.2937440404087
,2015-05-30 14:00,854.2638568189064
,2015-05-30 15:00,680.5837107370144
,2015-05-30 16:00,471.57223888772705
,2015-05-30 17:00,249.6132926540372
,2015-05-30 18:00,0.0
,2015-05-30 19:00,0.0
,2015-05-30 20:00,0.0
,2015-05-30 21:00,0.0
,2015-05-30 22:00,0.0
,2015-05-30 23:00,0.0
,2015-05-31 00:00,0.0
,2015-05-31 01:00,0.0
,2015-05-31 02:00,0.0
,2015-05-31 03:00,0.0
,2015-05-31 04:00,0.0
,2015-05-31 05:00,40.88185629526775
,2015-05-31 06:00,224.76959373217247
,2015-05-31 07:00,443.9400028547818
,2015-05-31 08:00,655.7609469812496
,2015-05-31 09:00,834.520128254034
,2015-05-31 10:00,964.6850411064482
,2015-05-31 11:00,1035.0072931419306
,2015-05-31 12:00,1040.064397745552
,2015-05-31 13:00,978.291572408723
,2015-05-31 14:00,855.2280114886557
,2015-05-31 15:00,682.3426213481486
,2015-05-31 16:00,472.919828960786
,2015-05-31 17:00,251.23304154981832
,2015-05-31 18:00,0.0
,2015-05-31 19:00,0.0
,2015-05-31 20:00,0.0
,2015-05-31 21:00,0.0
,2015-05-31 22:00,0.0
,2015-05-31 23:00,0.0
,2015-06-01 00:00,0.0
,2015-06-01 01:00,0.0
,2015-06-01 02:00,0.0
,2015-06-01 03:00,0.0
,2015-06-01 04:00,0.0
,2015-06-01 05:00,42.08072720434677
,2015-06-01 06:00,227.27602652226275
,2015-06-01 07:00,447.56754705670824
,2015-06-01 08:00,659.146693703625
,2015-06-01 09:00,839.2021397231646
,2015-06-01 10:00,969.8555676136881
,2015-06-01 11:00,1039.7279277755415
,2015-06-01 12:00,1044.2638547789288
,2015-06-01 13:00,981.9566998513646
,2015-06-01 14:00,858.5094286839222
,2015-06-01 15:00,684.4247129745604
,2015-06-01 16:00,474.89829462688806
,2015-06-01 17:00,252.80183356852342
,2015-06-01 18:00,0.0
,2015-06-01 19:00,0.0
,2015-06-01 20:00,0.0
,2015-06-01 21:00,0.0
,2015-06-01 22:00,0.0
,2015-06-01 23:00,0.0
,2015-06-02 00:00,0.0
,2015-06-02 01:00,0.0
,2015-06-02 02:00,0.0
,2015-06-02 03:00,0.0
,2015-06-02 04:00,0.0
,2015-06-02 05:00,0.0
,2015-06-02 06:00,227.61037961810172
,2015-06-02 07:00,446.9797568224246
,2015-06-02 08:00,658.546432523059
,2015-06-02 09:00,837.334328728796
,2015-06-02 10:00,967.955789098048
,2015-06-02 11:00,1039.651642344671
,2015-06-02 12:00,1043.8645839003195
,2015-06-02 13:00,981.1689265147082
,2015-06-02 14:00,858.6010102958935
,2015-06-02 15:00,684.6786374315753
,2015-06-02 16:00,475.29438111525326
,2015-06-02 17:00,253.7096785606016
,2015-06-02 18:00,59.662083690217656
,2015-06-02 19:00,0.0
,2015-06-02 20:00,0.0
,2015-06-02 21:00,0.0
,2015-06-02 22:00,0.0
,2015-06-02 23:00,0.0
,2015-06-03 00:00,0.0
,2015-06-03 01:00,0.0
,2015-06-03 02:00,0.0
,2015-06-03 03:00,0.0
,2015-06-03 04:00,0.0
,2015-06-03 05:00,0.0
,2015-06-03 06:00,229.00704222305384
,2015-06-03 07:00,448.22722397896337
,2015-06-03 08:00,659.2485116573339
,2015-06-03 09:00,837.8390706625493
,2015-06-03 10:00,967.8503965523403
,2015-06-03 11:00,1038.336050634799
,2015-06-03 12:00,1041.6481809611205
,2015-06-03 13:00,980.8868077750051
,2015-06-03 14:00,857.3343393628201
,2015-06-03 15:00,684.291046377995
,2015-06-03 16:00,475.5961736039215
,2015-06-03 17:00,254.59170793279387
,2015-06-03 18:00,60.63264571886896
,2015-06-03 19:00,0.0
,2015-06-03 20:00,0.0
,2015-06-03 21:00,0.0
,2015-06-03 22:00,0.0
,2015-06-03 23:00,0.0
,2015-06-04 00:00,0.0
,2015-06-04 01:00,0.0
,2015-06-04 02:00,0.0
,2015-06-04 03:00,0.0
,2015-06-04 04:00,0.0
,2015-06-04 05:00,0.0
,2015-06-04 06:00,229.85724932925737
,2015-06-04 07:00,449.10149924767825
,2015-06-04 08:00,659.6926403931869
,2015-06-04 09:00,838.0480194691928
,2015-06-04 10:00,968.0499530486975
,2015-06-04 11:00,1038.0502193379118
,2015-06-04 12:00,1042.7836423131569
,2015-06-04 13:00,980.6505567275108
,2015-06-04 14:00,857.5861506620573
,2015-06-04 15:00,687.0719521223177
,2015-06-04 16:00,477.6519695880403
,2015-06-04 17:00,256.4255903307252
,2015-06-04 18:00,61.70182242108992
,2015-06-04 19:00,0.0
,2015-06-04 20:00,0.0
,2015-06-04 21:00,0.0
,2015-06-04 22:00,0.0
,2015-06-04 23:00,0.0
,2015-06-05 00:00,0.0
,2015-06-05 01:00,0.0
,2015-06-05 02:00,0.0
,2015-06-05 03:00,0.0
,2015-06-05 04:00,0.0
,2015-06-05 05:00,0.0
,2015-06-05 06:00,231.1832964025638
,2015-06-05 07:00,451.2033439187722
,2015-06-05 08:00,661.99092759839
,2015-06-05 09:00,840.8995172014987
,2015-06-05 10:00,969.5823021818544
,2015-06-05 11:00,1039.8681120143701
,2015-06-05 12:00,1044.2121546557964
,2015-06-05 13:00,982.8839116528619
,2015-06-05 14:00,860.0354801885076
,2015-06-05 15:00,686.6490536245116
,2015-06-05 16:00,478.07872389406873
,2015-06-05 17:00,256.8590166061996
,2015-06-05 18:00,62.46492590428475
,2015-06-05 19:00,0.0
,2015-06-05 20:00,0.0
,2015-06-05 21:00,0.0
,2015-06-05 22:00,0.0
,2015-06-05 23:00,0.0
,2015-06-06 00:00,0.0
,2015-06-06 01:00,0.0
,2015-06-06 02:00,0.0
,2015-06-06 03:00,0.0
,2015-06-06 04:00,0.0
,2015-06-06 05:00,0.0
,2015-06-06 06:00,231.8683504259395
,2015-06-06 07:00,450.78690906421394
,2015-06-06 08:00,661.4965563899628
,2015-06-06 09:00,839.7734425057092
,2015-06-06 10:00,969.6431994216316
,2015-06-06 11:00,1039.774481402447
,2015-06-06 12:00,1044.646963714667
,2015-06-06 13:00,982.5028991688833
,2015-06-06 14:00,860.5623521709371
,2015-06-06 15:00,687.4856695081286
,2015-06-06 16:00,478.5831617877353
,2015-06-06 17:00,258.3288455380898
,2015-06-06 18:00,63.425762436928345
,2015-06-06 19:00,0.0
,2015-06-06 20:00,0.0
,2015-06-06 21:00,0.0
,2015-06-06 22:00,0.0
,2015-06-06 23:00,0.0
,2015-06-07 00:00,0.0
,2015-06-07 01:00,0.0
,2015-06-07 02:00,0.0
,2015-06-07 03:00,0.0
,2015-06-07 04:00,0.0
,2015-06-07 05:00,46.94084419262847
,2015-06-07 06:00,232.84391273147926
,2015-06-07 07:00,451.31535175020167
,2015-06-07 08:00,661.2679749346788
,2015-06-07 09:00,840.397896439649
,2015-06-07 10:00,969.3194368218981
,2015-06-07 11:00,1038.5343698564866
,2015-06-07 12:00,1043.7923423431323
,2015-06-07 13:00,982.2610305488078
,2015-06-07 14:00,860.4946974983234
,2015-06-07 15:00,688.698398412663
,2015-06-07 16:00,480.7033345030897
,2015-06-07 17:00,259.9327279650984
,2015-06-07 18:00,64.35884710810055
,2015-06-07 19:00,0.0
,2015-06-07 20:00,0.0
,2015-06-07 21:00,0.0
,2015-06-07 22:00,0.0
,2015-06-07 23:00,0.0
,2015-06-08 00:00,0.0
,2015-06-08 01:00,0.0
,2015-06-08 02:00,0.0
,2015-06-08 03:00,0.0
,2015-06-08 04:00,0.0
,2015-06-08 05:00,47.73056058836273
,2015-06-08 06:00,234.27224925248308
,2015-06-08 07:00,453.7762181918183
,2015-06-08 08:00,664.5586123766378
,2015-06-08 09:00,843.4156420223466
,2015-06-08 10:00,972.5721789801167
,2015-06-08 11:00,1041.7760007026698
,2015-06-08 12:00,1048.3691423716425
,2015-06-08 13:00,987.3276651226669
,2015-06-08 14:00,862.0097295781604
,2015-06-08 15:00,690.7258064891611
,2015-06-08 16:00,483.0878903362176
,2015-06-08 17:00,261.2897170584933
,2015-06-08 18:00,65.29496114548874
,2015-06-08 19:00,0.0
,2015-06-08 20:00,0.0
,2015-06-08 21:00,0.0
,2015-06-08 22:00,0.0
,2015-06-08 23:00,0.0
,2015-06-09 00:00,0.0
,2015-06-09 01:00,0.0
,2015-06-09 02:00,0.0
,2015-06-09 03:00,0.0
,2015-06-09 04:00,0.0
,2015-06-09 05:00,48.37883860625649
,2015-06-09 06:00,234.81187012515684
,2015-06-09 07:00,453.41284468107847
,2015-06-09 08:00,664.2193979520183
,2015-06-09 09:00,842.9583562662525
,2015-06-09 10:00,971.7738381696657
,2015-06-09 11:00,1041.459238775325
,2015-06-09 12:00,1045.3562687630968
,2015-06-09 13:00,984.046212278635
,2015-06-09 14:00,866.6363028387641
,2015-06-09 15:00,696.6390121245694
,2015-06-09 16:00,486.3418654990488
,2015-06-09 17:00,263.10656418976686
,2015-06-09 18:00,66.12653733547909
,2015-06-09 19:00,0.0
,2015-06-09 20:00,0.0
,2015-06-09 21:00,0.0
,2015-06-09 22:00,0.0
,2015-06-09 23:00,0.0
,2015-06-10 00:00,0.0
,2015-06-10 01:00,0.0
,2015-06-10 02:00,0.0
,2015-06-10 03:00,0.0
,2015-06-10 04:00,0.0
,2015-06-10 05:00,48.98045820487526
,2015-06-10 06:00,235.36755036464345
,2015-06-10 07:00,454.3699926361202
,2015-06-10 08:00,665.0840398606899
,2015-06-10 09:00,844.2527215842192
,2015-06-10 10:00,972.8387755502547
,2015-06-10 11:00,1043.2975008429084
,2015-06-10 12:00,1046.5138196693642
,2015-06-10 13:00,985.4208349724879
,2015-06-10 14:00,865.4971155673957
,2015-06-10 15:00,694.3907324585149
,2015-06-10 16:00,484.4304679684409
,2015-06-10 17:00,262.09336893881584
,2015-06-10 18:00,66.36720745889406
,2015-06-10 19:00,0.0
,2015-06-10 20:00,0.0
,2015-06-10 21:00,0.0
,2015-06-10 22:00,0.0
,2015-06-10 23:00,0.0
,2015-06-11 00:00,0.0
,2015-06-11 01:00,0.0
,2015-06-11 02:00,0.0
,2015-06-11 03:00,0.0
,2015-06-11 04:00,0.0
,2015-06-11 05:00,49.45074592090017
,2015-06-11 06:00,235.99359607281752
,2015-06-11 07:00,455.32118226666347
,2015-06-11 08:00,665.2039703634613
,2015-06-11 09:00,843.3234062869727
,2015-06-11 10:00,972.3163729061299
,2015-06-11 11:00,1041.7616298630408
,2015-06-11 12:00,1046.1238391053953
,2015-06-11 13:00,984.836195654597
,2015-06-11 14:00,861.3967540049732
,2015-06-11 15:00,689.3298246191605
,2015-06-11 16:00,481.5239147603093
,2015-06-11 17:00,261.49550061933695
,2015-06-11 18:00,66.83138558947974
,2015-06-11 19:00,0.0
,2015-06-11 20:00,0.0
,2015-06-11 21:00,0.0
,2015-06-11 22:00,0.0
,2015-06-11 23:00,0.0
,2015-06-12 00:00,0.0
,2015-06-12 01:00,0.0
,2015-06-12 02:00,0.0
,2015-06-12 03:00,0.0
,2015-06-12 04:00,0.0
,2015-06-12 05:00,49.892621929987165
,2015-06-12 06:00,236.05715531587757
,2015-06-12 07:00,454.1911240018951
,2015-06-12 08:00,665.106646908877
,2015-06-12 09:00,842.9105742988485
,2015-06-12 10:00,971.9435469851784
,2015-06-12 11:00,1041.3126147983082
,2015-06-12 12:00,1045.7208224059484
,2015-06-12 13:00,985.6016634369691
,2015-06-12 14:00,864.525571777279
,2015-06-12 15:00,690.6688490917076
,2015-06-12 16:00,482.5759088691984
,2015-06-12 17:00,262.1803392614843
,2015-06-12 18:00,67.26382635650205
,2015-06-12 19:00,0.0
,2015-06-12 20:00,0.0
,2015-06-12 21:00,0.0
,2015-06-12 22:00,0.0
,2015-06-12 23:00,0.0
,2015-06-13 00:00,0.0
,2015-06-13 01:00,0.0
,2015-06-13 02:00,0.0
,2015-06-13 03:00,0.0
,2015-06-13 04:00,0.0
,2015-06-13 05:00,50.323406110261764
,2015-06-13 06:00,236.77086591055593
,2015-06-13 07:00,455.4546233134243
,2015-06-13 08:00,666.7521146811066
,2015-06-13 09:00,842.9219040498795
,2015-06-13 10:00,971.148881086746
,2015-06-13 11:00,1040.9077780535451
,2015-06-13 12:00,1045.2290402651502
,2015-06-13 13:00,983.8551621157897
,2015-06-13 14:00,861.491535376438
,2015-06-13 15:00,690.2595858311615
,2015-06-13 16:00,482.9915698344209
,2015-06-13 17:00,262.9095242614132
,2015-06-13 18:00,67.83314934523564
,2015-06-13 19:00,0.0
,2015-06-13 20:00,0.0
,2015-06-13 21:00,0.0
,2015-06-13 22:00,0.0
,2015-06-13 23:00,0.0
,2015-06-14 00:00,0.0
,2015-06-14 01:00,0.0
,2015-06-14 02:00,0.0
,2015-06-14 03:00,0.0
,2015-06-14 04:00,0.0
,2015-06-14 05:00,50.84147250111002
,2015-06-14 06:00,238.22105774418466
,2015-06-14 07:00,457.6141346766144
,2015-06-14 08:00,667.6242059904149
,2015-06-14 09:00,845.3781234774044
,2015-06-14 10:00,973.6566086963744
,2015-06-14 11:00,1041.6977369210601
,2015-06-14 12:00,1044.8471124144185
,2015-06-14 13:00,984.3143953473525
,2015-06-14 14:00,860.9004036158879
,2015-06-14 15:00,689.423025329048
,2015-06-14 16:00,482.86335546300745
,2015-06-14 17:00,263.0037518044869
,2015-06-14 18:00,68.19434596962893
,2015-06-14 19:00,0.0
,2015-06-14 20:00,0.0
,2015-06-14 21:00,0.0
,2015-06-14 22:00,0.0
,2015-06-14 23:00,0.0
,2015-06-15 00:00,0.0
,2015-06-15 01:00,0.0
,2015-06-15 02:00,0.0
,2015-06-15 03:00,0.0
,2015-06-15 04:00,0.0
,2015-06-15 05:00,51.00624737705329
,2015-06-15 06:00,237.53146321157766
,2015-06-15 07:00,455.5194087452702
,2015-06-15 08:00,665.4852004350112
,2015-06-15 09:00,843.2976648137629
,2015-06-15 10:00,970.8325093588628
,2015-06-15 11:00,1040.691614291259
,2015-06-15 12:00,1044.7598908363138
,2015-06-15 13:00,982.9470218196777
,2015-06-15 14:00,861.6378457332397
,2015-06-15 15:00,689.3741160425991
,2015-06-15 16:00,483.36058793656235
,2015-06-15 17:00,263.30335523237216
,2015-06-15 18:00,68.46576600075717
,2015-06-15 19:00,0.0
,2015-06-15 20:00,0.0
,2015-06-15 21:00,0.0
,2015-06-15 22:00,0.0
,2015-06-15 23:00,0.0
,2015-06-16 00:00,0.0
,2015-06-16 01:00,0.0
,2015-06-16 02:00,0.0
,2015-06-16 03:00,0.0
,2015-06-16 04:00,0.0
,2015-06-16 05:00,51.37249800644545
,2015-06-16 06:00,237.92931747288085
,2015-06-16 07:00,455.9973853115738
,2015-06-16 08:00,665.9944126206797
,2015-06-16 09:00,843.1090163595808
,2015-06-16 10:00,971.7133292854871
,2015-06-16 11:00,1041.2884738979321
,2015-06-16 12:00,1044.989420476952
,2015-06-16 13:00,983.7176602886203
,2015-06-16 14:00,861.4436086249195
,2015-06-16 15:00,689.9765931770239
,2015-06-16 16:00,483.1486340306676
,2015-06-16 17:00,263.55042773641105
,2015-06-16 18:00,68.84097165222795
,2015-06-16 19:00,0.0
,2015-06-16 20:00,0.0
,2015-06-16 21:00,0.0
,2015-06-16 22:00,0.0
,2015-06-16 23:00,0.0
,2015-06-17 00:00,0.0
,2015-06-17 01:00,0.0
,2015-06-17 02:00,0.0
,2015-06-17 03:00,0.0
,2015-06-17 04:00,0.0
,2015-06-17 05:00,0.0
,2015-06-17 06:00,239.0395561869714
,2015-06-17 07:00,457.666731021792
,2015-06-17 08:00,668.5819117254225
,2015-06-17 09:00,845.8660035216286
,2015-06-17 10:00,974.9602367105443
,2015-06-17 11:00,1046.0280958469295
,2015-06-17 12:00,1051.839921367641
,2015-06-17 13:00,996.6039968960043
,2015-06-17 14:00,872.6992670867868
,2015-06-17 15:00,696.9905464461151
,2015-06-17 16:00,487.7054878884002
,2015-06-17 17:00,266.2629962166014
,2015-06-17 18:00,69.7147932456876
,2015-06-17 19:00,0.0
,2015-06-17 20:00,0.0
,2015-06-17 21:00,0.0
,2015-06-17 22:00,0.0
,2015-06-17 23:00,0.0
,2015-06-18 00:00,0.0
,2015-06-18 01:00,0.0
,2015-06-18 02:00,0.0
,2015-06-18 03:00,0.0
,2015-06-18 04:00,0.0
,2015-06-18 05:00,0.0
,2015-06-18 06:00,240.00593085502675
,2015-06-18 07:00,459.9591923488239
,2015-06-18 08:00,671.0401992818557
,2015-06-18 09:00,848.8714349641593
,2015-06-18 10:00,979.8033399719468
,2015-06-18 11:00,1050.2161253044587
,2015-06-18 12:00,1053.876202605048
,2015-06-18 13:00,991.3470295815371
,2015-06-18 14:00,869.0343868058876
,2015-06-18 15:00,696.2185491923655
,2015-06-18 16:00,487.74684229728285
,2015-06-18 17:00,266.6202439061237
,2015-06-18 18:00,69.91475855318187
,2015-06-18 19:00,0.0
,2015-06-18 20:00,0.0
,2015-06-18 21:00,0.0
,2015-06-18 22:00,0.0
,2015-06-18 23:00,0.0
,2015-06-19 00:00,0.0
,2015-06-19 01:00,0.0
,2015-06-19 02:00,0.0
,2015-06-19 03:00,0.0
,2015-06-19 04:00,0.0
,2015-06-19 05:00,0.0
,2015-06-19 06:00,239.82606132387983
,2015-06-19 07:00,458.90265121824456
,2015-06-19 08:00,668.9788519793993
,2015-06-19 09:00,847.0697585983362
,2015-06-19 10:00,976.0862327687811
,2015-06-19 11:00,1044.220801107844
,2015-06-19 12:00,1048.0438111290914
,2015-06-19 13:00,987.7062567633541
,2015-06-19 14:00,865.3523191542707
,2015-06-19 15:00,692.9204770318086
,2015-06-19 16:00,485.248625211082
,2015-06-19 17:00,265.00546001045205
,2015-06-19 18:00,69.63296331334575
,2015-06-19 19:00,0.0
,2015-06-19 20:00,0.0
,2015-06-19 21:00,0.0
,2015-06-19 22:00,0.0
,2015-06-19 23:00,0.0
,2015-06-20 00:00,0.0
,2015-06-20 01:00,0.0
,2015-06-20 02:00,0.0
,2015-06-20 03:00,0.0
,2015-06-20 04:00,0.0
,2015-06-20 05:00,0.0
,2015-06-20 06:00,239.3219518033344
,2015-06-20 07:00,457.15863820175196
,2015-06-20 08:00,667.3192669732515
,2015-06-20 09:00,845.1640215459689
,2015-06-20 10:00,973.7900620647314
,2015-06-20 11:00,1044.3648048283542
,2015-06-20 12:00,1049.351681438549
,2015-06-20 13:00,988.2881552592623
,2015-06-20 14:00,866.6526734653887
,2015-06-20 15:00,696.3202128221176
,2015-06-20 16:00,488.29549093524605
,2015-06-20 17:00,266.8973249632761
,2015-06-20 18:00,70.17746691701251
,2015-06-20 19:00,0.0
,2015-06-20 20:00,0.0
,2015-06-20 21:00,0.0
,2015-06-20 22:00,0.0
,2015-06-20 23:00,0.0
,2015-06-21 00:00,0.0
,2015-06-21 01:00,0.0
,2015-06-21 02:00,0.0
,2015-06-21 03:00,0.0
,2015-06-21 04:00,0.0
,2015-06-21 05:00,0.0
,2015-06-21 06:00,240.2603803319625
,2015-06-21 07:00,459.76314369458566
,2015-06-21 08:00,669.7763884367271
,2015-06-21 09:00,847.6609202957235
,2015-06-21 10:00,977.6895254180944
,2015-06-21 11:00,1047.709942318535
,2015-06-21 12:00,1051.713992683795
,2015-06-21 13:00,990.7373222428369
,2015-06-21 14:00,868.7769637875734
,2015-06-21 15:00,695.6663831794077
,2015-06-21 16:00,487.69303006393784
,2015-06-21 17:00,266.49262590410643
,2015-06-21 18:00,70.1285037106727
,2015-06-21 19:00,0.0
,2015-06-21 20:00,0.0
,2015-06-21 21:00,0.0
,2015-06-21 22:00,0.0
,2015-06-21 23:00,0.0
,2015-06-22 00:00,0.0
,2015-06-22 01:00,0.0
,2015-06-22 02:00,0.0
,2015-06-22 03:00,0.0
,2015-06-22 04:00,0.0
,2015-06-22 05:00,0.0
,2015-06-22 06:00,240.17559136500066
,2015-06-22 07:00,459.3548423441013
,2015-06-22 08:00,669.7101516084108
,2015-06-22 09:00,847.2032259482514
,2015-06-22 10:00,976.6176495507293
,2015-06-22 11:00,1045.9312938208009
,2015-06-22 12:00,1050.1397677010705
,2015-06-22 13:00,988.4247566160747
,2015-06-22 14:00,865.9829462381437
,2015-06-22 15:00,693.3098650408948
,2015-06-22 16:00,485.691082008757
,2015-06-22 17:00,265.28774646918873
,2015-06-22 18:00,69.7818901781146
,2015-06-22 19:00,0.0
,2015-06-22 20:00,0.0
,2015-06-22 21:00,0.0
,2015-06-22 22:00,0.0
,2015-06-22 23:00,0.0
,2015-06-23 00:00,0.0
,2015-06-23 01:00,0.0
,2015-06-23 02:00,0.0
,2015-06-23 03:00,0.0
,2015-06-23 04:00,0.0
,2015-06-23 05:00,0.0
,2015-06-23 06:00,239.45451727342905
,2015-06-23 07:00,457.54717885730724
,2015-06-23 08:00,667.4555592157019
,2015-06-23 09:00,844.6991871051587
,2015-06-23 10:00,973.1793737019299
,2015-06-23 11:00,1042.3104262905108
,2015-06-23 12:00,1045.8487448733463
,2015-06-23 13:00,984.7682279454265
,2015-06-23 14:00,863.934668521644
,2015-06-23 15:00,691.7768921304418
,2015-06-23 16:00,484.8031139383566
,2015-06-23 17:00,264.9454173461051
,2015-06-23 18:00,69.65241580650554
,2015-06-23 19:00,0.0
,2015-06-23 20:00,0.0
,2015-06-23 21:00,0.0
,2015-06-23 22:00,0.0
,2015-06-23 23:00,0.0
,2015-06-24 00:00,0.0
,2015-06-24 01:00,0.0
,2015-06-24 02:00,0.0
,2015-06-24 03:00,0.0
,2015-06-24 04:00,0.0
,2015-06-24 05:00,0.0
,2015-06-24 06:00,238.9717433488253
,2015-06-24 07:00,458.04168693317376
,2015-06-24 08:00,667.3791402509596
,2015-06-24 09:00,844.1641698994001
,2015-06-24 10:00,973.0378447494625
,2015-06-24 11:00,1042.9782174962525
,2015-06-24 12:00,1047.6358984730145
,2015-06-24 13:00,986.011128782902
,2015-06-24 14:00,863.5070773973323
,2015-06-24 15:00,692.0353711387642
,2015-06-24 16:00,485.8576452661417
,2015-06-24 17:00,266.1366448458729
,2015-06-24 18:00,69.97733291724857
,2015-06-24 19:00,0.0
,2015-06-24 20:00,0.0
,2015-06-24 21:00,0.0
,2015-06-24 22:00,0.0
,2015-06-24 23:00,0.0
,2015-06-25 00:00,0.0
,2015-06-25 01:00,0.0
,2015-06-25 02:00,0.0
,2015-06-25 03:00,0.0
,2015-06-25 04:00,0.0
,2015-06-25 05:00,0.0
,2015-06-25 06:00,239.4894734257025
,2015-06-25 07:00,458.843558459538
,2015-06-25 08:00,669.1279155276292
,2015-06-25 09:00,847.0614431597083
,2015-06-25 10:00,976.3690119023204
,2015-06-25 11:00,1045.5973410112651
,2015-06-25 12:00,1049.5136534004441
,2015-06-25 13:00,987.4455466337665
,2015-06-25 14:00,865.3315661998647
,2015-06-25 15:00,692.813269341764
,2015-06-25 16:00,485.4519546649506
,2015-06-25 17:00,265.0167614598165
,2015-06-25 18:00,69.45699366716424
,2015-06-25 19:00,0.0
,2015-06-25 20:00,0.0
,2015-06-25 21:00,0.0
,2015-06-25 22:00,0.0
,2015-06-25 23:00,0.0
,2015-06-26 00:00,0.0
,2015-06-26 01:00,0.0
,2015-06-26 02:00,0.0
,2015-06-26 03:00,0.0
,2015-06-26 04:00,0.0
,2015-06-26 05:00,0.0
,2015-06-26 06:00,239.17428383560406
,2015-06-26 07:00,458.07457201509226
,2015-06-26 08:00,668.4990446080951
,2015-06-26 09:00,846.463593441948
,2015-06-26 10:00,975.5324786239715
,2015-06-26 11:00,1043.8032636316984
,2015-06-26 12:00,1050.120141769599
,2015-06-26 13:00,989.4859903589359
,2015-06-26 14:00,866.4815558381747
,2015-06-26 15:00,693.6449668808008
,2015-06-26 16:00,485.6094771038436
,2015-06-26 17:00,265.10052408326334
,2015-06-26 18:00,69.32835243994978
,2015-06-26 19:00,0.0
,2015-06-26 20:00,0.0
,2015-06-26 21:00,0.0
,2015-06-26 22:00,0.0
,2015-06-26 23:00,0.0
,2015-06-27 00:00,0.0
,2015-06-27 01:00,0.0
,2015-06-27 02:00,0.0
,2015-06-27 03:00,0.0
,2015-06-27 04:00,0.0
,2015-06-27 05:00,51.32913016210188
,2015-06-27 06:00,238.56635891133604
,2015-06-27 07:00,457.4394190059554
,2015-06-27 08:00,667.3105836268624
,2015-06-27 09:00,844.9849490027115
,2015-06-27 10:00,973.7920977668559
,2015-06-27 11:00,1043.2901046777586
,2015-06-27 12:00,1047.8945335833232
,2015-06-27 13:00,985.6732504617213
,2015-06-27 14:00,863.849320774892
,2015-06-27 15:00,691.1788083693422
,2015-06-27 16:00,484.0103823690379
,2015-06-27 17:00,263.8533829960099
,2015-06-27 18:00,68.76749310759999
,2015-06-27 19:00,0.0
,2015-06-27 20:00,0.0
,2015-06-27 21:00,0.0
,2015-06-27 22:00,0.0
,2015-06-27 23:00,0.0
,2015-06-28 00:00,0.0
,2015-06-28 01:00,0.0
,2015-06-28 02:00,0.0
,2015-06-28 03:00,0.0
,2015-06-28 04:00,0.0
,2015-06-28 05:00,50.82214057555026
,2015-06-28 06:00,237.4304908828682
,2015-06-28 07:00,455.7051589048433
,2015-06-28 08:00,666.3386431224424
,2015-06-28 09:00,844.1954050128505
,2015-06-28 10:00,972.3012814208147
,2015-06-28 11:00,1041.0243492043312
,2015-06-28 12:00,1045.7300298316939
,2015-06-28 13:00,988.3939985603731
,2015-06-28 14:00,863.5149218476032
,2015-06-28 15:00,691.4623464708109
,2015-06-28 16:00,483.85598591971166
,2015-06-28 17:00,263.716622873393
,2015-06-28 18:00,68.44408586711965
,2015-06-28 19:00,0.0
,2015-06-28 20:00,0.0
,2015-06-28 21:00,0.0
,2015-06-28 22:00,0.0
,2015-06-28 23:00,0.0
,2015-06-29 00:00,0.0
,2015-06-29 01:00,0.0
,2015-06-29 02:00,0.0
,2015-06-29 03:00,0.0
,2015-06-29 04:00,0.0
,2015-06-29 05:00,50.500023796696205
,2015-06-29 06:00,237.23913597966782
,2015-06-29 07:00,455.75971001988205
,2015-06-29 08:00,665.5931300713253
,2015-06-29 09:00,843.8785589937484
,2015-06-29 10:00,972.384500859184
,2015-06-29 11:00,1041.2791439416847
,2015-06-29 12:00,1044.8477376924131
,2015-06-29 13:00,983.6503399865903
,2015-06-29 14:00,861.9111149711216
,2015-06-29 15:00,689.820560550538
,2015-06-29 16:00,482.59781861396357
,2015-06-29 17:00,262.90779498333796
,2015-06-29 18:00,67.98091663380038
,2015-06-29 19:00,0.0
,2015-06-29 20:00,0.0
,2015-06-29 21:00,0.0
,2015-06-29 22:00,0.0
,2015-06-29 23:00,0.0
,2015-06-30 00:00,0.0
,2015-06-30 01:00,0.0
,2015-06-30 02:00,0.0
,2015-06-30 03:00,0.0
,2015-06-30 04:00,0.0
,2015-06-30 05:00,50.02735649988553
,2015-06-30 06:00,236.25788120916795
,2015-06-30 07:00,454.1467766398567
,2015-06-30 08:00,664.2916714984706
,2015-06-30 09:00,841.5638882808673
,2015-06-30 10:00,970.4341120684016
,2015-06-30 11:00,1040.706352436843
,2015-06-30 12:00,1043.7124254356902
,2015-06-30 13:00,982.0765099742524
,2015-06-30 14:00,860.8308737062697
,2015-06-30 15:00,688.6546027259978
,2015-06-30 16:00,481.5244834851333
,2015-06-30 17:00,262.0700403424856
,2015-06-30 18:00,67.41553545448114
,2015-06-30 19:00,0.0
,2015-06-30 20:00,0.0
,2015-06-30 21:00,0.0
,2015-06-30 22:00,0.0
,2015-06-30 23:00,0.0
,2015-07-01 00:00,0.0
,2015-07-01 01:00,0.0
,2015-07-01 02:00,0.0
,2015-07-01 03:00,0.0
,2015-07-01 04:00,0.0
,2015-07-01 05:00,49.67373756970264
,2015-07-01 06:00,236.44459343458044
,2015-07-01 07:00,455.38774791639514
,2015-07-01 08:00,665.7903145088654
,2015-07-01 09:00,843.7132342241952
,2015-07-01 10:00,972.8353439382346
,2015-07-01 11:00,1042.1247758172058
,2015-07-01 12:00,1047.1513327640241
,2015-07-01 13:00,985.347188981195
,2015-07-01 14:00,863.3988305680989
,2015-07-01 15:00,690.670868862904
,2015-07-01 16:00,482.4839754704024
,2015-07-01 17:00,262.30826902607294
,2015-07-01 18:00,67.09753885841795
,2015-07-01 19:00,0.0
,2015-07-01 20:00,0.0
,2015-07-01 21:00,0.0
,2015-07-01 22:00,0.0
,2015-07-01 23:00,0.0
,2015-07-02 00:00,0.0
,2015-07-02 01:00,0.0
,2015-07-02 02:00,0.0
,2015-07-02 03:00,0.0
,2015-07-02 04:00,0.0
,2015-07-02 05:00,49.20842266604689
,2015-07-02 06:00,235.45962106415763
,2015-07-02 07:00,453.6322224821799
,2015-07-02 08:00,663.9588039992499
,2015-07-02 09:00,842.4701728211428
,2015-07-02 10:00,971.8657074092088
,2015-07-02 11:00,1040.9453248014534
,2015-07-02 12:00,1045.289149434632
,2015-07-02 13:00,983.1820160088214
,2015-07-02 14:00,861.5353294688986
,2015-07-02 15:00,688.6243643751928
,2015-07-02 16:00,481.35876905802724
,2015-07-02 17:00,261.1947869109715
,2015-07-02 18:00,66.4220024333573
,2015-07-02 19:00,0.0
,2015-07-02 20:00,0.0
,2015-07-02 21:00,0.0
,2015-07-02 22:00,0.0
,2015-07-02 23:00,0.0
,2015-07-03 00:00,0.0
,2015-07-03 01:00,0.0
,2015-07-03 02:00,0.0
,2015-07-03 03:00,0.0
,2015-07-03 04:00,0.0
,2015-07-03 05:00,48.57220459833652
,2015-07-03 06:00,234.5423579429234
,2015-07-03 07:00,453.1070085104062
,2015-07-03 08:00,662.7154627348561
,2015-07-03 09:00,840.9915757861469
,2015-07-03 10:00,970.7473508109109
,2015-07-03 11:00,1039.6115081588214
,2015-07-03 12:00,1043.2136325090244
,2015-07-03 13:00,982.4575877825326
,2015-07-03 14:00,860.1922338938616
,2015-07-03 15:00,688.12600386164
,2015-07-03 16:00,480.6468552161828
,2015-07-03 17:00,260.3969143517222
,2015-07-03 18:00,65.76128426960666
,2015-07-03 19:00,0.0
,2015-07-03 20:00,0.0
,2015-07-03 21:00,0.0
,2015-07-03 22:00,0.0
,2015-07-03 23:00,0.0
,2015-07-04 00:00,0.0
,2015-07-04 01:00,0.0
,2015-07-04 02:00,0.0
,2015-07-04 03:00,0.0
,2015-07-04 04:00,0.0
,2015-07-04 05:00,47.834820337052726
,2015-07-04 06:00,233.95061237556132
,2015-07-04 07:00,453.0003590472156
,2015-07-04 08:00,663.2729049009474
,2015-07-04 09:00,841.2400310570875
,2015-07-04 10:00,970.2659745624272
,2015-07-04 11:00,1039.226412430855
,2015-07-04 12:00,1044.4598384546077
,2015-07-04 13:00,982.1580292884885
,2015-07-04 14:00,859.5252086050649
,2015-07-04 15:00,687.896823435931
,2015-07-04 16:00,479.83340146221116
,2015-07-04 17:00,259.463329806672
,2015-07-04 18:00,65.05496012574915
,2015-07-04 19:00,0.0
,2015-07-04 20:00,0.0
,2015-07-04 21:00,0.0
,2015-07-04 22:00,0.0
,2015-07-04 23:00,0.0
,2015-07-05 00:00,0.0
,2015-07-05 01:00,0.0
,2015-07-05 02:00,0.0
,2015-07-05 03:00,0.0
,2015-07-05 04:00,0.0
,2015-07-05 05:00,47.287775614163294
,2015-07-05 06:00,232.92726763625976
,2015-07-05 07:00,451.4498120801859
,2015-07-05 08:00,661.8271868558467
,2015-07-05 09:00,840.2017058342662
,2015-07-05 10:00,969.4294971005226
,2015-07-05 11:00,1039.1082991376752
,2015-07-05 12:00,1042.8280533910365
,2015-07-05 13:00,981.6382428857738
,2015-07-05 14:00,858.9703355438454
,2015-07-05 15:00,685.7098904209747
,2015-07-05 16:00,478.5394399521626
,2015-07-05 17:00,258.24716061323244
,2015-07-05 18:00,64.28962768171631
,2015-07-05 19:00,0.0
,2015-07-05 20:00,0.0
,2015-07-05 21:00,0.0
,2015-07-05 22:00,0.0
,2015-07-05 23:00,0.0
,2015-07-06 00:00,0.0
,2015-07-06 01:00,0.0
,2015-07-06 02:00,0.0
,2015-07-06 03:00,0.0
,2015-07-06 04:00,0.0
,2015-07-06 05:00,46.40872592210149
,2015-07-06 06:00,231.29104262845917
,2015-07-06 07:00,449.07721197802533
,2015-07-06 08:00,659.4061800086836
,2015-07-06 09:00,837.8443004900013
,2015-07-06 10:00,966.6421278195631
,2015-07-06 11:00,1036.01601026029
,2015-07-06 12:00,1039.9292660850447
,2015-07-06 13:00,978.7477318933725
,2015-07-06 14:00,856.1699830888217
,2015-07-06 15:00,684.0150191032984
,2015-07-06 16:00,476.88373303156817
,2015-07-06 17:00,257.1028342126876
,2015-07-06 18:00,63.41283508421244
,2015-07-06 19:00,0.0
,2015-07-06 20:00,0.0
,2015-07-06 21:00,0.0
,2015-07-06 22:00,0.0
,2015-07-06 23:00,0.0
,2015-07-07 00:00,0.0
,2015-07-07 01:00,0.0
,2015-07-07 02:00,0.0
,2015-07-07 03:00,0.0
,2015-07-07 04:00,0.0
,2015-07-07 05:00,0.0
,2015-07-07 06:00,230.398728325837
,2015-07-07 07:00,448.0480115730878
,2015-07-07 08:00,658.3647223183716
,2015-07-07 09:00,836.574804249494
,2015-07-07 10:00,965.5861948339788
,2015-07-07 11:00,1034.6576891808652
,2015-07-07 12:00,1039.0042954955647
,2015-07-07 13:00,977.7961201448153
,2015-07-07 14:00,855.998521486311
,2015-07-07 15:00,682.9274301886567
,2015-07-07 16:00,475.51096490435947
,2015-07-07 17:00,255.79750798888534
,2015-07-07 18:00,62.48762785690798
,2015-07-07 19:00,0.0
,2015-07-07 20:00,0.0
,2015-07-07 21:00,0.0
,2015-07-07 22:00,0.0
,2015-07-07 23:00,0.0
,2015-07-08 00:00,0.0
,2015-07-08 01:00,0.0
,2015-07-08 02:00,0.0
,2015-07-08 03:00,0.0
,2015-07-08 04:00,0.0
,2015-07-08 05:00,0.0
,2015-07-08 06:00,229.24842371986134
,2015-07-08 07:00,447.1358601842841
,2015-07-08 08:00,657.7177556655103
,2015-07-08 09:00,835.8104075055562
,2015-07-08 10:00,965.1373737155651
,2015-07-08 11:00,1034.777912577371
,2015-07-08 12:00,1037.6763116926106
,2015-07-08 13:00,976.6582632816136
,2015-07-08 14:00,855.002258477257
,2015-07-08 15:00,682.9753945584893
,2015-07-08 16:00,475.4070585831183
,2015-07-08 17:00,255.43643651806818
,2015-07-08 18:00,61.74060781237417
,2015-07-08 19:00,0.0
,2015-07-08 20:00,0.0
,2015-07-08 21:00,0.0
,2015-07-08 22:00,0.0
,2015-07-08 23:00,0.0
,2015-07-09 00:00,0.0
,2015-07-09 01:00,0.0
,2015-07-09 02:00,0.0
,2015-07-09 03:00,0.0
,2015-07-09 04:00,0.0
,2015-07-09 05:00,0.0
,2015-07-09 06:00,228.45808376925714
,2015-07-09 07:00,446.93794124784563
,2015-07-09 08:00,657.3943784171889
,2015-07-09 09:00,835.4540602285418
,2015-07-09 10:00,965.0869912678102
,2015-07-09 11:00,1033.751262898438
,2015-07-09 12:00,1037.489130924833
,2015-07-09 13:00,976.2121047153466
,2015-07-09 14:00,853.575585366681
,2015-07-09 15:00,681.5034890072345
,2015-07-09 16:00,474.32140251379684
,2015-07-09 17:00,254.2643358567399
,2015-07-09 18:00,60.99860841810448
,2015-07-09 19:00,0.0
,2015-07-09 20:00,0.0
,2015-07-09 21:00,0.0
,2015-07-09 22:00,0.0
,2015-07-09 23:00,0.0
,2015-07-10 00:00,0.0
,2015-07-10 01:00,0.0
,2015-07-10 02:00,0.0
,2015-07-10 03:00,0.0
,2015-07-10 04:00,0.0
,2015-07-10 05:00,0.0
,2015-07-10 06:00,227.87972401650774
,2015-07-10 07:00,447.31125598307443
,2015-07-10 08:00,659.1851605277367
,2015-07-10 09:00,838.5354029653636
,2015-07-10 10:00,968.7374284908126
,2015-07-10 11:00,1037.9027744429995
,2015-07-10 12:00,1042.0858724613392
,2015-07-10 13:00,979.7675719895333
,2015-07-10 14:00,856.8486453322878
,2015-07-10 15:00,683.4376852245763
,2015-07-10 16:00,474.71750836078843
,2015-07-10 17:00,253.75727577611715
,2015-07-10 18:00,60.027862052642284
,2015-07-10 19:00,0.0
,2015-07-10 20:00,0.0
,2015-07-10 21:00,0.0
,2015-07-10 22:00,0.0
,2015-07-10 23:00,0.0
,2015-07-11 00:00,0.0
,2015-07-11 01:00,0.0
,2015-07-11 02:00,0.0
,2015-07-11 03:00,0.0
,2015-07-11 04:00,0.0
,2015-07-11 05:00,42.36347196968894
,2015-07-11 06:00,226.73830776531688
,2015-07-11 07:00,445.9028783625133
,2015-07-11 08:00,657.3255219714533
,2015-07-11 09:00,836.020428172523
,2015-07-11 10:00,964.6183413923555
,2015-07-11 11:00,1034.9077220627366
,2015-07-11 12:00,1038.963547808382
,2015-07-11 13:00,977.6149458179317
,2015-07-11 14:00,854.2147877150065
,2015-07-11 15:00,680.3198961208329
,2015-07-11 16:00,472.282353971574
,2015-07-11 17:00,251.78001200057065
,2015-07-11 18:00,0.0
,2015-07-11 19:00,0.0
,2015-07-11 20:00,0.0
,2015-07-11 21:00,0.0
,2015-07-11 22:00,0.0
,2015-07-11 23:00,0.0
,2015-07-12 00:00,0.0
,2015-07-12 01:00,0.0
,2015-07-12 02:00,0.0
,2015-07-12 03:00,0.0
,2015-07-12 04:00,0.0
,2015-07-12 05:00,41.24910028431707
,2015-07-12 06:00,224.8671673929172
,2015-07-12 07:00,443.5876047730223
,2015-07-12 08:00,655.0778528283168
,2015-07-12 09:00,833.5384381396742
,2015-07-12 10:00,962.4971647653398
,2015-07-12 11:00,1032.2031963091506
,2015-07-12 12:00,1037.0299516075008
,2015-07-12 13:00,974.5963890101414
,2015-07-12 14:00,852.1711526657659
,2015-07-12 15:00,679.0931270702714
,2015-07-12 16:00,470.6084709326964
,2015-07-12 17:00,250.1718321281375
,2015-07-12 18:00,0.0
,2015-07-12 19:00,0.0
,2015-07-12 20:00,0.0
,2015-07-12 21:00,0.0
,2015-07-12 22:00,0.0
,2015-07-12 23:00,0.0
,2015-07-13 00:00,0.0
,2015-07-13 01:00,0.0
,2015-07-13 02:00,0.0
,2015-07-13 03:00,0.0
,2015-07-13 04:00,0.0
,2015-07-13 05:00,40.243811895779515
,2015-07-13 06:00,223.49733239359205
,2015-07-13 07:00,441.7006485773665
,2015-07-13 08:00,652.4609203974776
,2015-07-13 09:00,830.963708481547
,2015-07-13 10:00,961.1044821525833
,2015-07-13 11:00,1030.2897975878695
,2015-07-13 12:00,1034.8826177371088
,2015-07-13 13:00,972.9954138710802
,2015-07-13 14:00,851.220614459645
,2015-07-13 15:00,677.883670759225
,2015-07-13 16:00,469.37567948515425
,2015-07-13 17:00,249.34760508910207
,2015-07-13 18:00,0.0
,2015-07-13 19:00,0.0
,2015-07-13 20:00,0.0
,2015-07-13 21:00,0.0
,2015-07-13 22:00,0.0
,2015-07-13 23:00,0.0
,2015-07-14 00:00,0.0
,2015-07-14 01:00,0.0
,2015-07-14 02:00,0.0
,2015-07-14 03:00,0.0
,2015-07-14 04:00,0.0
,2015-07-14 05:00,39.13980168140767
,2015-07-14 06:00,221.77134041478945
,2015-07-14 07:00,440.95125842297
,2015-07-14 08:00,652.4767432381685
,2015-07-14 09:00,830.8554073034429
,2015-07-14 10:00,961.3037832668313
,2015-07-14 11:00,1031.335882498332
,2015-07-14 12:00,1036.1659225491653
,2015-07-14 13:00,974.0686433465004
,2015-07-14 14:00,850.2109020564208
,2015-07-14 15:00,677.1752576083303
,2015-07-14 16:00,468.28977859886356
,2015-07-14 17:00,247.61805989784975
,2015-07-14 18:00,0.0
,2015-07-14 19:00,0.0
,2015-07-14 20:00,0.0
,2015-07-14 21:00,0.0
,2015-07-14 22:00,0.0
,2015-07-14 23:00,0.0
,2015-07-15 00:00,0.0
,2015-07-15 01:00,0.0
,2015-07-15 02:00,0.0
,2015-07-15 03:00,0.0
,2015-07-15 04:00,0.0
,2015-07-15 05:00,38.1509905535195
,2015-07-15 06:00,220.59424743976888
,2015-07-15 07:00,439.08559568581995
,2015-07-15 08:00,650.6277809181987
,2015-07-15 09:00,830.0252924904233
,2015-07-15 10:00,960.2685850303611
,2015-07-15 11:00,1029.8908384593974
,2015-07-15 12:00,1033.8238798963093
,2015-07-15 13:00,971.821113645613
,2015-07-15 14:00,848.9603473627265
,2015-07-15 15:00,675.4250234514492
,2015-07-15 16:00,466.70298187701997
,2015-07-15 17:00,245.97055452239965
,2015-07-15 18:00,54.1980147039377
,2015-07-15 19:00,0.0
,2015-07-15 20:00,0.0
,2015-07-15 21:00,0.0
,2015-07-15 22:00,0.0
,2015-07-15 23:00,0.0
,2015-07-16 00:00,0.0
,2015-07-16 01:00,0.0
,2015-07-16 02:00,0.0
,2015-07-16 03:00,0.0
,2015-07-16 04:00,0.0
,2015-07-16 05:00,0.0
,2015-07-16 06:00,218.61219427567684
,2015-07-16 07:00,436.45723037852815
,2015-07-16 08:00,647.5894744160398
,2015-07-16 09:00,826.226773000677
,2015-07-16 10:00,957.3379859180806
,2015-07-16 11:00,1027.285448459914
,2015-07-16 12:00,1032.1105863319783
,2015-07-16 13:00,969.6718501161182
,2015-07-16 14:00,846.4943565284866
,2015-07-16 15:00,673.6539355223745
,2015-07-16 16:00,464.6084656026616
,2015-07-16 17:00,243.86536719201754
,2015-07-16 18:00,52.83799782125844
,2015-07-16 19:00,0.0
,2015-07-16 20:00,0.0
,2015-07-16 21:00,0.0
,2015-07-16 22:00,0.0
,2015-07-16 23:00,0.0
,2015-07-17 00:00,0.0
,2015-07-17 01:00,0.0
,2015-07-17 02:00,0.0
,2015-07-17 03:00,0.0
,2015-07-17 04:00,0.0
,2015-07-17 05:00,0.0
,2015-07-17 06:00,217.05882223467933
,2015-07-17 07:00,435.52544321022407
,2015-07-17 08:00,646.1504860036353
,2015-07-17 09:00,824.880519002137
,2015-07-17 10:00,955.2336684898847
,2015-07-17 11:00,1025.222648437295
,2015-07-17 12:00,1029.5271736188217
,2015-07-17 13:00,966.6900049110501
,2015-07-17 14:00,844.2768757594914
,2015-07-17 15:00,670.5617441135666
,2015-07-17 16:00,462.3267373981536
,2015-07-17 17:00,242.04245219123214
,2015-07-17 18:00,51.56588983493846
,2015-07-17 19:00,0.0
,2015-07-17 20:00,0.0
,2015-07-17 21:00,0.0
,2015-07-17 22:00,0.0
,2015-07-17 23:00,0.0
,2015-07-18 00:00,0.0
,2015-07-18 01:00,0.0
,2015-07-18 02:00,0.0
,2015-07-18 03:00,0.0
,2015-07-18 04:00,0.0
,2015-07-18 05:00,0.0
,2015-07-18 06:00,215.3135369652988
,2015-07-18 07:00,433.4030008692349
,2015-07-18 08:00,644.5933721975688
,2015-07-18 09:00,822.7669159783095
,2015-07-18 10:00,953.8873440406584
,2015-07-18 11:00,1023.8123956500676
,2015-07-18 12:00,1027.9449766832815
,2015-07-18 13:00,966.4334141630385
,2015-07-18 14:00,842.874680176842
,2015-07-18 15:00,670.1005711828013
,2015-07-18 16:00,461.1172182066531
,2015-07-18 17:00,240.46127365330915
,2015-07-18 18:00,50.20286034555478
,2015-07-18 19:00,0.0
,2015-07-18 20:00,0.0
,2015-07-18 21:00,0.0
,2015-07-18 22:00,0.0
,2015-07-18 23:00,0.0
,2015-07-19 00:00,0.0
,2015-07-19 01:00,0.0
,2015-07-19 02:00,0.0
,2015-07-19 03:00,0.0
,2015-07-19 04:00,0.0
,2015-07-19 05:00,33.388110002108014
,2015-07-19 06:00,213.29813747363985
,2015-07-19 07:00,431.14739167602806
,2015-07-19 08:00,642.4071410849965
,2015-07-19 09:00,821.7229320662148
,2015-07-19 10:00,952.1930480434701
,2015-07-19 11:00,1022.557605042801
,2015-07-19 12:00,1026.9908713293726
,2015-07-19 13:00,964.63700616242
,2015-07-19 14:00,841.3762265996711
,2015-07-19 15:00,667.6287400693136
,2015-07-19 16:00,459.6143722486505
,2015-07-19 17:00,238.8110814914155
,2015-07-19 18:00,48.91753026197993
,2015-07-19 19:00,0.0
,2015-07-19 20:00,0.0
,2015-07-19 21:00,0.0
,2015-07-19 22:00,0.0
,2015-07-19 23:00,0.0
,2015-07-20 00:00,0.0
,2015-07-20 01:00,0.0
,2015-07-20 02:00,0.0
,2015-07-20 03:00,0.0
,2015-07-20 04:00,0.0
,2015-07-20 05:00,32.18572933421565
,2015-07-20 06:00,211.49263847598348
,2015-07-20 07:00,429.63265667825857
,2015-07-20 08:00,641.1213463659208
,2015-07-20 09:00,820.4575297282796
,2015-07-20 10:00,951.3402746004635
,2015-07-20 11:00,1021.8124002670971
,2015-07-20 12:00,1025.5451930525737
,2015-07-20 13:00,963.3698142934265
,2015-07-20 14:00,840.6850040758
,2015-07-20 15:00,666.7945141907552
,2015-07-20 16:00,457.5052241562436
,2015-07-20 17:00,236.95943751868424
,2015-07-20 18:00,0.0
,2015-07-20 19:00,0.0
,2015-07-20 20:00,0.0
,2015-07-20 21:00,0.0
,2015-07-20 22:00,0.0
,2015-07-20 23:00,0.0
,2015-07-21 00:00,0.0
,2015-07-21 01:00,0.0
,2015-07-21 02:00,0.0
,2015-07-21 03:00,0.0
,2015-07-21 04:00,0.0
,2015-07-21 05:00,30.96957131787553
,2015-07-21 06:00,209.82675318884145
,2015-07-21 07:00,428.3646279103533
,2015-07-21 08:00,640.3468143315617
,2015-07-21 09:00,819.7920742132617
,2015-07-21 10:00,949.7320886162573
,2015-07-21 11:00,1019.9095642069866
,2015-07-21 12:00,1024.8483928854155
,2015-07-21 13:00,962.6302385394767
,2015-07-21 14:00,839.8907447740986
,2015-07-21 15:00,665.6581958153878
,2015-07-21 16:00,456.27181064271423
,2015-07-21 17:00,235.1061968629407
,2015-07-21 18:00,0.0
,2015-07-21 19:00,0.0
,2015-07-21 20:00,0.0
,2015-07-21 21:00,0.0
,2015-07-21 22:00,0.0
,2015-07-21 23:00,0.0
,2015-07-22 00:00,0.0
,2015-07-22 01:00,0.0
,2015-07-22 02:00,0.0
,2015-07-22 03:00,0.0
,2015-07-22 04:00,0.0
,2015-07-22 05:00,29.75256591367734
,2015-07-22 06:00,208.17346143056332
,2015-07-22 07:00,427.158497129478
,2015-07-22 08:00,638.6589769363999
,2015-07-22 09:00,817.7134539481564
,2015-07-22 10:00,948.1756475952884
,2015-07-22 11:00,1018.7503446126448
,2015-07-22 12:00,1022.8004808297453
,2015-07-22 13:00,960.5748799695453
,2015-07-22 14:00,836.9706152628156
,2015-07-22 15:00,662.6842940832091
,2015-07-22 16:00,454.54014948289426
,2015-07-22 17:00,233.38267084562028
,2015-07-22 18:00,44.674735960001804
,2015-07-22 19:00,0.0
,2015-07-22 20:00,0.0
,2015-07-22 21:00,0.0
,2015-07-22 22:00,0.0
,2015-07-22 23:00,0.0
,2015-07-23 00:00,0.0
,2015-07-23 01:00,0.0
,2015-07-23 02:00,0.0
,2015-07-23 03:00,0.0
,2015-07-23 04:00,0.0
,2015-07-23 05:00,0.0
,2015-07-23 06:00,206.4580233581881
,2015-07-23 07:00,425.5888132761065
,2015-07-23 08:00,638.5886901984968
,2015-07-23 09:00,819.9305336283231
,2015-07-23 10:00,950.7260990447222
,2015-07-23 11:00,1021.3569164330609
,2015-07-23 12:00,1023.8840027579017
,2015-07-23 13:00,960.7521442105128
,2015-07-23 14:00,837.381741749054
,2015-07-23 15:00,662.4485381475985
,2015-07-23 16:00,452.7297898541396
,2015-07-23 17:00,234.3070821721009
,2015-07-23 18:00,43.768671060850515
,2015-07-23 19:00,0.0
,2015-07-23 20:00,0.0
,2015-07-23 21:00,0.0
,2015-07-23 22:00,0.0
,2015-07-23 23:00,0.0
,2015-07-24 00:00,0.0
,2015-07-24 01:00,0.0
,2015-07-24 02:00,0.0
,2015-07-24 03:00,0.0
,2015-07-24 04:00,0.0
,2015-07-24 05:00,0.0
,2015-07-24 06:00,204.9649107065509
,2015-07-24 07:00,424.69795855637074
,2015-07-24 08:00,637.4057034852846
,2015-07-24 09:00,818.2693634129264
,2015-07-24 10:00,949.4679845421794
,2015-07-24 11:00,1019.8482800769517
,2015-07-24 12:00,1024.2385557385126
,2015-07-24 13:00,961.7881192210737
,2015-07-24 14:00,838.535134750176
,2015-07-24 15:00,667.95624845207
,2015-07-24 16:00,456.68713880998547
,2015-07-24 17:00,232.23241782685918
,2015-07-24 18:00,42.20648122682589
,2015-07-24 19:00,0.0
,2015-07-24 20:00,0.0
,2015-07-24 21:00,0.0
,2015-07-24 22:00,0.0
,2015-07-24 23:00,0.0
,2015-07-25 00:00,0.0
,2015-07-25 01:00,0.0
,2015-07-25 02:00,0.0
,2015-07-25 03:00,0.0
,2015-07-25 04:00,0.0
,2015-07-25 05:00,25.999733235133565
,2015-07-25 06:00,202.92045375566548
,2015-07-25 07:00,422.62084540124107
,2015-07-25 08:00,636.0406443850885
,2015-07-25 09:00,817.3053652702345
,2015-07-25 10:00,948.8060188712303
,2015-07-25 11:00,1019.5011389727753
,2015-07-25 12:00,1023.5628856019816
,2015-07-25 13:00,960.9848768558301
,2015-07-25 14:00,839.9813714150953
,2015-07-25 15:00,663.688762956801
,2015-07-25 16:00,453.6239349015273
,2015-07-25 17:00,229.69923695851344
,2015-07-25 18:00,40.5556295717216
,2015-07-25 19:00,0.0
,2015-07-25 20:00,0.0
,2015-07-25 21:00,0.0
,2015-07-25 22:00,0.0
,2015-07-25 23:00,0.0
,2015-07-26 00:00,0.0
,2015-07-26 01:00,0.0
,2015-07-26 02:00,0.0
,2015-07-26 03:00,0.0
,2015-07-26 04:00,0.0
,2015-07-26 05:00,24.685193291519283
,2015-07-26 06:00,201.01848845675084
,2015-07-26 07:00,420.62604757540936
,2015-07-26 08:00,633.736505347851
,2015-07-26 09:00,815.3676383722477
,2015-07-26 10:00,946.3379235644495
,2015-07-26 11:00,1016.6334348071201
,2015-07-26 12:00,1020.2432370020284
,2015-07-26 13:00,959.3279012337072
,2015-07-26 14:00,835.0936207405506
,2015-07-26 15:00,658.7580183191417
,2015-07-26 16:00,448.50355936347427
,2015-07-26 17:00,226.55461111975626
,2015-07-26 18:00,0.0
,2015-07-26 19:00,0.0
,2015-07-26 20:00,0.0
,2015-07-26 21:00,0.0
,2015-07-26 22:00,0.0
,2015-07-26 23:00,0.0
,2015-07-27 00:00,0.0
,2015-07-27 01:00,0.0
,2015-07-27 02:00,0.0
,2015-07-27 03:00,0.0
,2015-07-27 04:00,0.0
,2015-07-27 05:00,23.33748022590413
,2015-07-27 06:00,198.8906878314164
,2015-07-27 07:00,418.82480356559284
,2015-07-27 08:00,632.9485331515743
,2015-07-27 09:00,813.9298314058816
,2015-07-27 10:00,944.7640155492775
,2015-07-27 11:00,1015.5371010634487
,2015-07-27 12:00,1020.2539407884653
,2015-07-27 13:00,956.9267960454486
,2015-07-27 14:00,831.9905844479614
,2015-07-27 15:00,656.3245059758119
,2015-07-27 16:00,445.2372170983945
,2015-07-27 17:00,223.34187910996422
,2015-07-27 18:00,0.0
,2015-07-27 19:00,0.0
,2015-07-27 20:00,0.0
,2015-07-27 21:00,0.0
,2015-07-27 22:00,0.0
,2015-07-27 23:00,0.0
,2015-07-28 00:00,0.0
,2015-07-28 01:00,0.0
,2015-07-28 02:00,0.0
,2015-07-28 03:00,0.0
,2015-07-28 04:00,0.0
,2015-07-28 05:00,22.030400952837965
,2015-07-28 06:00,196.65525909442164
,2015-07-28 07:00,416.58643241010554
,2015-07-28 08:00,629.8772333052535
,2015-07-28 09:00,811.3535820188794
,2015-07-28 10:00,942.9498135035911
,2015-07-28 11:00,1013.5490950993684
,2015-07-28 12:00,1017.2384858402426
,2015-07-28 13:00,954.119179078594
,2015-07-28 14:00,829.6155247999216
,2015-07-28 15:00,654.5847850805961
,2015-07-28 16:00,443.33584444094436
,2015-07-28 17:00,221.23986313579496
,2015-07-28 18:00,35.72469243498976
,2015-07-28 19:00,0.0
,2015-07-28 20:00,0.0
,2015-07-28 21:00,0.0
,2015-07-28 22:00,0.0
,2015-07-28 23:00,0.0
,2015-07-29 00:00,0.0
,2015-07-29 01:00,0.0
,2015-07-29 02:00,0.0
,2015-07-29 03:00,0.0
,2015-07-29 04:00,0.0
,2015-07-29 05:00,0.0
,2015-07-29 06:00,194.27807235785522
,2015-07-29 07:00,414.41010201682263
,2015-07-29 08:00,627.7910448348479
,2015-07-29 09:00,809.1249766587679
,2015-07-29 10:00,940.7521510037006
,2015-07-29 11:00,1011.7186178304288
,2015-07-29 12:00,1015.2351386466515
,2015-07-29 13:00,952.2994943370974
,2015-07-29 14:00,826.975875416577
,2015-07-29 15:00,651.1328248590688
,2015-07-29 16:00,440.0361905410995
,2015-07-29 17:00,218.52480788796862
,2015-07-29 18:00,34.06519561413961
,2015-07-29 19:00,0.0
,2015-07-29 20:00,0.0
,2015-07-29 21:00,0.0
,2015-07-29 22:00,0.0
,2015-07-29 23:00,0.0
,2015-07-30 00:00,0.0
,2015-07-30 01:00,0.0
,2015-07-30 02:00,0.0
,2015-07-30 03:00,0.0
,2015-07-30 04:00,0.0
,2015-07-30 05:00,19.31474070837423
,2015-07-30 06:00,191.39218825068795
,2015-07-30 07:00,410.2103244827865
,2015-07-30 08:00,623.3258464344051
,2015-07-30 09:00,805.1958820788346
,2015-07-30 10:00,936.3653291686174
,2015-07-30 11:00,1007.8601580348503
,2015-07-30 12:00,1011.984599042964
,2015-07-30 13:00,949.2935087516069
,2015-07-30 14:00,824.0020618461808
,2015-07-30 15:00,648.3805419940935
,2015-07-30 16:00,437.59119867789457
,2015-07-30 17:00,215.89247720750384
,2015-07-30 18:00,32.42344950012664
,2015-07-30 19:00,0.0
,2015-07-30 20:00,0.0
,2015-07-30 21:00,0.0
,2015-07-30 22:00,0.0
,2015-07-30 23:00,0.0
,2015-07-31 00:00,0.0
,2015-07-31 01:00,0.0
,2015-07-31 02:00,0.0
,2015-07-31 03:00,0.0
,2015-07-31 04:00,0.0
,2015-07-31 05:00,17.969684879465003
,2015-07-31 06:00,189.1674890932912
,2015-07-31 07:00,408.0544757247634
,2015-07-31 08:00,621.4096062154587
,2015-07-31 09:00,803.439854240716
,2015-07-31 10:00,934.7194513652212
,2015-07-31 11:00,1005.4634812922026
,2015-07-31 12:00,1010.3472985645109
,2015-07-31 13:00,948.1703380494367
,2015-07-31 14:00,823.3908256692318
,2015-07-31 15:00,646.6452370345213
,2015-07-31 16:00,435.86993541334596
,2015-07-31 17:00,214.1841541800164
,2015-07-31 18:00,30.980994593088262
,2015-07-31 19:00,0.0
,2015-07-31 20:00,0.0
,2015-07-31 21:00,0.0
,2015-07-31 22:00,0.0
,2015-07-31 23:00,0.0
,2015-08-01 00:00,0.0
,2015-08-01 01:00,0.0
,2015-08-01 02:00,0.0
,2015-08-01 03:00,0.0
,2015-08-01 04:00,0.0
,2015-08-01 05:00,16.827895551346387
,2015-08-01 06:00,188.38837363070405
,2015-08-01 07:00,409.9888232107334
,2015-08-01 08:00,625.2561065815026
,2015-08-01 09:00,808.0425720615311
,2015-08-01 10:00,941.8338206161319
,2015-08-01 11:00,1013.1267298244679
,2015-08-01 12:00,1016.791715296843
,2015-08-01 13:00,953.0762919261224
,2015-08-01 14:00,826.2879175671109
,2015-08-01 15:00,648.7979813805399
,2015-08-01 16:00,435.75166269855754
,2015-08-01 17:00,212.48097112746123
,2015-08-01 18:00,0.0
,2015-08-01 19:00,0.0
,2015-08-01 20:00,0.0
,2015-08-01 21:00,0.0
,2015-08-01 22:00,0.0
,2015-08-01 23:00,0.0
,2015-08-02 00:00,0.0
,2015-08-02 01:00,0.0
,2015-08-02 02:00,0.0
,2015-08-02 03:00,0.0
,2015-08-02 04:00,0.0
,2015-08-02 05:00,15.472217900656052
,2015-08-02 06:00,185.349407824835
,2015-08-02 07:00,405.718638215495
,2015-08-02 08:00,620.5866886735485
,2015-08-02 09:00,804.210934462404
,2015-08-02 10:00,937.3634584388321
,2015-08-02 11:00,1008.5980989304608
,2015-08-02 12:00,1013.7695144372829
,2015-08-02 13:00,949.4231712618514
,2015-08-02 14:00,824.0765770601038
,2015-08-02 15:00,646.11100386798
,2015-08-02 16:00,433.1800000881131
,2015-08-02 17:00,209.85233897314336
,2015-08-02 18:00,0.0
,2015-08-02 19:00,0.0
,2015-08-02 20:00,0.0
,2015-08-02 21:00,0.0
,2015-08-02 22:00,0.0
,2015-08-02 23:00,0.0
,2015-08-03 00:00,0.0
,2015-08-03 01:00,0.0
,2015-08-03 02:00,0.0
,2015-08-03 03:00,0.0
,2015-08-03 04:00,0.0
,2015-08-03 05:00,0.0
,2015-08-03 06:00,183.52771205032425
,2015-08-03 07:00,405.2633809654819
,2015-08-03 08:00,620.9273144161125
,2015-08-03 09:00,804.8055839712093
,2015-08-03 10:00,938.8115994358587
,2015-08-03 11:00,1009.7412040284089
,2015-08-03 12:00,1013.2640820429692
,2015-08-03 13:00,950.6464455717656
,2015-08-03 14:00,824.0693742657576
,2015-08-03 15:00,647.6724716594041
,2015-08-03 16:00,434.5448260153753
,2015-08-03 17:00,210.27580433971988
,2015-08-03 18:00,26.629921258928956
,2015-08-03 19:00,0.0
,2015-08-03 20:00,0.0
,2015-08-03 21:00,0.0
,2015-08-03 22:00,0.0
,2015-08-03 23:00,0.0
,2015-08-04 00:00,0.0
,2015-08-04 01:00,0.0
,2015-08-04 02:00,0.0
,2015-08-04 03:00,0.0
,2015-08-04 04:00,0.0
,2015-08-04 05:00,12.983967635267474
,2015-08-04 06:00,181.25781565255838
,2015-08-04 07:00,403.0032268319047
,2015-08-04 08:00,619.1165638446633
,2015-08-04 09:00,802.8052750005869
,2015-08-04 10:00,936.9881768859677
,2015-08-04 11:00,1008.0166923765678
,2015-08-04 12:00,1012.3343188074631
,2015-08-04 13:00,948.712867083654
,2015-08-04 14:00,821.8455007893015
,2015-08-04 15:00,643.3075759872929
,2015-08-04 16:00,429.4094734754052
,2015-08-04 17:00,205.3883972542907
,2015-08-04 18:00,24.757709035287448
,2015-08-04 19:00,0.0
,2015-08-04 20:00,0.0
,2015-08-04 21:00,0.0
,2015-08-04 22:00,0.0
,2015-08-04 23:00,0.0
,2015-08-05 00:00,0.0
,2015-08-05 01:00,0.0
,2015-08-05 02:00,0.0
,2015-08-05 03:00,0.0
,2015-08-05 04:00,0.0
,2015-08-05 05:00,11.712039011187851
,2015-08-05 06:00,178.3954332131614
,2015-08-05 07:00,399.2367301598794
,2015-08-05 08:00,616.0411522114591
,2015-08-05 09:00,798.7888825139541
,2015-08-05 10:00,932.0915020892886
,2015-08-05 11:00,1004.8685313686353
,2015-08-05 12:00,1008.6260468537226
,2015-08-05 13:00,945.8476359325248
,2015-08-05 14:00,818.6868701852152
,2015-08-05 15:00,640.5028086444303
,2015-08-05 16:00,426.4518098490798
,2015-08-05 17:00,202.81823561539363
,2015-08-05 18:00,23.181721424632645
,2015-08-05 19:00,0.0
,2015-08-05 20:00,0.0
,2015-08-05 21:00,0.0
,2015-08-05 22:00,0.0
,2015-08-05 23:00,0.0
,2015-08-06 00:00,0.0
,2015-08-06 01:00,0.0
,2015-08-06 02:00,0.0
,2015-08-06 03:00,0.0
,2015-08-06 04:00,0.0
,2015-08-06 05:00,10.496237849647946
,2015-08-06 06:00,175.68641376393683
,2015-08-06 07:00,396.59137128923584
,2015-08-06 08:00,612.5621308837572
,2015-08-06 09:00,797.2324012301383
,2015-08-06 10:00,930.2964376909454
,2015-08-06 11:00,1002.9601487029797
,2015-08-06 12:00,1007.4722845839133
,2015-08-06 13:00,943.9915719340262
,2015-08-06 14:00,816.825622227435
,2015-08-06 15:00,638.4890888030451
,2015-08-06 16:00,424.8299384402799
,2015-08-06 17:00,200.4036002609643
,2015-08-06 18:00,0.0
,2015-08-06 19:00,0.0
,2015-08-06 20:00,0.0
,2015-08-06 21:00,0.0
,2015-08-06 22:00,0.0
,2015-08-06 23:00,0.0
,2015-08-07 00:00,0.0
,2015-08-07 01:00,0.0
,2015-08-07 02:00,0.0
,2015-08-07 03:00,0.0
,2015-08-07 04:00,0.0
,2015-08-07 05:00,9.297884585734787
,2015-08-07 06:00,172.8781250917908
,2015-08-07 07:00,394.0266001392661
,2015-08-07 08:00,610.4426703185626
,2015-08-07 09:00,793.9338507070274
,2015-08-07 10:00,929.1820131737933
,2015-08-07 11:00,1001.4861339295485
,2015-08-07 12:00,1005.0396803118596
,2015-08-07 13:00,942.0808852732966
,2015-08-07 14:00,817.48554578271
,2015-08-07 15:00,639.1164264657334
,2015-08-07 16:00,422.2987633463701
,2015-08-07 17:00,197.34746390726232
,2015-08-07 18:00,0.0
,2015-08-07 19:00,0.0
,2015-08-07 20:00,0.0
,2015-08-07 21:00,0.0
,2015-08-07 22:00,0.0
,2015-08-07 23:00,0.0
,2015-08-08 00:00,0.0
,2015-08-08 01:00,0.0
,2015-08-08 02:00,0.0
,2015-08-08 03:00,0.0
,2015-08-08 04:00,0.0
,2015-08-08 05:00,0.0
,2015-08-08 06:00,170.4108824302037
,2015-08-08 07:00,391.43658220865285
,2015-08-08 08:00,608.6244273753586
,2015-08-08 09:00,793.2292804077507
,2015-08-08 10:00,927.932835540097
,2015-08-08 11:00,1000.1734323948949
,2015-08-08 12:00,1004.1259545345231
,2015-08-08 13:00,942.486317278944
,2015-08-08 14:00,814.8936530530007
,2015-08-08 15:00,636.5818058144595
,2015-08-08 16:00,419.94212662181627
,2015-08-08 17:00,194.64220241035525
,2015-08-08 18:00,18.569268612560023
,2015-08-08 19:00,0.0
,2015-08-08 20:00,0.0
,2015-08-08 21:00,0.0
,2015-08-08 22:00,0.0
,2015-08-08 23:00,0.0
,2015-08-09 00:00,0.0
,2015-08-09 01:00,0.0
,2015-08-09 02:00,0.0
,2015-08-09 03:00,0.0
,2015-08-09 04:00,0.0
,2015-08-09 05:00,7.06596316848226
,2015-08-09 06:00,167.8546309911998
,2015-08-09 07:00,388.35067101890746
,2015-08-09 08:00,604.4164406269412
,2015-08-09 09:00,789.6860916597362
,2015-08-09 10:00,923.775369966391
,2015-08-09 11:00,995.9122185465773
,2015-08-09 12:00,1000.6835237003692
,2015-08-09 13:00,937.3184648339554
,2015-08-09 14:00,809.7396895774243
,2015-08-09 15:00,631.2436308302396
,2015-08-09 16:00,417.99765909498655
,2015-08-09 17:00,192.9380269296106
,2015-08-09 18:00,17.19819519061272
,2015-08-09 19:00,0.0
,2015-08-09 20:00,0.0
,2015-08-09 21:00,0.0
,2015-08-09 22:00,0.0
,2015-08-09 23:00,0.0
,2015-08-10 00:00,0.0
,2015-08-10 01:00,0.0
,2015-08-10 02:00,0.0
,2015-08-10 03:00,0.0
,2015-08-10 04:00,0.0
,2015-08-10 05:00,6.001909858299932
,2015-08-10 06:00,164.90828145212052
,2015-08-10 07:00,385.5907935340141
,2015-08-10 08:00,602.7904918121221
,2015-08-10 09:00,787.6999910314147
,2015-08-10 10:00,922.213101205827
,2015-08-10 11:00,994.9912378209744
,2015-08-10 12:00,998.9098328373996
,2015-08-10 13:00,936.0714982699207
,2015-08-10 14:00,811.3913719481724
,2015-08-10 15:00,632.3141636185195
,2015-08-10 16:00,418.15471945723976
,2015-08-10 17:00,191.25917369762524
,2015-08-10 18:00,15.82404966707613
,2015-08-10 19:00,0.0
,2015-08-10 20:00,0.0
,2015-08-10 21:00,0.0
,2015-08-10 22:00,0.0
,2015-08-10 23:00,0.0
,2015-08-11 00:00,0.0
,2015-08-11 01:00,0.0
,2015-08-11 02:00,0.0
,2015-08-11 03:00,0.0
,2015-08-11 04:00,0.0
,2015-08-11 05:00,5.001305939526873
,2015-08-11 06:00,162.55183626534853
,2015-08-11 07:00,384.4851632089621
,2015-08-11 08:00,602.8346094909639
,2015-08-11 09:00,789.0732411274797
,2015-08-11 10:00,923.804928370344
,2015-08-11 11:00,997.7296728757912
,2015-08-11 12:00,1000.5608744987343
,2015-08-11 13:00,936.4921133386521
,2015-08-11 14:00,811.557107285568
,2015-08-11 15:00,633.1084794166901
,2015-08-11 16:00,414.9584709985383
,2015-08-11 17:00,188.21128545412589
,2015-08-11 18:00,0.0
,2015-08-11 19:00,0.0
,2015-08-11 20:00,0.0
,2015-08-11 21:00,0.0
,2015-08-11 22:00,0.0
,2015-08-11 23:00,0.0
,2015-08-12 00:00,0.0
,2015-08-12 01:00,0.0
,2015-08-12 02:00,0.0
,2015-08-12 03:00,0.0
,2015-08-12 04:00,0.0
,2015-08-12 05:00,0.0
,2015-08-12 06:00,160.35947952694843
,2015-08-12 07:00,382.84012659924167
,2015-08-12 08:00,601.6537537223938
,2015-08-12 09:00,788.6311201476638
,2015-08-12 10:00,925.0993745287137
,2015-08-12 11:00,998.7963497724097
,2015-08-12 12:00,1004.5073351610721
,2015-08-12 13:00,938.4604402820592
,2015-08-12 14:00,808.8461748376827
,2015-08-12 15:00,627.2640620855389
,2015-08-12 16:00,410.1613124233573
,2015-08-12 17:00,184.50668168145194
,2015-08-12 18:00,0.0
,2015-08-12 19:00,0.0
,2015-08-12 20:00,0.0
,2015-08-12 21:00,0.0
,2015-08-12 22:00,0.0
,2015-08-12 23:00,0.0
,2015-08-13 00:00,0.0
,2015-08-13 01:00,0.0
,2015-08-13 02:00,0.0
,2015-08-13 03:00,0.0
,2015-08-13 04:00,0.0
,2015-08-13 05:00,3.1433052187370127
,2015-08-13 06:00,156.86448119629446
,2015-08-13 07:00,377.92997297891054
,2015-08-13 08:00,595.6000397292374
,2015-08-13 09:00,781.201446974938
,2015-08-13 10:00,916.480287042389
,2015-08-13 11:00,989.0572213849914
,2015-08-13 12:00,993.7064327719345
,2015-08-13 13:00,929.7901519780079
,2015-08-13 14:00,801.4638276042923
,2015-08-13 15:00,620.5825414415248
,2015-08-13 16:00,404.84569766292583
,2015-08-13 17:00,180.4119481067733
,2015-08-13 18:00,11.551882313679604
,2015-08-13 19:00,0.0
,2015-08-13 20:00,0.0
,2015-08-13 21:00,0.0
,2015-08-13 22:00,0.0
,2015-08-13 23:00,0.0
,2015-08-14 00:00,0.0
,2015-08-14 01:00,0.0
,2015-08-14 02:00,0.0
,2015-08-14 03:00,0.0
,2015-08-14 04:00,0.0
,2015-08-14 05:00,2.2977823810815186
,2015-08-14 06:00,153.66841729175243
,2015-08-14 07:00,374.0589655537893
,2015-08-14 08:00,591.2625458388063
,2015-08-14 09:00,776.2215313714908
,2015-08-14 10:00,911.2602122408413
,2015-08-14 11:00,984.3649430720238
,2015-08-14 12:00,989.0978149879217
,2015-08-14 13:00,924.4596787310652
,2015-08-14 14:00,797.0854611552276
,2015-08-14 15:00,616.501080430436
,2015-08-14 16:00,401.300584126561
,2015-08-14 17:00,177.7542331001798
,2015-08-14 18:00,10.322243204058738
,2015-08-14 19:00,0.0
,2015-08-14 20:00,0.0
,2015-08-14 21:00,0.0
,2015-08-14 22:00,0.0
,2015-08-14 23:00,0.0
,2015-08-15 00:00,0.0
,2015-08-15 01:00,0.0
,2015-08-15 02:00,0.0
,2015-08-15 03:00,0.0
,2015-08-15 04:00,0.0
,2015-08-15 05:00,1.5264681529642927
,2015-08-15 06:00,150.72936934569447
,2015-08-15 07:00,371.0970740746144
,2015-08-15 08:00,588.5698280148047
,2015-08-15 09:00,773.8948418174242
,2015-08-15 10:00,912.9364464618238
,2015-08-15 11:00,989.1811787948523
,2015-08-15 12:00,992.1339338094666
,2015-08-15 13:00,929.3612295949114
,2015-08-15 14:00,801.1560089228525
,2015-08-15 15:00,617.4888593993737
,2015-08-15 16:00,400.88912739074885
,2015-08-15 17:00,175.3650244454008
,2015-08-15 18:00,9.139665208702002
,2015-08-15 19:00,0.0
,2015-08-15 20:00,0.0
,2015-08-15 21:00,0.0
,2015-08-15 22:00,0.0
,2015-08-15 23:00,0.0
,2015-08-16 00:00,0.0
,2015-08-16 01:00,0.0
,2015-08-16 02:00,0.0
,2015-08-16 03:00,0.0
,2015-08-16 04:00,0.0
,2015-08-16 05:00,0.0
,2015-08-16 06:00,148.1430593638209
,2015-08-16 07:00,368.52649283756426
,2015-08-16 08:00,587.1177554896493
,2015-08-16 09:00,773.5100498669948
,2015-08-16 10:00,911.1657614857113
,2015-08-16 11:00,986.6977696402975
,2015-08-16 12:00,994.4180001261594
,2015-08-16 13:00,928.3316633760195
,2015-08-16 14:00,797.3620197779445
,2015-08-16 15:00,615.8808541214071
,2015-08-16 16:00,398.65261423558326
,2015-08-16 17:00,172.75211031404913
,2015-08-16 18:00,0.0
,2015-08-16 19:00,0.0
,2015-08-16 20:00,0.0
,2015-08-16 21:00,0.0
,2015-08-16 22:00,0.0
,2015-08-16 23:00,0.0
,2015-08-17 00:00,0.0
,2015-08-17 01:00,0.0
,2015-08-17 02:00,0.0
,2015-08-17 03:00,0.0
,2015-08-17 04:00,0.0
,2015-08-17 05:00,0.19708354590775032
,2015-08-17 06:00,145.6654630009622
,2015-08-17 07:00,366.66355655174027
,2015-08-17 08:00,586.5931216193442
,2015-08-17 09:00,773.1699828627624
,2015-08-17 10:00,908.3356488200334
,2015-08-17 11:00,981.3597241896226
,2015-08-17 12:00,985.4558732908736
,2015-08-17 13:00,921.0491940093324
,2015-08-17 14:00,792.1957973368975
,2015-08-17 15:00,610.5567705972513
,2015-08-17 16:00,393.57073012944926
,2015-08-17 17:00,168.78564585884263
,2015-08-17 18:00,6.9308028147422895
,2015-08-17 19:00,0.0
,2015-08-17 20:00,0.0
,2015-08-17 21:00,0.0
,2015-08-17 22:00,0.0
,2015-08-17 23:00,0.0
,2015-08-18 00:00,0.0
,2015-08-18 01:00,0.0
,2015-08-18 02:00,0.0
,2015-08-18 03:00,0.0
,2015-08-18 04:00,0.0
,2015-08-18 05:00,0.0
,2015-08-18 06:00,142.48991007487976
,2015-08-18 07:00,362.8370890663043
,2015-08-18 08:00,581.6813239533099
,2015-08-18 09:00,769.1021543950209
,2015-08-18 10:00,905.3320624599392
,2015-08-18 11:00,978.9201206343104
,2015-08-18 12:00,983.6806962761452
,2015-08-18 13:00,918.0699684569278
,2015-08-18 14:00,788.3666428841634
,2015-08-18 15:00,607.0392002061319
,2015-08-18 16:00,389.8136731505283
,2015-08-18 17:00,165.27510371275014
,2015-08-18 18:00,5.919932706379167
,2015-08-18 19:00,0.0
,2015-08-18 20:00,0.0
,2015-08-18 21:00,0.0
,2015-08-18 22:00,0.0
,2015-08-18 23:00,0.0
,2015-08-19 00:00,0.0
,2015-08-19 01:00,0.0
,2015-08-19 02:00,0.0
,2015-08-19 03:00,0.0
,2015-08-19 04:00,0.0
,2015-08-19 05:00,0.0
,2015-08-19 06:00,139.27476469163338
,2015-08-19 07:00,359.14244206166757
,2015-08-19 08:00,577.5184312044405
,2015-08-19 09:00,765.1559808789119
,2015-08-19 10:00,902.1999437413137
,2015-08-19 11:00,975.5250087387301
,2015-08-19 12:00,978.9179348990896
,2015-08-19 13:00,914.3945286145688
,2015-08-19 14:00,785.9168090982951
,2015-08-19 15:00,606.4580341820732
,2015-08-19 16:00,389.13271864658606
,2015-08-19 17:00,163.23901377263152
,2015-08-19 18:00,5.048112926983928
,2015-08-19 19:00,0.0
,2015-08-19 20:00,0.0
,2015-08-19 21:00,0.0
,2015-08-19 22:00,0.0
,2015-08-19 23:00,0.0
,2015-08-20 00:00,0.0
,2015-08-20 01:00,0.0
,2015-08-20 02:00,0.0
,2015-08-20 03:00,0.0
,2015-08-20 04:00,0.0
,2015-08-20 05:00,0.0
,2015-08-20 06:00,136.4023058241231
,2015-08-20 07:00,356.79505850207624
,2015-08-20 08:00,576.6934378201688
,2015-08-20 09:00,763.7924292083344
,2015-08-20 10:00,900.9029773287514
,2015-08-20 11:00,974.2324598926286
,2015-08-20 12:00,978.6762588767065
,2015-08-20 13:00,913.375231506969
,2015-08-20 14:00,784.2751054478498
,2015-08-20 15:00,601.6450461481105
,2015-08-20 16:00,383.7133594332011
,2015-08-20 17:00,159.38794660889062
,2015-08-20 18:00,0.0
,2015-08-20 19:00,0.0
,2015-08-20 20:00,0.0
,2015-08-20 21:00,0.0
,2015-08-20 22:00,0.0
,2015-08-20 23:00,0.0
,2015-08-21 00:00,0.0
,2015-08-21 01:00,0.0
,2015-08-21 02:00,0.0
,2015-08-21 03:00,0.0
,2015-08-21 04:00,0.0
,2015-08-21 05:00,0.0
,2015-08-21 06:00,133.4699060165842
,2015-08-21 07:00,353.5861550587937
,2015-08-21 08:00,573.4687497433174
,2015-08-21 09:00,762.0411807272648
,2015-08-21 10:00,898.7686766923507
,2015-08-21 11:00,972.8100385314582
,2015-08-21 12:00,976.6249184397057
,2015-08-21 13:00,911.4228186625995
,2015-08-21 14:00,782.8073609849637
,2015-08-21 15:00,599.6557221117465
,2015-08-21 16:00,381.4451783789718
,2015-08-21 17:00,156.36732700915718
,2015-08-21 18:00,0.0
,2015-08-21 19:00,0.0
,2015-08-21 20:00,0.0
,2015-08-21 21:00,0.0
,2015-08-21 22:00,0.0
,2015-08-21 23:00,0.0
,2015-08-22 00:00,0.0
,2015-08-22 01:00,0.0
,2015-08-22 02:00,0.0
,2015-08-22 03:00,0.0
,2015-08-22 04:00,0.0
,2015-08-22 05:00,0.0
,2015-08-22 06:00,130.3452343880969
,2015-08-22 07:00,350.45950974918475
,2015-08-22 08:00,570.4612270040768
,2015-08-22 09:00,758.9059823179832
,2015-08-22 10:00,895.8457405313549
,2015-08-22 11:00,969.757495230507
,2015-08-22 12:00,973.9907375732065
,2015-08-22 13:00,909.020286950257
,2015-08-22 14:00,778.8499551311434
,2015-08-22 15:00,595.8910917475381
,2015-08-22 16:00,377.63434617960843
,2015-08-22 17:00,153.02187053368783
,2015-08-22 18:00,0.0
,2015-08-22 19:00,0.0
,2015-08-22 20:00,0.0
,2015-08-22 21:00,0.0
,2015-08-22 22:00,0.0
,2015-08-22 23:00,0.0
,2015-08-23 00:00,0.0
,2015-08-23 01:00,0.0
,2015-08-23 02:00,0.0
,2015-08-23 03:00,0.0
,2015-08-23 04:00,0.0
,2015-08-23 05:00,0.0
,2015-08-23 06:00,127.0751258197699
,2015-08-23 07:00,346.37025963041225
,2015-08-23 08:00,566.6963560420526
,2015-08-23 09:00,755.3722448199593
,2015-08-23 10:00,892.1789169239534
,2015-08-23 11:00,965.7670256487116
,2015-08-23 12:00,970.2234303047971
,2015-08-23 13:00,904.2918652434173
,2015-08-23 14:00,774.2021204821989
,2015-08-23 15:00,591.9795639912244
,2015-08-23 16:00,373.4548070903113
,2015-08-23 17:00,149.44428206631076
,2015-08-23 18:00,0.0
,2015-08-23 19:00,0.0
,2015-08-23 20:00,0.0
,2015-08-23 21:00,0.0
,2015-08-23 22:00,0.0
,2015-08-23 23:00,0.0
,2015-08-24 00:00,0.0
,2015-08-24 01:00,0.0
,2015-08-24 02:00,0.0
,2015-08-24 03:00,0.0
,2015-08-24 04:00,0.0
,2015-08-24 05:00,0.0
,2015-08-24 06:00,123.61133103958893
,2015-08-24 07:00,341.7707265608722
,2015-08-24 08:00,561.3481511717513
,2015-08-24 09:00,750.0312962056123
,2015-08-24 10:00,886.7147524560253
,2015-08-24 11:00,960.8263305336005
,2015-08-24 12:00,964.7139215617996
,2015-08-24 13:00,899.0688352977381
,2015-08-24 14:00,769.2939887656116
,2015-08-24 15:00,586.8074659325312
,2015-08-24 16:00,369.48878902851635
,2015-08-24 17:00,145.97298970654762
,2015-08-24 18:00,0.0
,2015-08-24 19:00,0.0
,2015-08-24 20:00,0.0
,2015-08-24 21:00,0.0
,2015-08-24 22:00,0.0
,2015-08-24 23:00,0.0
,2015-08-25 00:00,0.0
,2015-08-25 01:00,0.0
,2015-08-25 02:00,0.0
,2015-08-25 03:00,0.0
,2015-08-25 04:00,0.0
,2015-08-25 05:00,0.0
,2015-08-25 06:00,120.14102591061605
,2015-08-25 07:00,338.0090689483951
,2015-08-25 08:00,557.2840620316217
,2015-08-25 09:00,744.9110122696111
,2015-08-25 10:00,881.401802198522
,2015-08-25 11:00,956.341089974377
,2015-08-25 12:00,960.3885966706035
,2015-08-25 13:00,894.7734486199452
,2015-08-25 14:00,764.2640385117803
,2015-08-25 15:00,582.1695281039326
,2015-08-25 16:00,364.79546964279535
,2015-08-25 17:00,142.02204468685179
,2015-08-25 18:00,0.0
,2015-08-25 19:00,0.0
,2015-08-25 20:00,0.0
,2015-08-25 21:00,0.0
,2015-08-25 22:00,0.0
,2015-08-25 23:00,0.0
,2015-08-26 00:00,0.0
,2015-08-26 01:00,0.0
,2015-08-26 02:00,0.0
,2015-08-26 03:00,0.0
,2015-08-26 04:00,0.0
,2015-08-26 05:00,0.0
,2015-08-26 06:00,116.9951904116998
,2015-08-26 07:00,334.5846060388746
,2015-08-26 08:00,554.2298161151944
,2015-08-26 09:00,741.9790582236844
,2015-08-26 10:00,878.8287341573717
,2015-08-26 11:00,952.7820304243438
,2015-08-26 12:00,957.5878304347488
,2015-08-26 13:00,891.4415632575439
,2015-08-26 14:00,761.2592366247437
,2015-08-26 15:00,578.5489833141203
,2015-08-26 16:00,361.3091915335633
,2015-08-26 17:00,139.01086688243444
,2015-08-26 18:00,0.0
,2015-08-26 19:00,0.0
,2015-08-26 20:00,0.0
,2015-08-26 21:00,0.0
,2015-08-26 22:00,0.0
,2015-08-26 23:00,0.0
,2015-08-27 00:00,0.0
,2015-08-27 01:00,0.0
,2015-08-27 02:00,0.0
,2015-08-27 03:00,0.0
,2015-08-27 04:00,0.0
,2015-08-27 05:00,0.0
,2015-08-27 06:00,113.98457712226822
,2015-08-27 07:00,331.0821764224229
,2015-08-27 08:00,550.6155867363857
,2015-08-27 09:00,738.5757817193769
,2015-08-27 10:00,876.4354823172004
,2015-08-27 11:00,950.3790399108507
,2015-08-27 12:00,954.3145887088235
,2015-08-27 13:00,888.5787108482126
,2015-08-27 14:00,758.0099447248363
,2015-08-27 15:00,575.1376217261495
,2015-08-27 16:00,357.410142997952
,2015-08-27 17:00,135.2572079652595
,2015-08-27 18:00,0.0
,2015-08-27 19:00,0.0
,2015-08-27 20:00,0.0
,2015-08-27 21:00,0.0
,2015-08-27 22:00,0.0
,2015-08-27 23:00,0.0
,2015-08-28 00:00,0.0
,2015-08-28 01:00,0.0
,2015-08-28 02:00,0.0
,2015-08-28 03:00,0.0
,2015-08-28 04:00,0.0
,2015-08-28 05:00,0.0
,2015-08-28 06:00,110.49976129030756
,2015-08-28 07:00,326.5503096213098
,2015-08-28 08:00,545.5909404699729
,2015-08-28 09:00,734.1694844450562
,2015-08-28 10:00,871.1239138575518
,2015-08-28 11:00,945.8146392161141
,2015-08-28 12:00,949.6216252883521
,2015-08-28 13:00,884.2955524408362
,2015-08-28 14:00,753.4872527575918
,2015-08-28 15:00,570.9572474324383
,2015-08-28 16:00,353.4268016511129
,2015-08-28 17:00,131.73115925603855
,2015-08-28 18:00,0.0
,2015-08-28 19:00,0.0
,2015-08-28 20:00,0.0
,2015-08-28 21:00,0.0
,2015-08-28 22:00,0.0
,2015-08-28 23:00,0.0
,2015-08-29 00:00,0.0
,2015-08-29 01:00,0.0
,2015-08-29 02:00,0.0
,2015-08-29 03:00,0.0
,2015-08-29 04:00,0.0
,2015-08-29 05:00,0.0
,2015-08-29 06:00,107.13134117261113
,2015-08-29 07:00,323.15978152857264
,2015-08-29 08:00,542.4366417870256
,2015-08-29 09:00,730.7816454185561
,2015-08-29 10:00,867.2734653260526
,2015-08-29 11:00,941.7291319984528
,2015-08-29 12:00,946.2700265527784
,2015-08-29 13:00,879.5915424892266
,2015-08-29 14:00,750.2883784063308
,2015-08-29 15:00,567.6760519873593
,2015-08-29 16:00,349.99523355558466
,2015-08-29 17:00,128.4270955087275
,2015-08-29 18:00,0.0
,2015-08-29 19:00,0.0
,2015-08-29 20:00,0.0
,2015-08-29 21:00,0.0
,2015-08-29 22:00,0.0
,2015-08-29 23:00,0.0
,2015-08-30 00:00,0.0
,2015-08-30 01:00,0.0
,2015-08-30 02:00,0.0
,2015-08-30 03:00,0.0
,2015-08-30 04:00,0.0
,2015-08-30 05:00,0.0
,2015-08-30 06:00,103.9747873788088
,2015-08-30 07:00,319.3382302264969
,2015-08-30 08:00,537.8352805316374
,2015-08-30 09:00,726.7099396792534
,2015-08-30 10:00,863.0639710305662
,2015-08-30 11:00,936.9689330463435
,2015-08-30 12:00,941.5363545115796
,2015-08-30 13:00,875.8931783770623
,2015-08-30 14:00,745.8510157467044
,2015-08-30 15:00,563.3597056966469
,2015-08-30 16:00,345.9537626636471
,2015-08-30 17:00,124.9211995058855
,2015-08-30 18:00,0.0
,2015-08-30 19:00,0.0
,2015-08-30 20:00,0.0
,2015-08-30 21:00,0.0
,2015-08-30 22:00,0.0
,2015-08-30 23:00,0.0
,2015-08-31 00:00,0.0
,2015-08-31 01:00,0.0
,2015-08-31 02:00,0.0
,2015-08-31 03:00,0.0
,2015-08-31 04:00,0.0
,2015-08-31 05:00,0.0
,2015-08-31 06:00,100.78371839246147
,2015-08-31 07:00,315.3893200292956
,2015-08-31 08:00,534.4798107426901
,2015-08-31 09:00,722.6308870316793
,2015-08-31 10:00,859.7304854890577
,2015-08-31 11:00,933.519372043304
,2015-08-31 12:00,937.5856259217268
,2015-08-31 13:00,872.3537291761863
,2015-08-31 14:00,742.7013197428666
,2015-08-31 15:00,559.8195918824077
,2015-08-31 16:00,341.99716441419577
,2015-08-31 17:00,121.30260329005334
,2015-08-31 18:00,0.0
,2015-08-31 19:00,0.0
,2015-08-31 20:00,0.0
,2015-08-31 21:00,0.0
,2015-08-31 22:00,0.0
,2015-08-31 23:00,0.0
,2015-09-01 00:00,0.0
,2015-09-01 01:00,0.0
,2015-09-01 02:00,0.0
,2015-09-01 03:00,0.0
,2015-09-01 04:00,0.0
,2015-09-01 05:00,0.0
,2015-09-01 06:00,97.9369964206012
,2015-09-01 07:00,312.67294959089725
,2015-09-01 08:00,531.9385492137723
,2015-09-01 09:00,720.6080889711981
,2015-09-01 10:00,858.9847375796348
,2015-09-01 11:00,933.612563759429
,2015-09-01 12:00,937.6782140037902
,2015-09-01 13:00,872.114344745133
,2015-09-01 14:00,741.1944553025336
,2015-09-01 15:00,557.5860884234611
,2015-09-01 16:00,339.42333790575026
,2015-09-01 17:00,118.47113277469026
,2015-09-01 18:00,0.0
,2015-09-01 19:00,0.0
,2015-09-01 20:00,0.0
,2015-09-01 21:00,0.0
,2015-09-01 22:00,0.0
,2015-09-01 23:00,0.0
,2015-09-02 00:00,0.0
,2015-09-02 01:00,0.0
,2015-09-02 02:00,0.0
,2015-09-02 03:00,0.0
,2015-09-02 04:00,0.0
,2015-09-02 05:00,0.0
,2015-09-02 06:00,94.65635950628095
,2015-09-02 07:00,309.2533318781605
,2015-09-02 08:00,528.5990016753973
,2015-09-02 09:00,717.8652063314153
,2015-09-02 10:00,855.3757672910252
,2015-09-02 11:00,928.9164943691953
,2015-09-02 12:00,933.236982856727
,2015-09-02 13:00,868.9578894077475
,2015-09-02 14:00,737.6369657430466
,2015-09-02 15:00,554.2027720319826
,2015-09-02 16:00,335.4189989101061
,2015-09-02 17:00,114.91241361693599
,2015-09-02 18:00,0.0
,2015-09-02 19:00,0.0
,2015-09-02 20:00,0.0
,2015-09-02 21:00,0.0
,2015-09-02 22:00,0.0
,2015-09-02 23:00,0.0
,2015-09-03 00:00,0.0
,2015-09-03 01:00,0.0
,2015-09-03 02:00,0.0
,2015-09-03 03:00,0.0
,2015-09-03 04:00,0.0
,2015-09-03 05:00,0.0
,2015-09-03 06:00,91.45412022558787
,2015-09-03 07:00,305.6497560906263
,2015-09-03 08:00,525.1228005298765
,2015-09-03 09:00,713.8519754534233
,2015-09-03 10:00,851.8279981110362
,2015-09-03 11:00,926.1793450635
,2015-09-03 12:00,931.0284416565797
,2015-09-03 13:00,864.8863868047081
,2015-09-03 14:00,733.9686318212227
,2015-09-03 15:00,550.1145425948562
,2015-09-03 16:00,331.6796393589751
,2015-09-03 17:00,111.36944425758753
,2015-09-03 18:00,0.0
,2015-09-03 19:00,0.0
,2015-09-03 20:00,0.0
,2015-09-03 21:00,0.0
,2015-09-03 22:00,0.0
,2015-09-03 23:00,0.0
,2015-09-04 00:00,0.0
,2015-09-04 01:00,0.0
,2015-09-04 02:00,0.0
,2015-09-04 03:00,0.0
,2015-09-04 04:00,0.0
,2015-09-04 05:00,0.0
,2015-09-04 06:00,88.25094225928697
,2015-09-04 07:00,301.4583416885176
,2015-09-04 08:00,520.7457912442277
,2015-09-04 09:00,709.6421426454627
,2015-09-04 10:00,848.2057748662412
,2015-09-04 11:00,922.3381378642083
,2015-09-04 12:00,926.3150596638982
,2015-09-04 13:00,860.485607431181
,2015-09-04 14:00,729.7466715726397
,2015-09-04 15:00,546.0626876149089
,2015-09-04 16:00,327.905703463351
,2015-09-04 17:00,107.97410922873647
,2015-09-04 18:00,0.0
,2015-09-04 19:00,0.0
,2015-09-04 20:00,0.0
,2015-09-04 21:00,0.0
,2015-09-04 22:00,0.0
,2015-09-04 23:00,0.0
,2015-09-05 00:00,0.0
,2015-09-05 01:00,0.0
,2015-09-05 02:00,0.0
,2015-09-05 03:00,0.0
,2015-09-05 04:00,0.0
,2015-09-05 05:00,0.0
,2015-09-05 06:00,84.83672201668084
,2015-09-05 07:00,297.4807760220988
,2015-09-05 08:00,516.7000266285297
,2015-09-05 09:00,706.5527013420378
,2015-09-05 10:00,843.6751774220032
,2015-09-05 11:00,916.9392537177285
,2015-09-05 12:00,922.9911352859618
,2015-09-05 13:00,856.6795348193475
,2015-09-05 14:00,726.1028961148687
,2015-09-05 15:00,542.413127611497
,2015-09-05 16:00,323.9287855185746
,2015-09-05 17:00,104.52883596909446
,2015-09-05 18:00,0.0
,2015-09-05 19:00,0.0
,2015-09-05 20:00,0.0
,2015-09-05 21:00,0.0
,2015-09-05 22:00,0.0
,2015-09-05 23:00,0.0
,2015-09-06 00:00,0.0
,2015-09-06 01:00,0.0
,2015-09-06 02:00,0.0
,2015-09-06 03:00,0.0
,2015-09-06 04:00,0.0
,2015-09-06 05:00,0.0
,2015-09-06 06:00,82.03539273328475
,2015-09-06 07:00,294.97995958593344
,2015-09-06 08:00,516.2076051249408
,2015-09-06 09:00,705.7358858487822
,2015-09-06 10:00,845.2270064225012
,2015-09-06 11:00,919.5543971790275
,2015-09-06 12:00,923.8391637035769
,2015-09-06 13:00,856.1431327549091
,2015-09-06 14:00,725.7103063400881
,2015-09-06 15:00,540.9314147527015
,2015-09-06 16:00,321.3295223041107
,2015-09-06 17:00,101.43608514406044
,2015-09-06 18:00,0.0
,2015-09-06 19:00,0.0
,2015-09-06 20:00,0.0
,2015-09-06 21:00,0.0
,2015-09-06 22:00,0.0
,2015-09-06 23:00,0.0
,2015-09-07 00:00,0.0
,2015-09-07 01:00,0.0
,2015-09-07 02:00,0.0
,2015-09-07 03:00,0.0
,2015-09-07 04:00,0.0
,2015-09-07 05:00,0.0
,2015-09-07 06:00,78.99054498451655
,2015-09-07 07:00,291.4352263423188
,2015-09-07 08:00,512.279626350964
,2015-09-07 09:00,702.8361566376094
,2015-09-07 10:00,841.4388954333515
,2015-09-07 11:00,917.0185491063866
,2015-09-07 12:00,921.201285782731
,2015-09-07 13:00,854.907674307987
,2015-09-07 14:00,723.0919916144294
,2015-09-07 15:00,537.6408974367546
,2015-09-07 16:00,318.1626614463036
,2015-09-07 17:00,98.54337441075816
,2015-09-07 18:00,0.0
,2015-09-07 19:00,0.0
,2015-09-07 20:00,0.0
,2015-09-07 21:00,0.0
,2015-09-07 22:00,0.0
,2015-09-07 23:00,0.0
,2015-09-08 00:00,0.0
,2015-09-08 01:00,0.0
,2015-09-08 02:00,0.0
,2015-09-08 03:00,0.0
,2015-09-08 04:00,0.0
,2015-09-08 05:00,0.0
,2015-09-08 06:00,75.99761519794673
,2015-09-08 07:00,287.92929206628924
,2015-09-08 08:00,508.75605467932127
,2015-09-08 09:00,699.8646749307538
,2015-09-08 10:00,839.3799720174561
,2015-09-08 11:00,915.0916287219452
,2015-09-08 12:00,919.6987279618841
,2015-09-08 13:00,852.5946186648781
,2015-09-08 14:00,720.9046420119063
,2015-09-08 15:00,535.0961165604647
,2015-09-08 16:00,314.1992749964377
,2015-09-08 17:00,94.71177657937827
,2015-09-08 18:00,0.0
,2015-09-08 19:00,0.0
,2015-09-08 20:00,0.0
,2015-09-08 21:00,0.0
,2015-09-08 22:00,0.0
,2015-09-08 23:00,0.0
,2015-09-09 00:00,0.0
,2015-09-09 01:00,0.0
,2015-09-09 02:00,0.0
,2015-09-09 03:00,0.0
,2015-09-09 04:00,0.0
,2015-09-09 05:00,0.0
,2015-09-09 06:00,72.89511792527024
,2015-09-09 07:00,284.7462204572763
,2015-09-09 08:00,506.5054235861221
,2015-09-09 09:00,698.2535520653514
,2015-09-09 10:00,838.2762746695895
,2015-09-09 11:00,913.6769744799309
,2015-09-09 12:00,918.5858502716287
,2015-09-09 13:00,851.8579783601513
,2015-09-09 14:00,719.6775990288046
,2015-09-09 15:00,533.0264595476729
,2015-09-09 16:00,311.5609585241337
,2015-09-09 17:00,91.6256150399525
,2015-09-09 18:00,0.0
,2015-09-09 19:00,0.0
,2015-09-09 20:00,0.0
,2015-09-09 21:00,0.0
,2015-09-09 22:00,0.0
,2015-09-09 23:00,0.0
,2015-09-10 00:00,0.0
,2015-09-10 01:00,0.0
,2015-09-10 02:00,0.0
,2015-09-10 03:00,0.0
,2015-09-10 04:00,0.0
,2015-09-10 05:00,0.0
,2015-09-10 06:00,69.79012563542888
,2015-09-10 07:00,280.90756368642684
,2015-09-10 08:00,502.8189399808064
,2015-09-10 09:00,693.9612807969921
,2015-09-10 10:00,833.6357023351821
,2015-09-10 11:00,909.2421742509537
,2015-09-10 12:00,913.5242719841348
,2015-09-10 13:00,847.05192873049
,2015-09-10 14:00,714.4115374280242
,2015-09-10 15:00,527.9189223692096
,2015-09-10 16:00,306.7622923394025
,2015-09-10 17:00,87.92391833564494
,2015-09-10 18:00,0.0
,2015-09-10 19:00,0.0
,2015-09-10 20:00,0.0
,2015-09-10 21:00,0.0
,2015-09-10 22:00,0.0
,2015-09-10 23:00,0.0
,2015-09-11 00:00,0.0
,2015-09-11 01:00,0.0
,2015-09-11 02:00,0.0
,2015-09-11 03:00,0.0
,2015-09-11 04:00,0.0
,2015-09-11 05:00,0.0
,2015-09-11 06:00,66.50241492848293
,2015-09-11 07:00,275.96769279475023
,2015-09-11 08:00,497.0693804297551
,2015-09-11 09:00,687.5095479651009
,2015-09-11 10:00,826.9177945178473
,2015-09-11 11:00,901.648129274099
,2015-09-11 12:00,906.8402364191572
,2015-09-11 13:00,840.3268150155951
,2015-09-11 14:00,707.9845471404675
,2015-09-11 15:00,522.0788450555283
,2015-09-11 16:00,301.84847804442063
,2015-09-11 17:00,84.19857748444943
,2015-09-11 18:00,0.0
,2015-09-11 19:00,0.0
,2015-09-11 20:00,0.0
,2015-09-11 21:00,0.0
,2015-09-11 22:00,0.0
,2015-09-11 23:00,0.0
,2015-09-12 00:00,0.0
,2015-09-12 01:00,0.0
,2015-09-12 02:00,0.0
,2015-09-12 03:00,0.0
,2015-09-12 04:00,0.0
,2015-09-12 05:00,0.0
,2015-09-12 06:00,63.221418003582606
,2015-09-12 07:00,270.73435879529796
,2015-09-12 08:00,490.0559747517033
,2015-09-12 09:00,680.7532075469804
,2015-09-12 10:00,820.5916750922005
,2015-09-12 11:00,895.9682702861493
,2015-09-12 12:00,899.7727285831486
,2015-09-12 13:00,833.4191224382886
,2015-09-12 14:00,701.7290534292915
,2015-09-12 15:00,516.0061396039279
,2015-09-12 16:00,296.43492620460523
,2015-09-12 17:00,80.34195869773251
,2015-09-12 18:00,0.0
,2015-09-12 19:00,0.0
,2015-09-12 20:00,0.0
,2015-09-12 21:00,0.0
,2015-09-12 22:00,0.0
,2015-09-12 23:00,0.0
,2015-09-13 00:00,0.0
,2015-09-13 01:00,0.0
,2015-09-13 02:00,0.0
,2015-09-13 03:00,0.0
,2015-09-13 04:00,0.0
,2015-09-13 05:00,0.0
,2015-09-13 06:00,59.99216782071031
,2015-09-13 07:00,265.9117472336208
,2015-09-13 08:00,484.6434405971094
,2015-09-13 09:00,674.5398692916132
,2015-09-13 10:00,814.5267122352441
,2015-09-13 11:00,889.6839238178553
,2015-09-13 12:00,894.6222168691429
,2015-09-13 13:00,827.6166675848028
,2015-09-13 14:00,695.6953251295982
,2015-09-13 15:00,510.7900120325822
,2015-09-13 16:00,291.7707580832862
,2015-09-13 17:00,76.84997765678246
,2015-09-13 18:00,0.0
,2015-09-13 19:00,0.0
,2015-09-13 20:00,0.0
,2015-09-13 21:00,0.0
,2015-09-13 22:00,0.0
,2015-09-13 23:00,0.0
,2015-09-14 00:00,0.0
,2015-09-14 01:00,0.0
,2015-09-14 02:00,0.0
,2015-09-14 03:00,0.0
,2015-09-14 04:00,0.0
,2015-09-14 05:00,0.0
,2015-09-14 06:00,56.82458337878536
,2015-09-14 07:00,261.94711192712356
,2015-09-14 08:00,481.1599637932198
,2015-09-14 09:00,671.0949778810582
,2015-09-14 10:00,809.860386617875
,2015-09-14 11:00,883.7425459540609
,2015-09-14 12:00,887.8309049367117
,2015-09-14 13:00,822.1163502863797
,2015-09-14 14:00,690.8190056533451
,2015-09-14 15:00,505.90997461179535
,2015-09-14 16:00,287.3700566312567
,2015-09-14 17:00,73.25991499483877
,2015-09-14 18:00,0.0
,2015-09-14 19:00,0.0
,2015-09-14 20:00,0.0
,2015-09-14 21:00,0.0
,2015-09-14 22:00,0.0
,2015-09-14 23:00,0.0
,2015-09-15 00:00,0.0
,2015-09-15 01:00,0.0
,2015-09-15 02:00,0.0
,2015-09-15 03:00,0.0
,2015-09-15 04:00,0.0
,2015-09-15 05:00,0.0
,2015-09-15 06:00,53.683066809901206
,2015-09-15 07:00,257.1154979239934
,2015-09-15 08:00,476.40096773324757
,2015-09-15 09:00,666.1433245290356
,2015-09-15 10:00,803.502795164842
,2015-09-15 11:00,878.1018080644329
,2015-09-15 12:00,881.7646167185055
,2015-09-15 13:00,815.6393109827194
,2015-09-15 14:00,684.5037034664158
,2015-09-15 15:00,500.13200969532915
,2015-09-15 16:00,282.5624079995336
,2015-09-15 17:00,69.70500648243735
,2015-09-15 18:00,0.0
,2015-09-15 19:00,0.0
,2015-09-15 20:00,0.0
,2015-09-15 21:00,0.0
,2015-09-15 22:00,0.0
,2015-09-15 23:00,0.0
,2015-09-16 00:00,0.0
,2015-09-16 01:00,0.0
,2015-09-16 02:00,0.0
,2015-09-16 03:00,0.0
,2015-09-16 04:00,0.0
,2015-09-16 05:00,0.0
,2015-09-16 06:00,50.571411145749295
,2015-09-16 07:00,252.92978427527672
,2015-09-16 08:00,471.0811726883733
,2015-09-16 09:00,659.7512801748052
,2015-09-16 10:00,797.4252092169008
,2015-09-16 11:00,871.5788953687306
,2015-09-16 12:00,874.7910959025556
,2015-09-16 13:00,808.861861207149
,2015-09-16 14:00,678.7794633288486
,2015-09-16 15:00,494.92025550629467
,2015-09-16 16:00,277.5052947675867
,2015-09-16 17:00,66.19423530261167
,2015-09-16 18:00,0.0
,2015-09-16 19:00,0.0
,2015-09-16 20:00,0.0
,2015-09-16 21:00,0.0
,2015-09-16 22:00,0.0
,2015-09-16 23:00,0.0
,2015-09-17 00:00,0.0
,2015-09-17 01:00,0.0
,2015-09-17 02:00,0.0
,2015-09-17 03:00,0.0
,2015-09-17 04:00,0.0
,2015-09-17 05:00,0.0
,2015-09-17 06:00,47.475054023054014
,2015-09-17 07:00,247.64594696586656
,2015-09-17 08:00,464.81995754789403
,2015-09-17 09:00,653.1641991956446
,2015-09-17 10:00,791.0978053512312
,2015-09-17 11:00,865.5692229126144
,2015-09-17 12:00,870.0035957232367
,2015-09-17 13:00,803.7323377387871
,2015-09-17 14:00,672.8189837772945
,2015-09-17 15:00,489.1345970758937
,2015-09-17 16:00,272.33303956656925
,2015-09-17 17:00,62.583396596750035
,2015-09-17 18:00,0.0
,2015-09-17 19:00,0.0
,2015-09-17 20:00,0.0
,2015-09-17 21:00,0.0
,2015-09-17 22:00,0.0
,2015-09-17 23:00,0.0
,2015-09-18 00:00,0.0
,2015-09-18 01:00,0.0
,2015-09-18 02:00,0.0
,2015-09-18 03:00,0.0
,2015-09-18 04:00,0.0
,2015-09-18 05:00,0.0
,2015-09-18 06:00,44.520899211813195
,2015-09-18 07:00,243.06022929669788
,2015-09-18 08:00,459.1517787123977
,2015-09-18 09:00,647.9911260982439
,2015-09-18 10:00,785.8927661651979
,2015-09-18 11:00,860.5683664051663
,2015-09-18 12:00,864.9375295548144
,2015-09-18 13:00,797.9870910725805
,2015-09-18 14:00,667.3484338920427
,2015-09-18 15:00,483.8771148692651
,2015-09-18 16:00,267.55493520212116
,2015-09-18 17:00,59.177297129006206
,2015-09-18 18:00,0.0
,2015-09-18 19:00,0.0
,2015-09-18 20:00,0.0
,2015-09-18 21:00,0.0
,2015-09-18 22:00,0.0
,2015-09-18 23:00,0.0
,2015-09-19 00:00,0.0
,2015-09-19 01:00,0.0
,2015-09-19 02:00,0.0
,2015-09-19 03:00,0.0
,2015-09-19 04:00,0.0
,2015-09-19 05:00,0.0
,2015-09-19 06:00,41.63504110475478
,2015-09-19 07:00,238.91466514633296
,2015-09-19 08:00,454.70674206365914
,2015-09-19 09:00,642.7905159279983
,2015-09-19 10:00,780.7004022917662
,2015-09-19 11:00,855.7348924662367
,2015-09-19 12:00,859.9698635636245
,2015-09-19 13:00,794.3897826458823
,2015-09-19 14:00,663.4318240906774
,2015-09-19 15:00,479.67574481810556
,2015-09-19 16:00,263.35033523535117
,2015-09-19 17:00,55.9678479904182
,2015-09-19 18:00,0.0
,2015-09-19 19:00,0.0
,2015-09-19 20:00,0.0
,2015-09-19 21:00,0.0
,2015-09-19 22:00,0.0
,2015-09-19 23:00,0.0
,2015-09-20 00:00,0.0
,2015-09-20 01:00,0.0
,2015-09-20 02:00,0.0
,2015-09-20 03:00,0.0
,2015-09-20 04:00,0.0
,2015-09-20 05:00,0.0
,2015-09-20 06:00,39.14181380549333
,2015-09-20 07:00,236.34214473826694
,2015-09-20 08:00,454.6005423811738
,2015-09-20 09:00,644.0475707590633
,2015-09-20 10:00,783.0886125888851
,2015-09-20 11:00,857.4087823032684
,2015-09-20 12:00,862.4699526149401
,2015-09-20 13:00,797.5657281953103
,2015-09-20 14:00,670.3869455620387
,2015-09-20 15:00,484.1118612748791
,2015-09-20 16:00,263.7135947004079
,2015-09-20 17:00,53.674659703321765
,2015-09-20 18:00,0.0
,2015-09-20 19:00,0.0
,2015-09-20 20:00,0.0
,2015-09-20 21:00,0.0
,2015-09-20 22:00,0.0
,2015-09-20 23:00,0.0
,2015-09-21 00:00,0.0
,2015-09-21 01:00,0.0
,2015-09-21 02:00,0.0
,2015-09-21 03:00,0.0
,2015-09-21 04:00,0.0
,2015-09-21 05:00,0.0
,2015-09-21 06:00,36.653060060106064
,2015-09-21 07:00,233.45342062961257
,2015-09-21 08:00,452.658690396728
,2015-09-21 09:00,643.7928028463518
,2015-09-21 10:00,783.3548329883811
,2015-09-21 11:00,858.939324660839
,2015-09-21 12:00,862.841328227981
,2015-09-21 13:00,796.0129579954944
,2015-09-21 14:00,663.273471893286
,2015-09-21 15:00,477.1814578607107
,2015-09-21 16:00,258.1955900647003
,2015-09-21 17:00,50.26182978364189
,2015-09-21 18:00,0.0
,2015-09-21 19:00,0.0
,2015-09-21 20:00,0.0
,2015-09-21 21:00,0.0
,2015-09-21 22:00,0.0
,2015-09-21 23:00,0.0
,2015-09-22 00:00,0.0
,2015-09-22 01:00,0.0
,2015-09-22 02:00,0.0
,2015-09-22 03:00,0.0
,2015-09-22 04:00,0.0
,2015-09-22 05:00,0.0
,2015-09-22 06:00,34.01681646113263
,2015-09-22 07:00,228.7988341432641
,2015-09-22 08:00,446.863236078359
,2015-09-22 09:00,636.3033889185417
,2015-09-22 10:00,775.8698829609687
,2015-09-22 11:00,850.4733045080426
,2015-09-22 12:00,855.9059432084081
,2015-09-22 13:00,789.399550243159
,2015-09-22 14:00,656.7457215803527
,2015-09-22 15:00,471.4348921793405
,2015-09-22 16:00,253.0064721469404
,2015-09-22 17:00,46.9005569230363
,2015-09-22 18:00,0.0
,2015-09-22 19:00,0.0
,2015-09-22 20:00,0.0
,2015-09-22 21:00,0.0
,2015-09-22 22:00,0.0
,2015-09-22 23:00,0.0
,2015-09-23 00:00,0.0
,2015-09-23 01:00,0.0
,2015-09-23 02:00,0.0
,2015-09-23 03:00,0.0
,2015-09-23 04:00,0.0
,2015-09-23 05:00,0.0
,2015-09-23 06:00,31.318991975051183
,2015-09-23 07:00,224.11445035823485
,2015-09-23 08:00,441.0579262054946
,2015-09-23 09:00,630.3991291521073
,2015-09-23 10:00,769.6194308209633
,2015-09-23 11:00,844.1852867637567
,2015-09-23 12:00,848.6543073837214
,2015-09-23 13:00,781.630476453013
,2015-09-23 14:00,649.8816217186197
,2015-09-23 15:00,465.20071374043744
,2015-09-23 16:00,248.0194156176764
,2015-09-23 17:00,43.72231746968131
,2015-09-23 18:00,0.0
,2015-09-23 19:00,0.0
,2015-09-23 20:00,0.0
,2015-09-23 21:00,0.0
,2015-09-23 22:00,0.0
,2015-09-23 23:00,0.0
,2015-09-24 00:00,0.0
,2015-09-24 01:00,0.0
,2015-09-24 02:00,0.0
,2015-09-24 03:00,0.0
,2015-09-24 04:00,0.0
,2015-09-24 05:00,0.0
,2015-09-24 06:00,28.772870913966578
,2015-09-24 07:00,220.53462538007417
,2015-09-24 08:00,438.9067203395768
,2015-09-24 09:00,628.5762055907694
,2015-09-24 10:00,767.297882652446
,2015-09-24 11:00,841.1255174720916
,2015-09-24 12:00,845.3519709313133
,2015-09-24 13:00,778.4725072488085
,2015-09-24 14:00,648.4384595522004
,2015-09-24 15:00,463.15159684964095
,2015-09-24 16:00,244.50646424456522
,2015-09-24 17:00,40.84659565149416
,2015-09-24 18:00,0.0
,2015-09-24 19:00,0.0
,2015-09-24 20:00,0.0
,2015-09-24 21:00,0.0
,2015-09-24 22:00,0.0
,2015-09-24 23:00,0.0
,2015-09-25 00:00,0.0
,2015-09-25 01:00,0.0
,2015-09-25 02:00,0.0
,2015-09-25 03:00,0.0
,2015-09-25 04:00,0.0
,2015-09-25 05:00,0.0
,2015-09-25 06:00,26.375870929138184
,2015-09-25 07:00,215.7823710559734
,2015-09-25 08:00,431.99022485811076
,2015-09-25 09:00,622.3316564847564
,2015-09-25 10:00,761.9465978258847
,2015-09-25 11:00,838.0831639399289
,2015-09-25 12:00,842.216171981209
,2015-09-25 13:00,776.4828865195894
,2015-09-25 14:00,644.3491859983332
,2015-09-25 15:00,458.6530128433202
,2015-09-25 16:00,240.15755798338523
,2015-09-25 17:00,37.865779960860486
,2015-09-25 18:00,0.0
,2015-09-25 19:00,0.0
,2015-09-25 20:00,0.0
,2015-09-25 21:00,0.0
,2015-09-25 22:00,0.0
,2015-09-25 23:00,0.0
,2015-09-26 00:00,0.0
,2015-09-26 01:00,0.0
,2015-09-26 02:00,0.0
,2015-09-26 03:00,0.0
,2015-09-26 04:00,0.0
,2015-09-26 05:00,0.0
,2015-09-26 06:00,23.986127937361207
,2015-09-26 07:00,211.66672290265123
,2015-09-26 08:00,428.07020765069177
,2015-09-26 09:00,618.0225131290978
,2015-09-26 10:00,757.3930213417464
,2015-09-26 11:00,833.3458082200851
,2015-09-26 12:00,837.5930860142141
,2015-09-26 13:00,770.779342534492
,2015-09-26 14:00,638.3786151869248
,2015-09-26 15:00,452.8592973714976
,2015-09-26 16:00,235.47612151057618
,2015-09-26 17:00,34.94471800231305
,2015-09-26 18:00,0.0
,2015-09-26 19:00,0.0
,2015-09-26 20:00,0.0
,2015-09-26 21:00,0.0
,2015-09-26 22:00,0.0
,2015-09-26 23:00,0.0
,2015-09-27 00:00,0.0
,2015-09-27 01:00,0.0
,2015-09-27 02:00,0.0
,2015-09-27 03:00,0.0
,2015-09-27 04:00,0.0
,2015-09-27 05:00,0.0
,2015-09-27 06:00,21.683116187995495
,2015-09-27 07:00,207.00953245149566
,2015-09-27 08:00,423.06087755780544
,2015-09-27 09:00,612.1789481592039
,2015-09-27 10:00,750.881850570247
,2015-09-27 11:00,826.5976584240088
,2015-09-27 12:00,830.9768048207186
,2015-09-27 13:00,764.6233479210969
,2015-09-27 14:00,632.9296035419255
,2015-09-27 15:00,447.6817472434392
,2015-09-27 16:00,230.83697786027432
,2015-09-27 17:00,32.03445295625681
,2015-09-27 18:00,0.0
,2015-09-27 19:00,0.0
,2015-09-27 20:00,0.0
,2015-09-27 21:00,0.0
,2015-09-27 22:00,0.0
,2015-09-27 23:00,0.0
,2015-09-28 00:00,0.0
,2015-09-28 01:00,0.0
,2015-09-28 02:00,0.0
,2015-09-28 03:00,0.0
,2015-09-28 04:00,0.0
,2015-09-28 05:00,0.0
,2015-09-28 06:00,19.49300965474679
,2015-09-28 07:00,202.60659710602494
,2015-09-28 08:00,418.1219624678451
,2015-09-28 09:00,607.263453877752
,2015-09-28 10:00,745.9677921998011
,2015-09-28 11:00,821.6011323418214
,2015-09-28 12:00,826.2055513980988
,2015-09-28 13:00,759.9932010148109
,2015-09-28 14:00,628.6764511482772
,2015-09-28 15:00,444.02420556487345
,2015-09-28 16:00,226.7451877893471
,2015-09-28 17:00,29.363286445790493
,2015-09-28 18:00,0.0
,2015-09-28 19:00,0.0
,2015-09-28 20:00,0.0
,2015-09-28 21:00,0.0
,2015-09-28 22:00,0.0
,2015-09-28 23:00,0.0
,2015-09-29 00:00,0.0
,2015-09-29 01:00,0.0
,2015-09-29 02:00,0.0
,2015-09-29 03:00,0.0
,2015-09-29 04:00,0.0
,2015-09-29 05:00,0.0
,2015-09-29 06:00,17.424214924193173
,2015-09-29 07:00,198.37681872565537
,2015-09-29 08:00,413.7808734708437
,2015-09-29 09:00,603.2931577736939
,2015-09-29 10:00,742.0385958380764
,2015-09-29 11:00,817.345003032558
,2015-09-29 12:00,821.728529019457
,2015-09-29 13:00,755.6778228784985
,2015-09-29 14:00,623.5875222222957
,2015-09-29 15:00,438.86869272895547
,2015-09-29 16:00,222.04312360344875
,2015-09-29 17:00,26.66916301698683
,2015-09-29 18:00,0.0
,2015-09-29 19:00,0.0
,2015-09-29 20:00,0.0
,2015-09-29 21:00,0.0
,2015-09-29 22:00,0.0
,2015-09-29 23:00,0.0
,2015-09-30 00:00,0.0
,2015-09-30 01:00,0.0
,2015-09-30 02:00,0.0
,2015-09-30 03:00,0.0
,2015-09-30 04:00,0.0
,2015-09-30 05:00,0.0
,2015-09-30 06:00,15.458586280229762
,2015-09-30 07:00,194.14401453794304
,2015-09-30 08:00,408.823327529847
,2015-09-30 09:00,597.6899025644509
,2015-09-30 10:00,736.110859109015
,2015-09-30 11:00,811.7017931580425
,2015-09-30 12:00,815.7224940543268
,2015-09-30 13:00,749.1245618484633
,2015-09-30 14:00,617.985792753086
,2015-09-30 15:00,433.30662034747473
,2015-09-30 16:00,217.01972847585677
,2015-09-30 17:00,24.053620489101785
,2015-09-30 18:00,0.0
,2015-09-30 19:00,0.0
,2015-09-30 20:00,0.0
,2015-09-30 21:00,0.0
,2015-09-30 22:00,0.0
,2015-09-30 23:00,0.0
,2015-10-01 00:00,0.0
,2015-10-01 01:00,0.0
,2015-10-01 02:00,0.0
,2015-10-01 03:00,0.0
,2015-10-01 04:00,0.0
,2015-10-01 05:00,0.0
,2015-10-01 06:00,13.61440053601252
,2015-10-01 07:00,190.17742400643033
,2015-10-01 08:00,405.47890045455654
,2015-10-01 09:00,594.0795357775091
,2015-10-01 10:00,733.0748953100345
,2015-10-01 11:00,808.4363129140122
,2015-10-01 12:00,812.6818585013688
,2015-10-01 13:00,745.8893131394378
,2015-10-01 14:00,613.8782004754736
,2015-10-01 15:00,429.07445626684853
,2015-10-01 16:00,212.8416096596083
,2015-10-01 17:00,21.664621292248352
,2015-10-01 18:00,0.0
,2015-10-01 19:00,0.0
,2015-10-01 20:00,0.0
,2015-10-01 21:00,0.0
,2015-10-01 22:00,0.0
,2015-10-01 23:00,0.0
,2015-10-02 00:00,0.0
,2015-10-02 01:00,0.0
,2015-10-02 02:00,0.0
,2015-10-02 03:00,0.0
,2015-10-02 04:00,0.0
,2015-10-02 05:00,0.0
,2015-10-02 06:00,11.854958072941942
,2015-10-02 07:00,185.4584465759035
,2015-10-02 08:00,399.7386838909279
,2015-10-02 09:00,589.0967634819309
,2015-10-02 10:00,728.0303729256527
,2015-10-02 11:00,802.9837897776448
,2015-10-02 12:00,808.490000326555
,2015-10-02 13:00,743.0210063939815
,2015-10-02 14:00,610.4151086016782
,2015-10-02 15:00,424.90756183078275
,2015-10-02 16:00,208.42702342220866
,2015-10-02 17:00,0.0
,2015-10-02 18:00,0.0
,2015-10-02 19:00,0.0
,2015-10-02 20:00,0.0
,2015-10-02 21:00,0.0
,2015-10-02 22:00,0.0
,2015-10-02 23:00,0.0
,2015-10-03 00:00,0.0
,2015-10-03 01:00,0.0
,2015-10-03 02:00,0.0
,2015-10-03 03:00,0.0
,2015-10-03 04:00,0.0
,2015-10-03 05:00,0.0
,2015-10-03 06:00,10.268832391450546
,2015-10-03 07:00,181.07843781137476
,2015-10-03 08:00,394.37955834471893
,2015-10-03 09:00,583.5988951222448
,2015-10-03 10:00,721.1263692859727
,2015-10-03 11:00,795.6878950997808
,2015-10-03 12:00,800.9241412095569
,2015-10-03 13:00,735.3333884226513
,2015-10-03 14:00,602.8553495782878
,2015-10-03 15:00,418.6052737404983
,2015-10-03 16:00,203.60601744821304
,2015-10-03 17:00,0.0
,2015-10-03 18:00,0.0
,2015-10-03 19:00,0.0
,2015-10-03 20:00,0.0
,2015-10-03 21:00,0.0
,2015-10-03 22:00,0.0
,2015-10-03 23:00,0.0
,2015-10-04 00:00,0.0
,2015-10-04 01:00,0.0
,2015-10-04 02:00,0.0
,2015-10-04 03:00,0.0
,2015-10-04 04:00,0.0
,2015-10-04 05:00,0.0
,2015-10-04 06:00,8.811623213569147
,2015-10-04 07:00,176.34216909954597
,2015-10-04 08:00,388.98132138905777
,2015-10-04 09:00,576.2752577822307
,2015-10-04 10:00,714.5887130243296
,2015-10-04 11:00,790.5590180631596
,2015-10-04 12:00,794.8924555056572
,2015-10-04 13:00,728.0862078461166
,2015-10-04 14:00,596.6024653685913
,2015-10-04 15:00,412.9174889532436
,2015-10-04 16:00,198.3796624402141
,2015-10-04 17:00,0.0
,2015-10-04 18:00,0.0
,2015-10-04 19:00,0.0
,2015-10-04 20:00,0.0
,2015-10-04 21:00,0.0
,2015-10-04 22:00,0.0
,2015-10-04 23:00,0.0
,2015-10-05 00:00,0.0
,2015-10-05 01:00,0.0
,2015-10-05 02:00,0.0
,2015-10-05 03:00,0.0
,2015-10-05 04:00,0.0
,2015-10-05 05:00,0.0
,2015-10-05 06:00,7.4848524886102235
,2015-10-05 07:00,171.82599358099608
,2015-10-05 08:00,383.4631888908352
,2015-10-05 09:00,571.9500153051229
,2015-10-05 10:00,711.1670115842979
,2015-10-05 11:00,785.7286048991244
,2015-10-05 12:00,788.8194142582068
,2015-10-05 13:00,723.6825361645172
,2015-10-05 14:00,592.6611013383624
,2015-10-05 15:00,408.01815281868437
,2015-10-05 16:00,194.13884864572756
,2015-10-05 17:00,0.0
,2015-10-05 18:00,0.0
,2015-10-05 19:00,0.0
,2015-10-05 20:00,0.0
,2015-10-05 21:00,0.0
,2015-10-05 22:00,0.0
,2015-10-05 23:00,0.0
,2015-10-06 00:00,0.0
,2015-10-06 01:00,0.0
,2015-10-06 02:00,0.0
,2015-10-06 03:00,0.0
,2015-10-06 04:00,0.0
,2015-10-06 05:00,0.0
,2015-10-06 06:00,6.364357970021144
,2015-10-06 07:00,167.63411873527167
,2015-10-06 08:00,379.6857586229951
,2015-10-06 09:00,567.3823095810096
,2015-10-06 10:00,705.4571191560852
,2015-10-06 11:00,779.0744649989886
,2015-10-06 12:00,783.2057672620751
,2015-10-06 13:00,716.9918567220464
,2015-10-06 14:00,585.6842291143969
,2015-10-06 15:00,402.48089836538156
,2015-10-06 16:00,189.19848890652656
,2015-10-06 17:00,0.0
,2015-10-06 18:00,0.0
,2015-10-06 19:00,0.0
,2015-10-06 20:00,0.0
,2015-10-06 21:00,0.0
,2015-10-06 22:00,0.0
,2015-10-06 23:00,0.0
,2015-10-07 00:00,0.0
,2015-10-07 01:00,0.0
,2015-10-07 02:00,0.0
,2015-10-07 03:00,0.0
,2015-10-07 04:00,0.0
,2015-10-07 05:00,0.0
,2015-10-07 06:00,5.395637270274842
,2015-10-07 07:00,162.9559768736586
,2015-10-07 08:00,374.23115354492586
,2015-10-07 09:00,560.4054724792686
,2015-10-07 10:00,697.7047099736633
,2015-10-07 11:00,773.3456237222438
,2015-10-07 12:00,777.7748580675927
,2015-10-07 13:00,710.0893112241246
,2015-10-07 14:00,579.9503309462871
,2015-10-07 15:00,397.38099642335175
,2015-10-07 16:00,184.5770650018858
,2015-10-07 17:00,0.0
,2015-10-07 18:00,0.0
,2015-10-07 19:00,0.0
,2015-10-07 20:00,0.0
,2015-10-07 21:00,0.0
,2015-10-07 22:00,0.0
,2015-10-07 23:00,0.0
,2015-10-08 00:00,0.0
,2015-10-08 01:00,0.0
,2015-10-08 02:00,0.0
,2015-10-08 03:00,0.0
,2015-10-08 04:00,0.0
,2015-10-08 05:00,0.0
,2015-10-08 06:00,0.0
,2015-10-08 07:00,159.36852904325977
,2015-10-08 08:00,369.4922936417157
,2015-10-08 09:00,556.1987913196105
,2015-10-08 10:00,693.9868239461032
,2015-10-08 11:00,768.8465014324343
,2015-10-08 12:00,773.4092881890358
,2015-10-08 13:00,707.3768541644026
,2015-10-08 14:00,576.2585492665522
,2015-10-08 15:00,393.2852413319586
,2015-10-08 16:00,180.53606371017509
,2015-10-08 17:00,0.0
,2015-10-08 18:00,0.0
,2015-10-08 19:00,0.0
,2015-10-08 20:00,0.0
,2015-10-08 21:00,0.0
,2015-10-08 22:00,0.0
,2015-10-08 23:00,0.0
,2015-10-09 00:00,0.0
,2015-10-09 01:00,0.0
,2015-10-09 02:00,0.0
,2015-10-09 03:00,0.0
,2015-10-09 04:00,0.0
,2015-10-09 05:00,0.0
,2015-10-09 06:00,0.0
,2015-10-09 07:00,154.96031150951418
,2015-10-09 08:00,365.0341876741144
,2015-10-09 09:00,551.9411271998404
,2015-10-09 10:00,690.7375028454021
,2015-10-09 11:00,765.9951936078501
,2015-10-09 12:00,770.1171614536448
,2015-10-09 13:00,704.1380639711206
,2015-10-09 14:00,572.6715065029512
,2015-10-09 15:00,389.16420083388783
,2015-10-09 16:00,176.58661005598867
,2015-10-09 17:00,0.0
,2015-10-09 18:00,0.0
,2015-10-09 19:00,0.0
,2015-10-09 20:00,0.0
,2015-10-09 21:00,0.0
,2015-10-09 22:00,0.0
,2015-10-09 23:00,0.0
,2015-10-10 00:00,0.0
,2015-10-10 01:00,0.0
,2015-10-10 02:00,0.0
,2015-10-10 03:00,0.0
,2015-10-10 04:00,0.0
,2015-10-10 05:00,0.0
,2015-10-10 06:00,0.0
,2015-10-10 07:00,150.64135982327417
,2015-10-10 08:00,360.14789114118645
,2015-10-10 09:00,546.9072137687162
,2015-10-10 10:00,685.2174950985511
,2015-10-10 11:00,760.2160965554
,2015-10-10 12:00,765.5713357815648
,2015-10-10 13:00,700.1425415791206
,2015-10-10 14:00,568.5190576384135
,2015-10-10 15:00,384.55041484062724
,2015-10-10 16:00,171.71196700743667
,2015-10-10 17:00,0.0
,2015-10-10 18:00,0.0
,2015-10-10 19:00,0.0
,2015-10-10 20:00,0.0
,2015-10-10 21:00,0.0
,2015-10-10 22:00,0.0
,2015-10-10 23:00,0.0
,2015-10-11 00:00,0.0
,2015-10-11 01:00,0.0
,2015-10-11 02:00,0.0
,2015-10-11 03:00,0.0
,2015-10-11 04:00,0.0
,2015-10-11 05:00,0.0
,2015-10-11 06:00,0.0
,2015-10-11 07:00,146.7917035808761
,2015-10-11 08:00,356.1382773127491
,2015-10-11 09:00,543.519965160269
,2015-10-11 10:00,682.1888134951354
,2015-10-11 11:00,757.3732548543978
,2015-10-11 12:00,761.8393615765951
,2015-10-11 13:00,695.4048430305628
,2015-10-11 14:00,564.2879740000853
,2015-10-11 15:00,380.59653321806815
,2015-10-11 16:00,168.03157673361196
,2015-10-11 17:00,0.0
,2015-10-11 18:00,0.0
,2015-10-11 19:00,0.0
,2015-10-11 20:00,0.0
,2015-10-11 21:00,0.0
,2015-10-11 22:00,0.0
,2015-10-11 23:00,0.0
,2015-10-12 00:00,0.0
,2015-10-12 01:00,0.0
,2015-10-12 02:00,0.0
,2015-10-12 03:00,0.0
,2015-10-12 04:00,0.0
,2015-10-12 05:00,0.0
,2015-10-12 06:00,0.0
,2015-10-12 07:00,142.6736363206815
,2015-10-12 08:00,350.4041456143715
,2015-10-12 09:00,536.1847477453562
,2015-10-12 10:00,673.7865717380444
,2015-10-12 11:00,747.8790174821676
,2015-10-12 12:00,752.4121855987422
,2015-10-12 13:00,686.3673341728619
,2015-10-12 14:00,555.6140367382396
,2015-10-12 15:00,373.3836538908833
,2015-10-12 16:00,162.55837305748656
,2015-10-12 17:00,0.0
,2015-10-12 18:00,0.0
,2015-10-12 19:00,0.0
,2015-10-12 20:00,0.0
,2015-10-12 21:00,0.0
,2015-10-12 22:00,0.0
,2015-10-12 23:00,0.0
,2015-10-13 00:00,0.0
,2015-10-13 01:00,0.0
,2015-10-13 02:00,0.0
,2015-10-13 03:00,0.0
,2015-10-13 04:00,0.0
,2015-10-13 05:00,0.0
,2015-10-13 06:00,0.0
,2015-10-13 07:00,137.91813592791829
,2015-10-13 08:00,344.6412383676381
,2015-10-13 09:00,530.3397324222714
,2015-10-13 10:00,667.5189991110391
,2015-10-13 11:00,742.1757934669326
,2015-10-13 12:00,746.6740951066096
,2015-10-13 13:00,680.4135554610482
,2015-10-13 14:00,549.8784505872574
,2015-10-13 15:00,368.0014811570004
,2015-10-13 16:00,158.0180640241394
,2015-10-13 17:00,0.0
,2015-10-13 18:00,0.0
,2015-10-13 19:00,0.0
,2015-10-13 20:00,0.0
,2015-10-13 21:00,0.0
,2015-10-13 22:00,0.0
,2015-10-13 23:00,0.0
,2015-10-14 00:00,0.0
,2015-10-14 01:00,0.0
,2015-10-14 02:00,0.0
,2015-10-14 03:00,0.0
,2015-10-14 04:00,0.0
,2015-10-14 05:00,0.0
,2015-10-14 06:00,0.0
,2015-10-14 07:00,133.68770962761948
,2015-10-14 08:00,339.60137778590246
,2015-10-14 09:00,523.5622162863833
,2015-10-14 10:00,660.4058547343844
,2015-10-14 11:00,734.9031093177314
,2015-10-14 12:00,739.6064485121524
,2015-10-14 13:00,673.3947209956682
,2015-10-14 14:00,543.7150646186114
,2015-10-14 15:00,362.1077607260034
,2015-10-14 16:00,153.0518376283029
,2015-10-14 17:00,0.0
,2015-10-14 18:00,0.0
,2015-10-14 19:00,0.0
,2015-10-14 20:00,0.0
,2015-10-14 21:00,0.0
,2015-10-14 22:00,0.0
,2015-10-14 23:00,0.0
,2015-10-15 00:00,0.0
,2015-10-15 01:00,0.0
,2015-10-15 02:00,0.0
,2015-10-15 03:00,0.0
,2015-10-15 04:00,0.0
,2015-10-15 05:00,0.0
,2015-10-15 06:00,0.0
,2015-10-15 07:00,129.3924568737014
,2015-10-15 08:00,335.0730365919282
,2015-10-15 09:00,520.5441015913857
,2015-10-15 10:00,657.6276940742298
,2015-10-15 11:00,731.8824487870016
,2015-10-15 12:00,737.1750825452942
,2015-10-15 13:00,671.0265978842837
,2015-10-15 14:00,539.0924492391692
,2015-10-15 15:00,357.6614064462108
,2015-10-15 16:00,148.8595694596499
,2015-10-15 17:00,0.0
,2015-10-15 18:00,0.0
,2015-10-15 19:00,0.0
,2015-10-15 20:00,0.0
,2015-10-15 21:00,0.0
,2015-10-15 22:00,0.0
,2015-10-15 23:00,0.0
,2015-10-16 00:00,0.0
,2015-10-16 01:00,0.0
,2015-10-16 02:00,0.0
,2015-10-16 03:00,0.0
,2015-10-16 04:00,0.0
,2015-10-16 05:00,0.0
,2015-10-16 06:00,0.0
,2015-10-16 07:00,125.43550982031044
,2015-10-16 08:00,329.9866712276138
,2015-10-16 09:00,514.7170864532425
,2015-10-16 10:00,651.6415438204435
,2015-10-16 11:00,725.6999279249003
,2015-10-16 12:00,730.3133040696786
,2015-10-16 13:00,665.0022791017705
,2015-10-16 14:00,534.6497957533594
,2015-10-16 15:00,352.8874272730324
,2015-10-16 16:00,144.58180051191334
,2015-10-16 17:00,0.0
,2015-10-16 18:00,0.0
,2015-10-16 19:00,0.0
,2015-10-16 20:00,0.0
,2015-10-16 21:00,0.0
,2015-10-16 22:00,0.0
,2015-10-16 23:00,0.0
,2015-10-17 00:00,0.0
,2015-10-17 01:00,0.0
,2015-10-17 02:00,0.0
,2015-10-17 03:00,0.0
,2015-10-17 04:00,0.0
,2015-10-17 05:00,0.0
,2015-10-17 06:00,0.0
,2015-10-17 07:00,121.45500809390708
,2015-10-17 08:00,324.864452453451
,2015-10-17 09:00,508.49146989290216
,2015-10-17 10:00,645.6756235376085
,2015-10-17 11:00,719.498256029329
,2015-10-17 12:00,723.7514524828583
,2015-10-17 13:00,658.0655344648458
,2015-10-17 14:00,528.3990597617119
,2015-10-17 15:00,347.8259473671033
,2015-10-17 16:00,140.22835620460293
,2015-10-17 17:00,0.0
,2015-10-17 18:00,0.0
,2015-10-17 19:00,0.0
,2015-10-17 20:00,0.0
,2015-10-17 21:00,0.0
,2015-10-17 22:00,0.0
,2015-10-17 23:00,0.0
,2015-10-18 00:00,0.0
,2015-10-18 01:00,0.0
,2015-10-18 02:00,0.0
,2015-10-18 03:00,0.0
,2015-10-18 04:00,0.0
,2015-10-18 05:00,0.0
,2015-10-18 06:00,0.0
,2015-10-18 07:00,117.4424795552939
,2015-10-18 08:00,320.12077448866364
,2015-10-18 09:00,503.5403408253008
,2015-10-18 10:00,639.6311108258457
,2015-10-18 11:00,713.3259456653509
,2015-10-18 12:00,717.838397860372
,2015-10-18 13:00,652.4842362122796
,2015-10-18 14:00,523.3429946709757
,2015-10-18 15:00,342.72081531530876
,2015-10-18 16:00,135.76718955727196
,2015-10-18 17:00,0.0
,2015-10-18 18:00,0.0
,2015-10-18 19:00,0.0
,2015-10-18 20:00,0.0
,2015-10-18 21:00,0.0
,2015-10-18 22:00,0.0
,2015-10-18 23:00,0.0
,2015-10-19 00:00,0.0
,2015-10-19 01:00,0.0
,2015-10-19 02:00,0.0
,2015-10-19 03:00,0.0
,2015-10-19 04:00,0.0
,2015-10-19 05:00,0.0
,2015-10-19 06:00,0.0
,2015-10-19 07:00,113.27263226654718
,2015-10-19 08:00,315.1722500398528
,2015-10-19 09:00,498.02615848232205
,2015-10-19 10:00,632.9842596841844
,2015-10-19 11:00,706.7295408734633
,2015-10-19 12:00,709.4406159695978
,2015-10-19 13:00,644.2012274752805
,2015-10-19 14:00,515.3237554998774
,2015-10-19 15:00,336.51940775942563
,2015-10-19 16:00,131.07775840218864
,2015-10-19 17:00,0.0
,2015-10-19 18:00,0.0
,2015-10-19 19:00,0.0
,2015-10-19 20:00,0.0
,2015-10-19 21:00,0.0
,2015-10-19 22:00,0.0
,2015-10-19 23:00,0.0
,2015-10-20 00:00,0.0
,2015-10-20 01:00,0.0
,2015-10-20 02:00,0.0
,2015-10-20 03:00,0.0
,2015-10-20 04:00,0.0
,2015-10-20 05:00,0.0
,2015-10-20 06:00,0.0
,2015-10-20 07:00,109.4775128461793
,2015-10-20 08:00,311.1224539050005
,2015-10-20 09:00,495.0332800926402
,2015-10-20 10:00,631.495123928406
,2015-10-20 11:00,705.4093693452946
,2015-10-20 12:00,709.895143005655
,2015-10-20 13:00,644.8707911543632
,2015-10-20 14:00,515.399339413469
,2015-10-20 15:00,334.64547037908056
,2015-10-20 16:00,127.97116863756949
,2015-10-20 17:00,0.0
,2015-10-20 18:00,0.0
,2015-10-20 19:00,0.0
,2015-10-20 20:00,0.0
,2015-10-20 21:00,0.0
,2015-10-20 22:00,0.0
,2015-10-20 23:00,0.0
,2015-10-21 00:00,0.0
,2015-10-21 01:00,0.0
,2015-10-21 02:00,0.0
,2015-10-21 03:00,0.0
,2015-10-21 04:00,0.0
,2015-10-21 05:00,0.0
,2015-10-21 06:00,0.0
,2015-10-21 07:00,105.88524202685359
,2015-10-21 08:00,307.1303617583059
,2015-10-21 09:00,490.7819506269003
,2015-10-21 10:00,626.8344307552528
,2015-10-21 11:00,701.1083437658596
,2015-10-21 12:00,705.6278220681677
,2015-10-21 13:00,640.2807803962171
,2015-10-21 14:00,510.8605354686289
,2015-10-21 15:00,330.19164960588375
,2015-10-21 16:00,123.90337041524418
,2015-10-21 17:00,0.0
,2015-10-21 18:00,0.0
,2015-10-21 19:00,0.0
,2015-10-21 20:00,0.0
,2015-10-21 21:00,0.0
,2015-10-21 22:00,0.0
,2015-10-21 23:00,0.0
,2015-10-22 00:00,0.0
,2015-10-22 01:00,0.0
,2015-10-22 02:00,0.0
,2015-10-22 03:00,0.0
,2015-10-22 04:00,0.0
,2015-10-22 05:00,0.0
,2015-10-22 06:00,0.0
,2015-10-22 07:00,102.29171541662079
,2015-10-22 08:00,303.19059830950295
,2015-10-22 09:00,487.0546872269693
,2015-10-22 10:00,623.4393654280263
,2015-10-22 11:00,697.6629742161256
,2015-10-22 12:00,701.9291735937289
,2015-10-22 13:00,636.0838420034827
,2015-10-22 14:00,506.5200708302872
,2015-10-22 15:00,325.87418711797363
,2015-10-22 16:00,119.91325494062433
,2015-10-22 17:00,0.0
,2015-10-22 18:00,0.0
,2015-10-22 19:00,0.0
,2015-10-22 20:00,0.0
,2015-10-22 21:00,0.0
,2015-10-22 22:00,0.0
,2015-10-22 23:00,0.0
,2015-10-23 00:00,0.0
,2015-10-23 01:00,0.0
,2015-10-23 02:00,0.0
,2015-10-23 03:00,0.0
,2015-10-23 04:00,0.0
,2015-10-23 05:00,0.0
,2015-10-23 06:00,0.0
,2015-10-23 07:00,98.2935249909239
,2015-10-23 08:00,297.7397963334018
,2015-10-23 09:00,480.5432346171953
,2015-10-23 10:00,615.5242502935927
,2015-10-23 11:00,688.6575313483955
,2015-10-23 12:00,692.9923956249102
,2015-10-23 13:00,627.9673629816472
,2015-10-23 14:00,499.2992701059808
,2015-10-23 15:00,319.78244454974805
,2015-10-23 16:00,115.32611660959246
,2015-10-23 17:00,0.0
,2015-10-23 18:00,0.0
,2015-10-23 19:00,0.0
,2015-10-23 20:00,0.0
,2015-10-23 21:00,0.0
,2015-10-23 22:00,0.0
,2015-10-23 23:00,0.0
,2015-10-24 00:00,0.0
,2015-10-24 01:00,0.0
,2015-10-24 02:00,0.0
,2015-10-24 03:00,0.0
,2015-10-24 04:00,0.0
,2015-10-24 05:00,0.0
,2015-10-24 06:00,0.0
,2015-10-24 07:00,94.29883897913187
,2015-10-24 08:00,292.17822559247685
,2015-10-24 09:00,473.9211040406819
,2015-10-24 10:00,608.6251512841286
,2015-10-24 11:00,681.9056359607029
,2015-10-24 12:00,686.0720153282216
,2015-10-24 13:00,621.3454397333511
,2015-10-24 14:00,492.70829977320597
,2015-10-24 15:00,313.80755218924133
,2015-10-24 16:00,110.7666808669497
,2015-10-24 17:00,0.0
,2015-10-24 18:00,0.0
,2015-10-24 19:00,0.0
,2015-10-24 20:00,0.0
,2015-10-24 21:00,0.0
,2015-10-24 22:00,0.0
,2015-10-24 23:00,0.0
,2015-10-25 00:00,0.0
,2015-10-25 01:00,0.0
,2015-10-25 02:00,0.0
,2015-10-25 03:00,0.0
,2015-10-25 04:00,0.0
,2015-10-25 05:00,0.0
,2015-10-25 06:00,0.0
,2015-10-25 07:00,90.2838817093151
,2015-10-25 08:00,286.3457405433406
,2015-10-25 09:00,466.7548952208854
,2015-10-25 10:00,601.282627381531
,2015-10-25 11:00,674.2926926452695
,2015-10-25 12:00,678.3299493412214
,2015-10-25 13:00,613.538215118924
,2015-10-25 14:00,485.68576842732534
,2015-10-25 15:00,307.4612244032512
,2015-10-25 16:00,106.23096000445608
,2015-10-25 17:00,0.0
,2015-10-25 18:00,0.0
,2015-10-25 19:00,0.0
,2015-10-25 20:00,0.0
,2015-10-25 21:00,0.0
,2015-10-25 22:00,0.0
,2015-10-25 23:00,0.0
,2015-10-26 00:00,0.0
,2015-10-26 01:00,0.0
,2015-10-26 02:00,0.0
,2015-10-26 03:00,0.0
,2015-10-26 04:00,0.0
,2015-10-26 05:00,0.0
,2015-10-26 06:00,0.0
,2015-10-26 07:00,86.61612771946618
,2015-10-26 08:00,281.91735859383874
,2015-10-26 09:00,461.4115774884149
,2015-10-26 10:00,595.4465403352182
,2015-10-26 11:00,668.0118791992597
,2015-10-26 12:00,671.8326460387362
,2015-10-26 13:00,607.6922564012849
,2015-10-26 14:00,479.9433036551959
,2015-10-26 15:00,302.72116726425037
,2015-10-26 16:00,102.31042716789028
,2015-10-26 17:00,0.0
,2015-10-26 18:00,0.0
,2015-10-26 19:00,0.0
,2015-10-26 20:00,0.0
,2015-10-26 21:00,0.0
,2015-10-26 22:00,0.0
,2015-10-26 23:00,0.0
,2015-10-27 00:00,0.0
,2015-10-27 01:00,0.0
,2015-10-27 02:00,0.0
,2015-10-27 03:00,0.0
,2015-10-27 04:00,0.0
,2015-10-27 05:00,0.0
,2015-10-27 06:00,0.0
,2015-10-27 07:00,83.05379240310386
,2015-10-27 08:00,276.97163289139326
,2015-10-27 09:00,456.97299192742815
,2015-10-27 10:00,590.3166938454725
,2015-10-27 11:00,663.6058590275662
,2015-10-27 12:00,667.8509049559386
,2015-10-27 13:00,602.9825457268607
,2015-10-27 14:00,475.21546102185584
,2015-10-27 15:00,298.1383778329553
,2015-10-27 16:00,98.39805197058101
,2015-10-27 17:00,0.0
,2015-10-27 18:00,0.0
,2015-10-27 19:00,0.0
,2015-10-27 20:00,0.0
,2015-10-27 21:00,0.0
,2015-10-27 22:00,0.0
,2015-10-27 23:00,0.0
,2015-10-28 00:00,0.0
,2015-10-28 01:00,0.0
,2015-10-28 02:00,0.0
,2015-10-28 03:00,0.0
,2015-10-28 04:00,0.0
,2015-10-28 05:00,0.0
,2015-10-28 06:00,0.0
,2015-10-28 07:00,79.59919226580907
,2015-10-28 08:00,272.5060791168338
,2015-10-28 09:00,451.71403188332596
,2015-10-28 10:00,585.311231154312
,2015-10-28 11:00,657.803584130247
,2015-10-28 12:00,662.2979964845937
,2015-10-28 13:00,597.9761303842052
,2015-10-28 14:00,470.5172691596064
,2015-10-28 15:00,293.48260642397884
,2015-10-28 16:00,94.49133848616998
,2015-10-28 17:00,0.0
,2015-10-28 18:00,0.0
,2015-10-28 19:00,0.0
,2015-10-28 20:00,0.0
,2015-10-28 21:00,0.0
,2015-10-28 22:00,0.0
,2015-10-28 23:00,0.0
,2015-10-29 00:00,0.0
,2015-10-29 01:00,0.0
,2015-10-29 02:00,0.0
,2015-10-29 03:00,0.0
,2015-10-29 04:00,0.0
,2015-10-29 05:00,0.0
,2015-10-29 06:00,0.0
,2015-10-29 07:00,75.99119149247161
,2015-10-29 08:00,267.79587022161746
,2015-10-29 09:00,447.1959649484137
,2015-10-29 10:00,581.297128311124
,2015-10-29 11:00,654.1342276603609
,2015-10-29 12:00,658.7196997630098
,2015-10-29 13:00,593.9359506674367
,2015-10-29 14:00,466.850503841509
,2015-10-29 15:00,289.61052147982184
,2015-10-29 16:00,90.84931980235945
,2015-10-29 17:00,0.0
,2015-10-29 18:00,0.0
,2015-10-29 19:00,0.0
,2015-10-29 20:00,0.0
,2015-10-29 21:00,0.0
,2015-10-29 22:00,0.0
,2015-10-29 23:00,0.0
,2015-10-30 00:00,0.0
,2015-10-30 01:00,0.0
,2015-10-30 02:00,0.0
,2015-10-30 03:00,0.0
,2015-10-30 04:00,0.0
,2015-10-30 05:00,0.0
,2015-10-30 06:00,0.0
,2015-10-30 07:00,72.66136315019487
,2015-10-30 08:00,263.8832134507955
,2015-10-30 09:00,443.1227767857543
,2015-10-30 10:00,576.6882118809658
,2015-10-30 11:00,649.2439877689039
,2015-10-30 12:00,654.0781494082283
,2015-10-30 13:00,589.8265508090361
,2015-10-30 14:00,462.34562464441984
,2015-10-30 15:00,285.18121947640833
,2015-10-30 16:00,87.16658324325158
,2015-10-30 17:00,0.0
,2015-10-30 18:00,0.0
,2015-10-30 19:00,0.0
,2015-10-30 20:00,0.0
,2015-10-30 21:00,0.0
,2015-10-30 22:00,0.0
,2015-10-30 23:00,0.0
,2015-10-31 00:00,0.0
,2015-10-31 01:00,0.0
,2015-10-31 02:00,0.0
,2015-10-31 03:00,0.0
,2015-10-31 04:00,0.0
,2015-10-31 05:00,0.0
,2015-10-31 06:00,0.0
,2015-10-31 07:00,69.2533870752973
,2015-10-31 08:00,259.2037894838453
,2015-10-31 09:00,437.934592670459
,2015-10-31 10:00,571.1213211587811
,2015-10-31 11:00,643.4430300266123
,2015-10-31 12:00,647.8655672785258
,2015-10-31 13:00,583.7093305606444
,2015-10-31 14:00,456.69242151677474
,2015-10-31 15:00,280.19756115429954
,2015-10-31 16:00,83.31976951439809
,2015-10-31 17:00,0.0
,2015-10-31 18:00,0.0
,2015-10-31 19:00,0.0
,2015-10-31 20:00,0.0
,2015-10-31 21:00,0.0
,2015-10-31 22:00,0.0
,2015-10-31 23:00,0.0
,2015-11-01 00:00,0.0
,2015-11-01 01:00,0.0
,2015-11-01 02:00,0.0
,2015-11-01 03:00,0.0
,2015-11-01 04:00,0.0
,2015-11-01 05:00,0.0
,2015-11-01 06:00,0.0
,2015-11-01 07:00,66.31352934700824
,2015-11-01 08:00,255.85214121668173
,2015-11-01 09:00,434.3204523130059
,2015-11-01 10:00,567.459652773273
,2015-11-01 11:00,639.9798977642702
,2015-11-01 12:00,644.5439729045173
,2015-11-01 13:00,580.1632148781902
,2015-11-01 14:00,453.1702799682784
,2015-11-01 15:00,276.43541389505333
,2015-11-01 16:00,79.9332982489466
,2015-11-01 17:00,0.0
,2015-11-01 18:00,0.0
,2015-11-01 19:00,0.0
,2015-11-01 20:00,0.0
,2015-11-01 21:00,0.0
,2015-11-01 22:00,0.0
,2015-11-01 23:00,0.0
,2015-11-02 00:00,0.0
,2015-11-02 01:00,0.0
,2015-11-02 02:00,0.0
,2015-11-02 03:00,0.0
,2015-11-02 04:00,0.0
,2015-11-02 05:00,0.0
,2015-11-02 06:00,0.0
,2015-11-02 07:00,63.11298856086866
,2015-11-02 08:00,251.20373282885373
,2015-11-02 09:00,429.1601861513537
,2015-11-02 10:00,562.2851635267428
,2015-11-02 11:00,634.4130380586158
,2015-11-02 12:00,638.5122817989128
,2015-11-02 13:00,574.3034676756045
,2015-11-02 14:00,447.50653118951107
,2015-11-02 15:00,271.233382532182
,2015-11-02 16:00,76.16414966174112
,2015-11-02 17:00,0.0
,2015-11-02 18:00,0.0
,2015-11-02 19:00,0.0
,2015-11-02 20:00,0.0
,2015-11-02 21:00,0.0
,2015-11-02 22:00,0.0
,2015-11-02 23:00,0.0
,2015-11-03 00:00,0.0
,2015-11-03 01:00,0.0
,2015-11-03 02:00,0.0
,2015-11-03 03:00,0.0
,2015-11-03 04:00,0.0
,2015-11-03 05:00,0.0
,2015-11-03 06:00,0.0
,2015-11-03 07:00,59.978852142623104
,2015-11-03 08:00,246.44517924254478
,2015-11-03 09:00,423.6346545260402
,2015-11-03 10:00,555.9824020816582
,2015-11-03 11:00,627.6708496245492
,2015-11-03 12:00,631.7800801692799
,2015-11-03 13:00,567.8639586919384
,2015-11-03 14:00,441.4194778110327
,2015-11-03 15:00,266.18250708626175
,2015-11-03 16:00,72.43030754171032
,2015-11-03 17:00,0.0
,2015-11-03 18:00,0.0
,2015-11-03 19:00,0.0
,2015-11-03 20:00,0.0
,2015-11-03 21:00,0.0
,2015-11-03 22:00,0.0
,2015-11-03 23:00,0.0
,2015-11-04 00:00,0.0
,2015-11-04 01:00,0.0
,2015-11-04 02:00,0.0
,2015-11-04 03:00,0.0
,2015-11-04 04:00,0.0
,2015-11-04 05:00,0.0
,2015-11-04 06:00,0.0
,2015-11-04 07:00,56.673184043566756
,2015-11-04 08:00,241.56887122824492
,2015-11-04 09:00,417.93792940936174
,2015-11-04 10:00,549.6301215610387
,2015-11-04 11:00,621.5728133687315
,2015-11-04 12:00,625.6974424043593
,2015-11-04 13:00,561.9169541975607
,2015-11-04 14:00,436.1222647046569
,2015-11-04 15:00,261.47975217469707
,2015-11-04 16:00,68.95451290402698
,2015-11-04 17:00,0.0
,2015-11-04 18:00,0.0
,2015-11-04 19:00,0.0
,2015-11-04 20:00,0.0
,2015-11-04 21:00,0.0
,2015-11-04 22:00,0.0
,2015-11-04 23:00,0.0
,2015-11-05 00:00,0.0
,2015-11-05 01:00,0.0
,2015-11-05 02:00,0.0
,2015-11-05 03:00,0.0
,2015-11-05 04:00,0.0
,2015-11-05 05:00,0.0
,2015-11-05 06:00,0.0
,2015-11-05 07:00,53.69263974561464
,2015-11-05 08:00,236.93546910290863
,2015-11-05 09:00,412.502422669364
,2015-11-05 10:00,544.2286333485495
,2015-11-05 11:00,615.7479707563906
,2015-11-05 12:00,620.5043807477533
,2015-11-05 13:00,556.7040700795241
,2015-11-05 14:00,431.39433966643986
,2015-11-05 15:00,257.02014480503027
,2015-11-05 16:00,65.55733396244423
,2015-11-05 17:00,0.0
,2015-11-05 18:00,0.0
,2015-11-05 19:00,0.0
,2015-11-05 20:00,0.0
,2015-11-05 21:00,0.0
,2015-11-05 22:00,0.0
,2015-11-05 23:00,0.0
,2015-11-06 00:00,0.0
,2015-11-06 01:00,0.0
,2015-11-06 02:00,0.0
,2015-11-06 03:00,0.0
,2015-11-06 04:00,0.0
,2015-11-06 05:00,0.0
,2015-11-06 06:00,0.0
,2015-11-06 07:00,50.84340188040763
,2015-11-06 08:00,233.06823491532882
,2015-11-06 09:00,408.3748241312636
,2015-11-06 10:00,539.6016773680504
,2015-11-06 11:00,610.591852324002
,2015-11-06 12:00,614.9764863047778
,2015-11-06 13:00,551.4949736518223
,2015-11-06 14:00,426.18331408770104
,2015-11-06 15:00,252.60075760494394
,2015-11-06 16:00,62.28732855130724
,2015-11-06 17:00,0.0
,2015-11-06 18:00,0.0
,2015-11-06 19:00,0.0
,2015-11-06 20:00,0.0
,2015-11-06 21:00,0.0
,2015-11-06 22:00,0.0
,2015-11-06 23:00,0.0
,2015-11-07 00:00,0.0
,2015-11-07 01:00,0.0
,2015-11-07 02:00,0.0
,2015-11-07 03:00,0.0
,2015-11-07 04:00,0.0
,2015-11-07 05:00,0.0
,2015-11-07 06:00,0.0
,2015-11-07 07:00,48.04590912019209
,2015-11-07 08:00,229.05315527513724
,2015-11-07 09:00,403.55256585584954
,2015-11-07 10:00,534.7107783493241
,2015-11-07 11:00,606.0333621669398
,2015-11-07 12:00,609.7759081908988
,2015-11-07 13:00,546.7818775253685
,2015-11-07 14:00,421.63784290103797
,2015-11-07 15:00,248.4084716177587
,2015-11-07 16:00,59.10251232399041
,2015-11-07 17:00,0.0
,2015-11-07 18:00,0.0
,2015-11-07 19:00,0.0
,2015-11-07 20:00,0.0
,2015-11-07 21:00,0.0
,2015-11-07 22:00,0.0
,2015-11-07 23:00,0.0
,2015-11-08 00:00,0.0
,2015-11-08 01:00,0.0
,2015-11-08 02:00,0.0
,2015-11-08 03:00,0.0
,2015-11-08 04:00,0.0
,2015-11-08 05:00,0.0
,2015-11-08 06:00,0.0
,2015-11-08 07:00,45.24737996914168
,2015-11-08 08:00,224.55554998745117
,2015-11-08 09:00,398.8883070421718
,2015-11-08 10:00,529.3174136698292
,2015-11-08 11:00,600.2459238589928
,2015-11-08 12:00,604.1204482134799
,2015-11-08 13:00,540.6143868734929
,2015-11-08 14:00,416.1393032628128
,2015-11-08 15:00,243.53819501894068
,2015-11-08 16:00,55.84865942605087
,2015-11-08 17:00,0.0
,2015-11-08 18:00,0.0
,2015-11-08 19:00,0.0
,2015-11-08 20:00,0.0
,2015-11-08 21:00,0.0
,2015-11-08 22:00,0.0
,2015-11-08 23:00,0.0
,2015-11-09 00:00,0.0
,2015-11-09 01:00,0.0
,2015-11-09 02:00,0.0
,2015-11-09 03:00,0.0
,2015-11-09 04:00,0.0
,2015-11-09 05:00,0.0
,2015-11-09 06:00,0.0
,2015-11-09 07:00,42.511526672042955
,2015-11-09 08:00,219.81813837347127
,2015-11-09 09:00,392.6368956642702
,2015-11-09 10:00,522.106510124998
,2015-11-09 11:00,592.0210050559989
,2015-11-09 12:00,596.3325845667881
,2015-11-09 13:00,533.8543152325616
,2015-11-09 14:00,409.69830549866214
,2015-11-09 15:00,238.04937483680598
,2015-11-09 16:00,52.5118975835369
,2015-11-09 17:00,0.0
,2015-11-09 18:00,0.0
,2015-11-09 19:00,0.0
,2015-11-09 20:00,0.0
,2015-11-09 21:00,0.0
,2015-11-09 22:00,0.0
,2015-11-09 23:00,0.0
,2015-11-10 00:00,0.0
,2015-11-10 01:00,0.0
,2015-11-10 02:00,0.0
,2015-11-10 03:00,0.0
,2015-11-10 04:00,0.0
,2015-11-10 05:00,0.0
,2015-11-10 06:00,0.0
,2015-11-10 07:00,39.99373466435375
,2015-11-10 08:00,216.07090805739128
,2015-11-10 09:00,389.1754159697758
,2015-11-10 10:00,518.8129408921656
,2015-11-10 11:00,589.2391261358595
,2015-11-10 12:00,593.8138031363617
,2015-11-10 13:00,531.1103101262706
,2015-11-10 14:00,406.83463160022865
,2015-11-10 15:00,235.041910440272
,2015-11-10 16:00,49.86205084901937
,2015-11-10 17:00,0.0
,2015-11-10 18:00,0.0
,2015-11-10 19:00,0.0
,2015-11-10 20:00,0.0
,2015-11-10 21:00,0.0
,2015-11-10 22:00,0.0
,2015-11-10 23:00,0.0
,2015-11-11 00:00,0.0
,2015-11-11 01:00,0.0
,2015-11-11 02:00,0.0
,2015-11-11 03:00,0.0
,2015-11-11 04:00,0.0
,2015-11-11 05:00,0.0
,2015-11-11 06:00,0.0
,2015-11-11 07:00,37.38193076877349
,2015-11-11 08:00,211.31912657108444
,2015-11-11 09:00,383.2826210927528
,2015-11-11 10:00,512.3668520985232
,2015-11-11 11:00,583.115702578357
,2015-11-11 12:00,586.5911763654159
,2015-11-11 13:00,523.927386133487
,2015-11-11 14:00,400.4039558438429
,2015-11-11 15:00,229.880371347159
,2015-11-11 16:00,46.775487622984556
,2015-11-11 17:00,0.0
,2015-11-11 18:00,0.0
,2015-11-11 19:00,0.0
,2015-11-11 20:00,0.0
,2015-11-11 21:00,0.0
,2015-11-11 22:00,0.0
,2015-11-11 23:00,0.0
,2015-11-12 00:00,0.0
,2015-11-12 01:00,0.0
,2015-11-12 02:00,0.0
,2015-11-12 03:00,0.0
,2015-11-12 04:00,0.0
,2015-11-12 05:00,0.0
,2015-11-12 06:00,0.0
,2015-11-12 07:00,35.2603530662246
,2015-11-12 08:00,208.2957529253744
,2015-11-12 09:00,380.2944269166135
,2015-11-12 10:00,509.84732311096076
,2015-11-12 11:00,579.8538982547241
,2015-11-12 12:00,584.54497245342
,2015-11-12 13:00,521.6569912020461
,2015-11-12 14:00,397.6461301769452
,2015-11-12 15:00,226.89758853381176
,2015-11-12 16:00,44.29348412862062
,2015-11-12 17:00,0.0
,2015-11-12 18:00,0.0
,2015-11-12 19:00,0.0
,2015-11-12 20:00,0.0
,2015-11-12 21:00,0.0
,2015-11-12 22:00,0.0
,2015-11-12 23:00,0.0
,2015-11-13 00:00,0.0
,2015-11-13 01:00,0.0
,2015-11-13 02:00,0.0
,2015-11-13 03:00,0.0
,2015-11-13 04:00,0.0
,2015-11-13 05:00,0.0
,2015-11-13 06:00,0.0
,2015-11-13 07:00,33.13090811098833
,2015-11-13 08:00,205.70764533991738
,2015-11-13 09:00,378.2534533555301
,2015-11-13 10:00,507.81606429564135
,2015-11-13 11:00,578.1494197395757
,2015-11-13 12:00,581.9017285393838
,2015-11-13 13:00,518.3313201164312
,2015-11-13 14:00,394.4531927355544
,2015-11-13 15:00,223.6239311680806
,2015-11-13 16:00,41.807045029076654
,2015-11-13 17:00,0.0
,2015-11-13 18:00,0.0
,2015-11-13 19:00,0.0
,2015-11-13 20:00,0.0
,2015-11-13 21:00,0.0
,2015-11-13 22:00,0.0
,2015-11-13 23:00,0.0
,2015-11-14 00:00,0.0
,2015-11-14 01:00,0.0
,2015-11-14 02:00,0.0
,2015-11-14 03:00,0.0
,2015-11-14 04:00,0.0
,2015-11-14 05:00,0.0
,2015-11-14 06:00,0.0
,2015-11-14 07:00,31.043074466180535
,2015-11-14 08:00,202.00840097130757
,2015-11-14 09:00,373.59160892320483
,2015-11-14 10:00,502.6027403493511
,2015-11-14 11:00,573.2354080501043
,2015-11-14 12:00,577.8715343684995
,2015-11-14 13:00,515.3832742307519
,2015-11-14 14:00,391.34097239230067
,2015-11-14 15:00,220.26702295055793
,2015-11-14 16:00,39.33686259655696
,2015-11-14 17:00,0.0
,2015-11-14 18:00,0.0
,2015-11-14 19:00,0.0
,2015-11-14 20:00,0.0
,2015-11-14 21:00,0.0
,2015-11-14 22:00,0.0
,2015-11-14 23:00,0.0
,2015-11-15 00:00,0.0
,2015-11-15 01:00,0.0
,2015-11-15 02:00,0.0
,2015-11-15 03:00,0.0
,2015-11-15 04:00,0.0
,2015-11-15 05:00,0.0
,2015-11-15 06:00,0.0
,2015-11-15 07:00,28.93828535871022
,2015-11-15 08:00,198.22270940282735
,2015-11-15 09:00,369.4230556996347
,2015-11-15 10:00,497.94820392165235
,2015-11-15 11:00,567.6745565256562
,2015-11-15 12:00,572.53973921426
,2015-11-15 13:00,509.66493681783805
,2015-11-15 14:00,386.1442801404456
,2015-11-15 15:00,216.10231370153338
,2015-11-15 16:00,36.825314609087016
,2015-11-15 17:00,0.0
,2015-11-15 18:00,0.0
,2015-11-15 19:00,0.0
,2015-11-15 20:00,0.0
,2015-11-15 21:00,0.0
,2015-11-15 22:00,0.0
,2015-11-15 23:00,0.0
,2015-11-16 00:00,0.0
,2015-11-16 01:00,0.0
,2015-11-16 02:00,0.0
,2015-11-16 03:00,0.0
,2015-11-16 04:00,0.0
,2015-11-16 05:00,0.0
,2015-11-16 06:00,0.0
,2015-11-16 07:00,26.845796443667613
,2015-11-16 08:00,194.03404850000857
,2015-11-16 09:00,364.45612924424245
,2015-11-16 10:00,492.27098037299777
,2015-11-16 11:00,562.3031794068257
,2015-11-16 12:00,566.3624378460639
,2015-11-16 13:00,504.2055390063698
,2015-11-16 14:00,381.12583378894595
,2015-11-16 15:00,211.94296194838984
,2015-11-16 16:00,34.441289964012036
,2015-11-16 17:00,0.0
,2015-11-16 18:00,0.0
,2015-11-16 19:00,0.0
,2015-11-16 20:00,0.0
,2015-11-16 21:00,0.0
,2015-11-16 22:00,0.0
,2015-11-16 23:00,0.0
,2015-11-17 00:00,0.0
,2015-11-17 01:00,0.0
,2015-11-17 02:00,0.0
,2015-11-17 03:00,0.0
,2015-11-17 04:00,0.0
,2015-11-17 05:00,0.0
,2015-11-17 06:00,0.0
,2015-11-17 07:00,25.00451694704136
,2015-11-17 08:00,190.19276446889782
,2015-11-17 09:00,359.38640759562435
,2015-11-17 10:00,487.3575549576073
,2015-11-17 11:00,556.9161390909999
,2015-11-17 12:00,561.1644061053635
,2015-11-17 13:00,498.7388211501147
,2015-11-17 14:00,376.62316280364576
,2015-11-17 15:00,207.85930608043765
,2015-11-17 16:00,32.17544817652422
,2015-11-17 17:00,0.0
,2015-11-17 18:00,0.0
,2015-11-17 19:00,0.0
,2015-11-17 20:00,0.0
,2015-11-17 21:00,0.0
,2015-11-17 22:00,0.0
,2015-11-17 23:00,0.0
,2015-11-18 00:00,0.0
,2015-11-18 01:00,0.0
,2015-11-18 02:00,0.0
,2015-11-18 03:00,0.0
,2015-11-18 04:00,0.0
,2015-11-18 05:00,0.0
,2015-11-18 06:00,0.0
,2015-11-18 07:00,23.35181948784496
,2015-11-18 08:00,187.59434530895183
,2015-11-18 09:00,357.0968264367444
,2015-11-18 10:00,484.98566767072384
,2015-11-18 11:00,554.6771312162773
,2015-11-18 12:00,558.9567299547374
,2015-11-18 13:00,496.6922020595154
,2015-11-18 14:00,373.84925097319626
,2015-11-18 15:00,205.0532400645718
,2015-11-18 16:00,30.167349731723384
,2015-11-18 17:00,0.0
,2015-11-18 18:00,0.0
,2015-11-18 19:00,0.0
,2015-11-18 20:00,0.0
,2015-11-18 21:00,0.0
,2015-11-18 22:00,0.0
,2015-11-18 23:00,0.0
,2015-11-19 00:00,0.0
,2015-11-19 01:00,0.0
,2015-11-19 02:00,0.0
,2015-11-19 03:00,0.0
,2015-11-19 04:00,0.0
,2015-11-19 05:00,0.0
,2015-11-19 06:00,0.0
,2015-11-19 07:00,21.717670394716542
,2015-11-19 08:00,184.1591315258063
,2015-11-19 09:00,353.1129938654071
,2015-11-19 10:00,480.596869618467
,2015-11-19 11:00,550.4228418736715
,2015-11-19 12:00,554.6073419761033
,2015-11-19 13:00,492.55959784337404
,2015-11-19 14:00,369.70308504081794
,2015-11-19 15:00,201.4085417453681
,2015-11-19 16:00,28.196257381875988
,2015-11-19 17:00,0.0
,2015-11-19 18:00,0.0
,2015-11-19 19:00,0.0
,2015-11-19 20:00,0.0
,2015-11-19 21:00,0.0
,2015-11-19 22:00,0.0
,2015-11-19 23:00,0.0
,2015-11-20 00:00,0.0
,2015-11-20 01:00,0.0
,2015-11-20 02:00,0.0
,2015-11-20 03:00,0.0
,2015-11-20 04:00,0.0
,2015-11-20 05:00,0.0
,2015-11-20 06:00,0.0
,2015-11-20 07:00,20.196640645134522
,2015-11-20 08:00,181.0414230352258
,2015-11-20 09:00,349.6164407536288
,2015-11-20 10:00,476.9498340327955
,2015-11-20 11:00,546.1460717479563
,2015-11-20 12:00,549.9706547834406
,2015-11-20 13:00,487.65355889559413
,2015-11-20 14:00,365.5595279803268
,2015-11-20 15:00,197.54263675839147
,2015-11-20 16:00,26.276333137746423
,2015-11-20 17:00,0.0
,2015-11-20 18:00,0.0
,2015-11-20 19:00,0.0
,2015-11-20 20:00,0.0
,2015-11-20 21:00,0.0
,2015-11-20 22:00,0.0
,2015-11-20 23:00,0.0
,2015-11-21 00:00,0.0
,2015-11-21 01:00,0.0
,2015-11-21 02:00,0.0
,2015-11-21 03:00,0.0
,2015-11-21 04:00,0.0
,2015-11-21 05:00,0.0
,2015-11-21 06:00,0.0
,2015-11-21 07:00,18.630577179829313
,2015-11-21 08:00,177.18087589615885
,2015-11-21 09:00,345.2480400246673
,2015-11-21 10:00,472.5167155127276
,2015-11-21 11:00,541.7778187478193
,2015-11-21 12:00,546.0830798927101
,2015-11-21 13:00,483.5474987067628
,2015-11-21 14:00,361.9956470190925
,2015-11-21 15:00,194.5704757454423
,2015-11-21 16:00,24.537726809501574
,2015-11-21 17:00,0.0
,2015-11-21 18:00,0.0
,2015-11-21 19:00,0.0
,2015-11-21 20:00,0.0
,2015-11-21 21:00,0.0
,2015-11-21 22:00,0.0
,2015-11-21 23:00,0.0
,2015-11-22 00:00,0.0
,2015-11-22 01:00,0.0
,2015-11-22 02:00,0.0
,2015-11-22 03:00,0.0
,2015-11-22 04:00,0.0
,2015-11-22 05:00,0.0
,2015-11-22 06:00,0.0
,2015-11-22 07:00,17.39327778360814
,2015-11-22 08:00,174.7350823149232
,2015-11-22 09:00,343.2403099263416
,2015-11-22 10:00,470.7814237818245
,2015-11-22 11:00,539.493360791652
,2015-11-22 12:00,543.5003548377528
,2015-11-22 13:00,481.8236408544606
,2015-11-22 14:00,359.81234880556735
,2015-11-22 15:00,192.01705443337983
,2015-11-22 16:00,23.043053990393027
,2015-11-22 17:00,0.0
,2015-11-22 18:00,0.0
,2015-11-22 19:00,0.0
,2015-11-22 20:00,0.0
,2015-11-22 21:00,0.0
,2015-11-22 22:00,0.0
,2015-11-22 23:00,0.0
,2015-11-23 00:00,0.0
,2015-11-23 01:00,0.0
,2015-11-23 02:00,0.0
,2015-11-23 03:00,0.0
,2015-11-23 04:00,0.0
,2015-11-23 05:00,0.0
,2015-11-23 06:00,0.0
,2015-11-23 07:00,16.24802924370868
,2015-11-23 08:00,172.42135626698482
,2015-11-23 09:00,340.32937896549504
,2015-11-23 10:00,467.37877056311845
,2015-11-23 11:00,536.8383529399139
,2015-11-23 12:00,540.6799721074456
,2015-11-23 13:00,478.8479799292829
,2015-11-23 14:00,356.88732803329407
,2015-11-23 15:00,189.1749199870299
,2015-11-23 16:00,21.58259313930871
,2015-11-23 17:00,0.0
,2015-11-23 18:00,0.0
,2015-11-23 19:00,0.0
,2015-11-23 20:00,0.0
,2015-11-23 21:00,0.0
,2015-11-23 22:00,0.0
,2015-11-23 23:00,0.0
,2015-11-24 00:00,0.0
,2015-11-24 01:00,0.0
,2015-11-24 02:00,0.0
,2015-11-24 03:00,0.0
,2015-11-24 04:00,0.0
,2015-11-24 05:00,0.0
,2015-11-24 06:00,0.0
,2015-11-24 07:00,15.116108831421807
,2015-11-24 08:00,169.35543110590828
,2015-11-24 09:00,337.1222741075327
,2015-11-24 10:00,464.1846978761786
,2015-11-24 11:00,533.0888295770462
,2015-11-24 12:00,537.3752818514274
,2015-11-24 13:00,475.55377314373436
,2015-11-24 14:00,353.74051629913123
,2015-11-24 15:00,186.34777344012383
,2015-11-24 16:00,20.248985312878354
,2015-11-24 17:00,0.0
,2015-11-24 18:00,0.0
,2015-11-24 19:00,0.0
,2015-11-24 20:00,0.0
,2015-11-24 21:00,0.0
,2015-11-24 22:00,0.0
,2015-11-24 23:00,0.0
,2015-11-25 00:00,0.0
,2015-11-25 01:00,0.0
,2015-11-25 02:00,0.0
,2015-11-25 03:00,0.0
,2015-11-25 04:00,0.0
,2015-11-25 05:00,0.0
,2015-11-25 06:00,0.0
,2015-11-25 07:00,14.141208962581745
,2015-11-25 08:00,166.85423345169914
,2015-11-25 09:00,334.42074684382305
,2015-11-25 10:00,461.5265441375481
,2015-11-25 11:00,530.8674971292265
,2015-11-25 12:00,534.8571952880972
,2015-11-25 13:00,472.9374602172773
,2015-11-25 14:00,351.0419420053416
,2015-11-25 15:00,183.63148682643504
,2015-11-25 16:00,0.0
,2015-11-25 17:00,0.0
,2015-11-25 18:00,0.0
,2015-11-25 19:00,0.0
,2015-11-25 20:00,0.0
,2015-11-25 21:00,0.0
,2015-11-25 22:00,0.0
,2015-11-25 23:00,0.0
,2015-11-26 00:00,0.0
,2015-11-26 01:00,0.0
,2015-11-26 02:00,0.0
,2015-11-26 03:00,0.0
,2015-11-26 04:00,0.0
,2015-11-26 05:00,0.0
,2015-11-26 06:00,0.0
,2015-11-26 07:00,13.268662818520452
,2015-11-26 08:00,164.20389370697922
,2015-11-26 09:00,331.29250652247913
,2015-11-26 10:00,458.1404304633306
,2015-11-26 11:00,527.246592189708
,2015-11-26 12:00,530.7733725277748
,2015-11-26 13:00,469.0122350857239
,2015-11-26 14:00,347.55429551351864
,2015-11-26 15:00,180.78633899142122
,2015-11-26 16:00,0.0
,2015-11-26 17:00,0.0
,2015-11-26 18:00,0.0
,2015-11-26 19:00,0.0
,2015-11-26 20:00,0.0
,2015-11-26 21:00,0.0
,2015-11-26 22:00,0.0
,2015-11-26 23:00,0.0
,2015-11-27 00:00,0.0
,2015-11-27 01:00,0.0
,2015-11-27 02:00,0.0
,2015-11-27 03:00,0.0
,2015-11-27 04:00,0.0
,2015-11-27 05:00,0.0
,2015-11-27 06:00,0.0
,2015-11-27 07:00,12.491415806962218
,2015-11-27 08:00,161.55454585167854
,2015-11-27 09:00,328.1776803888212
,2015-11-27 10:00,454.6622884677859
,2015-11-27 11:00,523.2577126118313
,2015-11-27 12:00,526.8178314170074
,2015-11-27 13:00,465.2515155868836
,2015-11-27 14:00,344.0472119381247
,2015-11-27 15:00,177.77833622300392
,2015-11-27 16:00,0.0
,2015-11-27 17:00,0.0
,2015-11-27 18:00,0.0
,2015-11-27 19:00,0.0
,2015-11-27 20:00,0.0
,2015-11-27 21:00,0.0
,2015-11-27 22:00,0.0
,2015-11-27 23:00,0.0
,2015-11-28 00:00,0.0
,2015-11-28 01:00,0.0
,2015-11-28 02:00,0.0
,2015-11-28 03:00,0.0
,2015-11-28 04:00,0.0
,2015-11-28 05:00,0.0
,2015-11-28 06:00,0.0
,2015-11-28 07:00,11.850765735832649
,2015-11-28 08:00,158.98932803448724
,2015-11-28 09:00,324.9240536296894
,2015-11-28 10:00,450.8275633309169
,2015-11-28 11:00,519.5436213000722
,2015-11-28 12:00,523.327872256994
,2015-11-28 13:00,461.84982479037575
,2015-11-28 14:00,340.7780378832536
,2015-11-28 15:00,174.95180311287388
,2015-11-28 16:00,0.0
,2015-11-28 17:00,0.0
,2015-11-28 18:00,0.0
,2015-11-28 19:00,0.0
,2015-11-28 20:00,0.0
,2015-11-28 21:00,0.0
,2015-11-28 22:00,0.0
,2015-11-28 23:00,0.0
,2015-11-29 00:00,0.0
,2015-11-29 01:00,0.0
,2015-11-29 02:00,0.0
,2015-11-29 03:00,0.0
,2015-11-29 04:00,0.0
,2015-11-29 05:00,0.0
,2015-11-29 06:00,0.0
,2015-11-29 07:00,11.323374100336164
,2015-11-29 08:00,156.3842015262773
,2015-11-29 09:00,321.4664023367978
,2015-11-29 10:00,446.70647737590593
,2015-11-29 11:00,515.146240066312
,2015-11-29 12:00,518.9921803511278
,2015-11-29 13:00,457.79253653785537
,2015-11-29 14:00,337.1361374228087
,2015-11-29 15:00,171.98781598429966
,2015-11-29 16:00,0.0
,2015-11-29 17:00,0.0
,2015-11-29 18:00,0.0
,2015-11-29 19:00,0.0
,2015-11-29 20:00,0.0
,2015-11-29 21:00,0.0
,2015-11-29 22:00,0.0
,2015-11-29 23:00,0.0
,2015-11-30 00:00,0.0
,2015-11-30 01:00,0.0
,2015-11-30 02:00,0.0
,2015-11-30 03:00,0.0
,2015-11-30 04:00,0.0
,2015-11-30 05:00,0.0
,2015-11-30 06:00,0.0
,2015-11-30 07:00,10.921274081624935
,2015-11-30 08:00,153.58243745725653
,2015-11-30 09:00,317.76403867835256
,2015-11-30 10:00,443.1361623258563
,2015-11-30 11:00,511.0498853232122
,2015-11-30 12:00,514.618536081386
,2015-11-30 13:00,452.8719139224207
,2015-11-30 14:00,332.8687768042343
,2015-11-30 15:00,168.6562476016862
,2015-11-30 16:00,0.0
,2015-11-30 17:00,0.0
,2015-11-30 18:00,0.0
,2015-11-30 19:00,0.0
,2015-11-30 20:00,0.0
,2015-11-30 21:00,0.0
,2015-11-30 22:00,0.0
,2015-11-30 23:00,0.0
,2015-12-01 00:00,0.0
,2015-12-01 01:00,0.0
,2015-12-01 02:00,0.0
,2015-12-01 03:00,0.0
,2015-12-01 04:00,0.0
,2015-12-01 05:00,0.0
,2015-12-01 06:00,0.0
,2015-12-01 07:00,10.71372993573016
,2015-12-01 08:00,151.63484687906654
,2015-12-01 09:00,316.04808485289954
,2015-12-01 10:00,440.616625958212
,2015-12-01 11:00,509.1328156057756
,2015-12-01 12:00,512.6715038501844
,2015-12-01 13:00,451.2050425109875
,2015-12-01 14:00,331.0338636318452
,2015-12-01 15:00,166.78165317611206
,2015-12-01 16:00,0.0
,2015-12-01 17:00,0.0
,2015-12-01 18:00,0.0
,2015-12-01 19:00,0.0
,2015-12-01 20:00,0.0
,2015-12-01 21:00,0.0
,2015-12-01 22:00,0.0
,2015-12-01 23:00,0.0
,2015-12-02 00:00,0.0
,2015-12-02 01:00,0.0
,2015-12-02 02:00,0.0
,2015-12-02 03:00,0.0
,2015-12-02 04:00,0.0
,2015-12-02 05:00,0.0
,2015-12-02 06:00,0.0
,2015-12-02 07:00,0.0
,2015-12-02 08:00,149.53324830366407
,2015-12-02 09:00,313.58719404953223
,2015-12-02 10:00,438.0262306729952
,2015-12-02 11:00,506.3756052498817
,2015-12-02 12:00,510.4948057765291
,2015-12-02 13:00,449.41677364286187
,2015-12-02 14:00,329.3556240245882
,2015-12-02 15:00,165.05985652659044
,2015-12-02 16:00,0.0
,2015-12-02 17:00,0.0
,2015-12-02 18:00,0.0
,2015-12-02 19:00,0.0
,2015-12-02 20:00,0.0
,2015-12-02 21:00,0.0
,2015-12-02 22:00,0.0
,2015-12-02 23:00,0.0
,2015-12-03 00:00,0.0
,2015-12-03 01:00,0.0
,2015-12-03 02:00,0.0
,2015-12-03 03:00,0.0
,2015-12-03 04:00,0.0
,2015-12-03 05:00,0.0
,2015-12-03 06:00,0.0
,2015-12-03 07:00,10.88956400748283
,2015-12-03 08:00,147.16725459624962
,2015-12-03 09:00,310.28384665326143
,2015-12-03 10:00,434.54684961942957
,2015-12-03 11:00,502.3081378406104
,2015-12-03 12:00,506.8384857166034
,2015-12-03 13:00,446.00041192147995
,2015-12-03 14:00,326.1668187814082
,2015-12-03 15:00,162.31951411162447
,2015-12-03 16:00,0.0
,2015-12-03 17:00,0.0
,2015-12-03 18:00,0.0
,2015-12-03 19:00,0.0
,2015-12-03 20:00,0.0
,2015-12-03 21:00,0.0
,2015-12-03 22:00,0.0
,2015-12-03 23:00,0.0
,2015-12-04 00:00,0.0
,2015-12-04 01:00,0.0
,2015-12-04 02:00,0.0
,2015-12-04 03:00,0.0
,2015-12-04 04:00,0.0
,2015-12-04 05:00,0.0
,2015-12-04 06:00,0.0
,2015-12-04 07:00,11.493058894182374
,2015-12-04 08:00,145.62120241806093
,2015-12-04 09:00,309.25264055791723
,2015-12-04 10:00,433.5999450359262
,2015-12-04 11:00,502.10876390723314
,2015-12-04 12:00,505.6764093924826
,2015-12-04 13:00,445.0423159150271
,2015-12-04 14:00,324.8770714316361
,2015-12-04 15:00,161.06143720054013
,2015-12-04 16:00,0.0
,2015-12-04 17:00,0.0
,2015-12-04 18:00,0.0
,2015-12-04 19:00,0.0
,2015-12-04 20:00,0.0
,2015-12-04 21:00,0.0
,2015-12-04 22:00,0.0
,2015-12-04 23:00,0.0
,2015-12-05 00:00,0.0
,2015-12-05 01:00,0.0
,2015-12-05 02:00,0.0
,2015-12-05 03:00,0.0
,2015-12-05 04:00,0.0
,2015-12-05 05:00,0.0
,2015-12-05 06:00,0.0
,2015-12-05 07:00,12.504496453806654
,2015-12-05 08:00,143.9257078070355
,2015-12-05 09:00,306.66021475257077
,2015-12-05 10:00,431.22002948265924
,2015-12-05 11:00,499.0376781838381
,2015-12-05 12:00,503.5386995432301
,2015-12-05 13:00,442.19184024353416
,2015-12-05 14:00,322.4484840204881
,2015-12-05 15:00,158.87201268935587
,2015-12-05 16:00,0.0
,2015-12-05 17:00,0.0
,2015-12-05 18:00,0.0
,2015-12-05 19:00,0.0
,2015-12-05 20:00,0.0
,2015-12-05 21:00,0.0
,2015-12-05 22:00,0.0
,2015-12-05 23:00,0.0
,2015-12-06 00:00,0.0
,2015-12-06 01:00,0.0
,2015-12-06 02:00,0.0
,2015-12-06 03:00,0.0
,2015-12-06 04:00,0.0
,2015-12-06 05:00,0.0
,2015-12-06 06:00,0.0
,2015-12-06 07:00,14.255415120682988
,2015-12-06 08:00,142.06868281644188
,2015-12-06 09:00,304.4967882306431
,2015-12-06 10:00,428.7200496694184
,2015-12-06 11:00,497.0429072343993
,2015-12-06 12:00,500.3189559705459
,2015-12-06 13:00,439.4972792019282
,2015-12-06 14:00,320.21584015324476
,2015-12-06 15:00,157.009297971003
,2015-12-06 16:00,0.0
,2015-12-06 17:00,0.0
,2015-12-06 18:00,0.0
,2015-12-06 19:00,0.0
,2015-12-06 20:00,0.0
,2015-12-06 21:00,0.0
,2015-12-06 22:00,0.0
,2015-12-06 23:00,0.0
,2015-12-07 00:00,0.0
,2015-12-07 01:00,0.0
,2015-12-07 02:00,0.0
,2015-12-07 03:00,0.0
,2015-12-07 04:00,0.0
,2015-12-07 05:00,0.0
,2015-12-07 06:00,0.0
,2015-12-07 07:00,17.15536470492232
,2015-12-07 08:00,140.58458660553526
,2015-12-07 09:00,302.9000226703554
,2015-12-07 10:00,427.4269294975687
,2015-12-07 11:00,495.09561857922944
,2015-12-07 12:00,499.1405703236703
,2015-12-07 13:00,438.34103460634094
,2015-12-07 14:00,318.59456962959774
,2015-12-07 15:00,155.3834541944348
,2015-12-07 16:00,0.0
,2015-12-07 17:00,0.0
,2015-12-07 18:00,0.0
,2015-12-07 19:00,0.0
,2015-12-07 20:00,0.0
,2015-12-07 21:00,0.0
,2015-12-07 22:00,0.0
,2015-12-07 23:00,0.0
,2015-12-08 00:00,0.0
,2015-12-08 01:00,0.0
,2015-12-08 02:00,0.0
,2015-12-08 03:00,0.0
,2015-12-08 04:00,0.0
,2015-12-08 05:00,0.0
,2015-12-08 06:00,0.0
,2015-12-08 07:00,0.0
,2015-12-08 08:00,139.2531046063729
,2015-12-08 09:00,301.70979552904106
,2015-12-08 10:00,426.1628527699406
,2015-12-08 11:00,493.85189763055655
,2015-12-08 12:00,497.5428363570956
,2015-12-08 13:00,436.6531871055642
,2015-12-08 14:00,317.08399915460683
,2015-12-08 15:00,153.99436912383212
,2015-12-08 16:00,0.0
,2015-12-08 17:00,0.0
,2015-12-08 18:00,0.0
,2015-12-08 19:00,0.0
,2015-12-08 20:00,0.0
,2015-12-08 21:00,0.0
,2015-12-08 22:00,0.0
,2015-12-08 23:00,0.0
,2015-12-09 00:00,0.0
,2015-12-09 01:00,0.0
,2015-12-09 02:00,0.0
,2015-12-09 03:00,0.0
,2015-12-09 04:00,0.0
,2015-12-09 05:00,0.0
,2015-12-09 06:00,0.0
,2015-12-09 07:00,0.0
,2015-12-09 08:00,137.6351150822135
,2015-12-09 09:00,299.44901301854827
,2015-12-09 10:00,423.3878095490188
,2015-12-09 11:00,491.2426774113495
,2015-12-09 12:00,495.1756675516939
,2015-12-09 13:00,434.2993549697387
,2015-12-09 14:00,315.01273515077963
,2015-12-09 15:00,152.4150986355316
,2015-12-09 16:00,0.0
,2015-12-09 17:00,0.0
,2015-12-09 18:00,0.0
,2015-12-09 19:00,0.0
,2015-12-09 20:00,0.0
,2015-12-09 21:00,0.0
,2015-12-09 22:00,0.0
,2015-12-09 23:00,0.0
,2015-12-10 00:00,0.0
,2015-12-10 01:00,0.0
,2015-12-10 02:00,0.0
,2015-12-10 03:00,0.0
,2015-12-10 04:00,0.0
,2015-12-10 05:00,0.0
,2015-12-10 06:00,0.0
,2015-12-10 07:00,0.0
,2015-12-10 08:00,136.50349063130287
,2015-12-10 09:00,298.75725333038656
,2015-12-10 10:00,423.05443500381057
,2015-12-10 11:00,490.82499874015645
,2015-12-10 12:00,494.3342838152283
,2015-12-10 13:00,433.889451779095
,2015-12-10 14:00,314.413970400563
,2015-12-10 15:00,151.48404435349067
,2015-12-10 16:00,0.0
,2015-12-10 17:00,0.0
,2015-12-10 18:00,0.0
,2015-12-10 19:00,0.0
,2015-12-10 20:00,0.0
,2015-12-10 21:00,0.0
,2015-12-10 22:00,0.0
,2015-12-10 23:00,0.0
,2015-12-11 00:00,0.0
,2015-12-11 01:00,0.0
,2015-12-11 02:00,0.0
,2015-12-11 03:00,0.0
,2015-12-11 04:00,0.0
,2015-12-11 05:00,0.0
,2015-12-11 06:00,0.0
,2015-12-11 07:00,0.0
,2015-12-11 08:00,135.4328368968904
,2015-12-11 09:00,297.56158582307125
,2015-12-11 10:00,421.64157447786323
,2015-12-11 11:00,489.4371313545124
,2015-12-11 12:00,493.9268659603719
,2015-12-11 13:00,433.47403641996533
,2015-12-11 14:00,313.2712506641873
,2015-12-11 15:00,150.16678975066722
,2015-12-11 16:00,0.0
,2015-12-11 17:00,0.0
,2015-12-11 18:00,0.0
,2015-12-11 19:00,0.0
,2015-12-11 20:00,0.0
,2015-12-11 21:00,0.0
,2015-12-11 22:00,0.0
,2015-12-11 23:00,0.0
,2015-12-12 00:00,0.0
,2015-12-12 01:00,0.0
,2015-12-12 02:00,0.0
,2015-12-12 03:00,0.0
,2015-12-12 04:00,0.0
,2015-12-12 05:00,0.0
,2015-12-12 06:00,0.0
,2015-12-12 07:00,0.0
,2015-12-12 08:00,134.0737060412726
,2015-12-12 09:00,295.1333251141562
,2015-12-12 10:00,418.08992796409575
,2015-12-12 11:00,486.0147306276169
,2015-12-12 12:00,489.8693799095135
,2015-12-12 13:00,428.83087290823624
,2015-12-12 14:00,310.2294241581822
,2015-12-12 15:00,148.37605559176464
,2015-12-12 16:00,0.0
,2015-12-12 17:00,0.0
,2015-12-12 18:00,0.0
,2015-12-12 19:00,0.0
,2015-12-12 20:00,0.0
,2015-12-12 21:00,0.0
,2015-12-12 22:00,0.0
,2015-12-12 23:00,0.0
,2015-12-13 00:00,0.0
,2015-12-13 01:00,0.0
,2015-12-13 02:00,0.0
,2015-12-13 03:00,0.0
,2015-12-13 04:00,0.0
,2015-12-13 05:00,0.0
,2015-12-13 06:00,0.0
,2015-12-13 07:00,319.95439963887566
,2015-12-13 08:00,133.1035502179973
,2015-12-13 09:00,294.17208772107125
,2015-12-13 10:00,417.69057144252844
,2015-12-13 11:00,484.9577945728164
,2015-12-13 12:00,488.8578123192865
,2015-12-13 13:00,428.2055617074393
,2015-12-13 14:00,309.19550274096423
,2015-12-13 15:00,147.37002334703075
,2015-12-13 16:00,0.0
,2015-12-13 17:00,0.0
,2015-12-13 18:00,0.0
,2015-12-13 19:00,0.0
,2015-12-13 20:00,0.0
,2015-12-13 21:00,0.0
,2015-12-13 22:00,0.0
,2015-12-13 23:00,0.0
,2015-12-14 00:00,0.0
,2015-12-14 01:00,0.0
,2015-12-14 02:00,0.0
,2015-12-14 03:00,0.0
,2015-12-14 04:00,0.0
,2015-12-14 05:00,0.0
,2015-12-14 06:00,0.0
,2015-12-14 07:00,742.5479391930509
,2015-12-14 08:00,132.4087866349119
,2015-12-14 09:00,293.01729896136146
,2015-12-14 10:00,416.74311765566466
,2015-12-14 11:00,484.8967367551039
,2015-12-14 12:00,488.4769331946059
,2015-12-14 13:00,427.5181063714535
,2015-12-14 14:00,308.80243024901415
,2015-12-14 15:00,146.90697916720777
,2015-12-14 16:00,0.0
,2015-12-14 17:00,0.0
,2015-12-14 18:00,0.0
,2015-12-14 19:00,0.0
,2015-12-14 20:00,0.0
,2015-12-14 21:00,0.0
,2015-12-14 22:00,0.0
,2015-12-14 23:00,0.0
,2015-12-15 00:00,0.0
,2015-12-15 01:00,0.0
,2015-12-15 02:00,0.0
,2015-12-15 03:00,0.0
,2015-12-15 04:00,0.0
,2015-12-15 05:00,0.0
,2015-12-15 06:00,0.0
,2015-12-15 07:00,0.0
,2015-12-15 08:00,131.3734465031445
,2015-12-15 09:00,292.2045386777563
,2015-12-15 10:00,415.08886359379875
,2015-12-15 11:00,482.61975414986875
,2015-12-15 12:00,486.7723235963466
,2015-12-15 13:00,426.139742824547
,2015-12-15 14:00,307.42345743103147
,2015-12-15 15:00,145.696364698044
,2015-12-15 16:00,0.0
,2015-12-15 17:00,0.0
,2015-12-15 18:00,0.0
,2015-12-15 19:00,0.0
,2015-12-15 20:00,0.0
,2015-12-15 21:00,0.0
,2015-12-15 22:00,0.0
,2015-12-15 23:00,0.0
,2015-12-16 00:00,0.0

